0 0.24140625 0.42265625 0.0375 0.0203125
0 0.22265625 0.43828125 0.0375 0.01875
0 0.20625 0.46015625 0.0375 0.01875
0 0.1671875 0.4578125 0.0375 0.01875
0 0.14609375 0.46796875 0.0375 0.01875
0 0.1828125 0.471875 0.0375 0.01875
0 0.153125 0.49296875 0.0375 0.01875
0 0.14453125 0.5078125 0.0375 0.015625
0 0.13671875 0.52265625 0.0359375 0.01875
0 0.17265625 0.521875 0.034375 0.015625
0 0.2015625 0.5046875 0.0375 0.01875
0 0.18125 0.50546875 0.0328125 0.0171875
0 0.209375 0.515625 0.0359375 0.015625
0 0.1984375 0.528125 0.034375 0.015625
0 0.1703125 0.54765625 0.0390625 0.01875
0 0.26015625 0.440625 0.0375 0.0171875
0 0.24296875 0.45859375 0.0375 0.0171875
0 0.278125 0.42421875 0.034375 0.01875
0 0.31484375 0.421875 0.034375 0.01875
0 0.29765625 0.43671875 0.034375 0.01875
0 0.35078125 0.42421875 0.034375 0.01875
0 0.33203125 0.43984375 0.034375 0.01875
0 0.38984375 0.4265625 0.0359375 0.0171875
0 0.36875 0.440625 0.034375 0.015625
0 0.40625 0.4421875 0.0359375 0.01875
0 0.4359375 0.4328125 0.034375 0.01875
0 0.4734375 0.4296875 0.034375 0.01875
0 0.51796875 0.43984375 0.034375 0.01875
0 0.2828125 0.45859375 0.034375 0.01875
0 0.3171875 0.45703125 0.034375 0.01875
0 0.35234375 0.45625 0.034375 0.0171875
0 0.38984375 0.4578125 0.034375 0.0171875
0 0.425 0.45546875 0.03125 0.01875
0 0.45546875 0.446875 0.034375 0.01875
0 0.48671875 0.44765625 0.03125 0.015625
0 0.5328125 0.45390625 0.0328125 0.0171875
0 0.54140625 0.465625 0.03125 0.015625
0 0.5046875 0.4640625 0.03125 0.015625
0 0.46484375 0.4625 0.03125 0.0171875
0 0.4375 0.471875 0.0328125 0.015625
0 0.403125 0.471875 0.03125 0.015625
0 0.371875 0.4765625 0.03125 0.01875
0 0.3359375 0.4734375 0.034375 0.01875
0 0.29921875 0.47265625 0.0359375 0.01875
0 0.2625 0.47265625 0.034375 0.0171875
0 0.22421875 0.475 0.0375 0.01875
0 0.559375 0.4828125 0.03125 0.0171875
0 0.51640625 0.47734375 0.034375 0.015625
0 0.4828125 0.478125 0.03125 0.0171875
0 0.49453125 0.48984375 0.034375 0.015625
0 0.453125 0.4859375 0.03125 0.015625
0 0.42109375 0.4890625 0.03125 0.0171875
0 0.38671875 0.48828125 0.034375 0.0171875
0 0.35234375 0.48984375 0.034375 0.015625
0 0.31640625 0.484375 0.0328125 0.01875
0 0.28203125 0.48828125 0.034375 0.0171875
0 0.24609375 0.48984375 0.0359375 0.01875
0 0.56875 0.4984375 0.03125 0.015625
0 0.53359375 0.496875 0.034375 0.015625
0 0.5453125 0.509375 0.03125 0.015625
0 0.5109375 0.50703125 0.03125 0.015625
0 0.46875 0.503125 0.03125 0.015625
0 0.4390625 0.50546875 0.03125 0.0171875
0 0.40390625 0.503125 0.034375 0.015625
0 0.371875 0.50625 0.034375 0.015625
0 0.3359375 0.50625 0.034375 0.015625
0 0.30078125 0.50234375 0.0375 0.01875
0 0.2625 0.50078125 0.034375 0.0140625
0 0.2296875 0.503125 0.03125 0.015625
0 0.24609375 0.5125 0.034375 0.015625
0 0.28125 0.51484375 0.0359375 0.015625
0 0.31640625 0.5171875 0.034375 0.0171875
0 0.35078125 0.51796875 0.034375 0.015625
0 0.3875 0.5203125 0.0328125 0.015625
0 0.41953125 0.5203125 0.0328125 0.015625
0 0.45234375 0.51953125 0.0328125 0.015625
0 0.4890625 0.5203125 0.034375 0.0171875
0 0.5234375 0.521875 0.0328125 0.015625
0 0.55625 0.52265625 0.0328125 0.015625
0 0.534375 0.5328125 0.03125 0.015625
0 0.49609375 0.53046875 0.028125 0.015625
0 0.46796875 0.534375 0.03125 0.015625
0 0.43515625 0.53359375 0.034375 0.015625
0 0.4 0.5328125 0.03125 0.015625
0 0.3671875 0.5328125 0.03125 0.015625
0 0.334375 0.5328125 0.0328125 0.0171875
0 0.30078125 0.5328125 0.034375 0.015625
0 0.26640625 0.53125 0.034375 0.015625
0 0.2359375 0.546875 0.0359375 0.015625
0 0.2109375 0.5515625 0.034375 0.01875
0 0.28125 0.54921875 0.034375 0.0171875
0 0.3140625 0.55 0.034375 0.01875
0 0.3484375 0.54921875 0.0328125 0.015625
0 0.38203125 0.546875 0.034375 0.0171875
0 0.4171875 0.55 0.034375 0.01875
0 0.51328125 0.54609375 0.0328125 0.0171875
0 0.48125 0.54765625 0.03125 0.01875
0 0.45078125 0.55 0.0328125 0.0171875
0 0.26953125 0.6015625 0.034375 0.015625
0 0.24765625 0.6109375 0.034375 0.015625
0 0.22734375 0.63125 0.034375 0.015625
0 0.20390625 0.64921875 0.0359375 0.015625
0 0.19921875 0.66484375 0.0375 0.015625
0 0.1828125 0.678125 0.0359375 0.015625
0 0.20078125 0.69140625 0.0375 0.0140625
0 0.18515625 0.703125 0.034375 0.015625
0 0.20078125 0.71640625 0.034375 0.0171875
0 0.3078125 0.60625 0.034375 0.015625
0 0.28828125 0.61640625 0.0375 0.015625
0 0.321875 0.61953125 0.0390625 0.015625
0 0.35234375 0.6 0.0375 0.015625
0 0.35390625 0.61171875 0.0390625 0.015625
0 0.26484375 0.62734375 0.0359375 0.0140625
0 0.24765625 0.646875 0.0328125 0.015625
0 0.2328125 0.66171875 0.034375 0.015625
0 0.26640625 0.6578125 0.034375 0.015625
0 0.2796875 0.640625 0.034375 0.015625
0 0.303125 0.63046875 0.034375 0.015625
0 0.3140625 0.640625 0.034375 0.015625
0 0.33828125 0.6328125 0.034375 0.015625
0 0.2171875 0.67734375 0.034375 0.015625
0 0.215625 0.69921875 0.03125 0.0140625
0 0.23203125 0.68828125 0.0375 0.015625
0 0.24765625 0.67421875 0.034375 0.015625
0 0.28125 0.6734375 0.0328125 0.0140625
0 0.26640625 0.6875 0.034375 0.015625
0 0.24921875 0.7015625 0.034375 0.015625
0 0.23359375 0.7140625 0.03125 0.0140625
0 0.265625 0.71015625 0.03125 0.0140625
0 0.28203125 0.69921875 0.03125 0.0125
0 0.29921875 0.6578125 0.03125 0.015625
0 0.33203125 0.6515625 0.03125 0.015625
0 0.375 0.63203125 0.03125 0.0140625
0 0.35390625 0.6421875 0.03125 0.015625
0 0.38984375 0.64609375 0.03125 0.0140625
0 0.36875 0.65390625 0.03125 0.0140625
0 0.3484375 0.665625 0.03125 0.0125
0 0.31640625 0.66875 0.03125 0.0140625
0 0.29765625 0.68046875 0.03125 0.0140625
0 0.33203125 0.68125 0.03125 0.0140625
0 0.31484375 0.6921875 0.03125 0.0125
0 0.29921875 0.7078125 0.0296875 0.015625
0 0.34765625 0.69453125 0.03125 0.0140625
0 0.32890625 0.7046875 0.03125 0.0125
0 0.36171875 0.6765625 0.03125 0.0140625
0 0.38671875 0.6109375 0.03125 0.015625
0 0.40234375 0.59765625 0.03125 0.015625
0 0.43828125 0.60234375 0.0296875 0.0140625
0 0.41875 0.6109375 0.028125 0.0140625
0 0.4 0.621875 0.0296875 0.015625
0 0.41484375 0.63359375 0.025 0.015625
0 0.4390625 0.628125 0.0296875 0.0140625
0 0.4453125 0.6359375 0.0296875 0.0125
0 0.46015625 0.6484375 0.03125 0.015625
0 0.41484375 0.6640625 0.0296875 0.0125
0 0.37890625 0.6609375 0.0296875 0.0125
0 0.4015625 0.6515625 0.028125 0.0140625
0 0.37734375 0.6890625 0.0296875 0.015625
0 0.390625 0.703125 0.0296875 0.0125
0 0.3578125 0.7015625 0.03125 0.0125
0 0.39453125 0.67265625 0.03125 0.0140625
0 0.4265625 0.6765625 0.03125 0.0125
0 0.4078125 0.68984375 0.03125 0.0140625
0 0.42265625 0.696875 0.0296875 0.015625
0 0.44375 0.6890625 0.025 0.0125
0 0.45625 0.69921875 0.0296875 0.0125
0 0.471875 0.68515625 0.028125 0.0125
0 0.44453125 0.66328125 0.0328125 0.015625
0 0.4578125 0.67265625 0.03125 0.0125
0 0.4828125 0.69296875 0.0265625 0.0125
0 0.49921875 0.6828125 0.028125 0.0125
0 0.5109375 0.69296875 0.0265625 0.0125
0 0.54140625 0.69140625 0.028125 0.0125
0 0.44765625 0.60625 0.03125 0.015625
0 0.52578125 0.68046875 0.0265625 0.0125
0 0.51328125 0.66640625 0.0265625 0.0125
0 0.4859375 0.67109375 0.03125 0.0125
0 0.47421875 0.66015625 0.03125 0.0125
0 0.465625 0.62109375 0.03125 0.015625
0 0.4734375 0.63046875 0.03125 0.015625
0 0.49140625 0.64765625 0.03125 0.015625
0 0.49140625 0.61015625 0.03125 0.0140625
0 0.5 0.6234375 0.0265625 0.015625
0 0.51171875 0.6328125 0.03125 0.0125
0 0.528125 0.65 0.03125 0.0140625
0 0.53984375 0.66015625 0.028125 0.0140625
0 0.55234375 0.671875 0.028125 0.0125
0 0.5625 0.67890625 0.025 0.0125
0 0.53203125 0.62578125 0.0296875 0.0140625
0 0.546875 0.63984375 0.028125 0.0125
0 0.5578125 0.64609375 0.028125 0.0125
0 0.5671875 0.6578125 0.028125 0.0125
0 0.58125 0.66875 0.028125 0.0125
0 0.58984375 0.64765625 0.028125 0.0140625
0 0.5796875 0.63515625 0.028125 0.0125
0 0.56484375 0.6234375 0.028125 0.0140625
0 0.95703125 0.55390625 0.028125 0.0171875
0 0.9359375 0.56796875 0.028125 0.0140625
0 0.91484375 0.5734375 0.021875 0.0125
0 0.92578125 0.5875 0.028125 0.015625
0 0.9546875 0.5796875 0.028125 0.0140625
0 0.97578125 0.56875 0.0265625 0.0125
0 0.9828125 0.5546875 0.0265625 0.0140625
0 0.9859375 0.5703125 0.025 0.0140625
0 0.9546875 0.58828125 0.028125 0.0125
0 0.94375 0.603125 0.028125 0.015625
0 0.9421875 0.61171875 0.028125 0.009375
0 0.9640625 0.59921875 0.025 0.0125
0 0.98828125 0.584375 0.0234375 0.0140625
0 0.9890625 0.5953125 0.021875 0.0125
0 0.99140625 0.60859375 0.0140625 0.0125
0 0.97578125 0.61796875 0.0234375 0.015625
0 0.9546875 0.63046875 0.028125 0.0125
0 0.975 0.62890625 0.028125 0.015625
0 0.97734375 0.65078125 0.021875 0.0125
0 0.98203125 0.65546875 0.0265625 0.0109375
0 0.98046875 0.640625 0.0234375 0.009375
0 0.86015625 0.39921875 0.028125 0.015625
0 0.8125 0.3984375 0.028125 0.015625
0 0.78203125 0.39921875 0.028125 0.015625
0 0.71875 0.4015625 0.028125 0.015625
0 0.671875 0.40859375 0.03125 0.015625
0 0.63671875 0.41640625 0.03125 0.015625
0 0.6078125 0.43671875 0.03125 0.015625
0 0.63203125 0.4328125 0.028125 0.01875
0 0.6015625 0.45234375 0.03125 0.015625
0 0.58046875 0.4640625 0.028125 0.015625
0 0.58671875 0.48046875 0.028125 0.0140625
0 0.5953125 0.49453125 0.0265625 0.015625
0 0.59921875 0.5046875 0.025 0.0140625
0 0.61015625 0.46484375 0.028125 0.015625
0 0.61171875 0.478125 0.025 0.015625
0 0.621875 0.4921875 0.028125 0.015625
0 0.62734375 0.5125 0.0265625 0.0140625
0 0.64921875 0.509375 0.025 0.0125
0 0.6421875 0.4984375 0.0296875 0.015625
0 0.63828125 0.47890625 0.028125 0.0125
0 0.64453125 0.46953125 0.0296875 0.015625
0 0.63046875 0.453125 0.03125 0.015625
0 0.878125 0.40390625 0.0265625 0.0140625
0 0.81640625 0.41328125 0.0234375 0.0140625
0 0.79765625 0.4140625 0.028125 0.015625
0 0.7671875 0.41484375 0.028125 0.015625
0 0.73671875 0.4109375 0.028125 0.0171875
0 0.7 0.41484375 0.028125 0.015625
0 0.68125 0.42890625 0.0265625 0.015625
0 0.66015625 0.425 0.028125 0.015625
0 0.6625 0.44453125 0.03125 0.015625
0 0.66796875 0.45546875 0.028125 0.015625
0 0.7 0.43984375 0.028125 0.015625
0 0.71640625 0.425 0.028125 0.015625
0 0.74140625 0.42578125 0.03125 0.0171875
0 0.7296875 0.4421875 0.028125 0.015625
0 0.728125 0.4578125 0.028125 0.015625
0 0.69375 0.45625 0.028125 0.015625
0 0.859375 0.415625 0.0265625 0.015625
0 0.83984375 0.428125 0.025 0.015625
0 0.81171875 0.428125 0.028125 0.015625
0 0.7796875 0.43203125 0.025 0.015625
0 0.7703125 0.4265625 0.028125 0.0125
0 0.89375 0.41875 0.025 0.015625
0 0.86875 0.4296875 0.025 0.0140625
0 0.75 0.43828125 0.0234375 0.015625
0 0.7703125 0.44921875 0.0296875 0.015625
0 0.75078125 0.4609375 0.028125 0.015625
0 0.6703125 0.46953125 0.0265625 0.015625
0 0.690625 0.46875 0.021875 0.0125
0 0.7234375 0.47421875 0.028125 0.0140625
0 0.74765625 0.478125 0.0265625 0.015625
0 0.78203125 0.46328125 0.028125 0.015625
0 0.79375 0.4875 0.025 0.015625
0 0.81640625 0.49140625 0.025 0.0140625
0 0.81484375 0.5109375 0.025 0.0140625
0 0.69375 0.48359375 0.028125 0.015625
0 0.665625 0.48671875 0.028125 0.0171875
0 0.67109375 0.4984375 0.028125 0.0140625
0 0.9046875 0.428125 0.028125 0.015625
0 0.92265625 0.440625 0.025 0.015625
0 0.93046875 0.45234375 0.025 0.015625
0 0.91328125 0.46484375 0.0265625 0.015625
0 0.8984375 0.45234375 0.0265625 0.015625
0 0.884375 0.44140625 0.0265625 0.015625
0 0.8546875 0.44375 0.028125 0.015625
0 0.85703125 0.45234375 0.025 0.0125
0 0.8765625 0.4640625 0.025 0.015625
0 0.88984375 0.4765625 0.0265625 0.0140625
0 0.85625 0.47578125 0.025 0.0140625
0 0.865625 0.4859375 0.025 0.0125
0 0.89921875 0.490625 0.028125 0.015625
0 0.915625 0.478125 0.0265625 0.015625
0 0.8203125 0.43984375 0.0265625 0.015625
0 0.80078125 0.44921875 0.028125 0.0140625
0 0.80546875 0.46015625 0.0265625 0.015625
0 0.8296875 0.45390625 0.028125 0.015625
0 0.83671875 0.4625 0.028125 0.015625
0 0.81953125 0.47109375 0.025 0.015625
0 0.79609375 0.47421875 0.025 0.0125
0 0.75625 0.48984375 0.028125 0.0140625
0 0.76875 0.503125 0.028125 0.015625
0 0.775 0.51640625 0.025 0.0140625
0 0.72734375 0.48984375 0.025 0.015625
0 0.71953125 0.5015625 0.025 0.0125
0 0.69609375 0.5 0.0265625 0.015625
0 0.7484375 0.50859375 0.0265625 0.0140625
0 0.7484375 0.5171875 0.025 0.0125
0 0.83125 0.484375 0.025 0.0125
0 0.84609375 0.49609375 0.025 0.0140625
0 0.87734375 0.5015625 0.0265625 0.0140625
0 0.84609375 0.50703125 0.025 0.0125
0 0.721875 0.51640625 0.025 0.015625
0 0.69765625 0.5125 0.025 0.0140625
0 0.675 0.5171875 0.025 0.0140625
0 0.91796875 0.646875 0.021875 0.0125
0 0.9109375 0.6375 0.021875 0.0125
0 0.8921875 0.64140625 0.025 0.0125
0 0.8984375 0.65234375 0.025 0.0125
0 0.8796875 0.66484375 0.025 0.0125
0 0.9 0.61640625 0.025 0.0125
0 0.89140625 0.6046875 0.021875 0.0125
0 0.88125 0.59140625 0.021875 0.0125
0 0.86484375 0.59453125 0.025 0.0125
0 0.86875 0.60703125 0.025 0.0125
0 0.87265625 0.61640625 0.025 0.0125
0 0.88125 0.62734375 0.025 0.0125
0 0.86953125 0.653125 0.025 0.009375
0 0.86796875 0.64609375 0.025 0.0125
0 0.85625 0.6328125 0.021875 0.0125
0 0.8515625 0.62421875 0.025 0.0125
0 0.84296875 0.61171875 0.025 0.0140625
0 0.83515625 0.6 0.025 0.0125
0 0.82890625 0.58828125 0.025 0.0125
0 0.7921875 0.575 0.0234375 0.0125
0 0.803125 0.5890625 0.025 0.0125
0 0.7875 0.5953125 0.028125 0.0125
0 0.78828125 0.603125 0.025 0.0125
0 0.796875 0.6140625 0.0234375 0.0125
0 0.80390625 0.625 0.0234375 0.0125
0 0.8078125 0.5984375 0.0234375 0.0125
0 0.81640625 0.6109375 0.021875 0.0125
0 0.828125 0.625 0.025 0.0125
0 0.8359375 0.6359375 0.025 0.0125
0 0.84296875 0.64609375 0.025 0.0125
0 0.8453125 0.6546875 0.0234375 0.0125
0 0.8515625 0.66328125 0.0234375 0.0109375
0 0.834375 0.66796875 0.021875 0.0125
0 0.81171875 0.66953125 0.01875 0.0125
0 0.78671875 0.66953125 0.025 0.0125
0 0.7609375 0.66953125 0.025 0.0125
0 0.73671875 0.6703125 0.025 0.0125
0 0.7109375 0.66953125 0.025 0.0125
0 0.68671875 0.67109375 0.0234375 0.0125
0 0.66328125 0.671875 0.025 0.0125
0 0.61015625 0.65078125 0.025 0.0125
0 0.6046875 0.63984375 0.021875 0.0109375
0 0.61171875 0.61796875 0.025 0.0125
0 0.6203125 0.6296875 0.028125 0.0125
0 0.6265625 0.63828125 0.025 0.0125
0 0.6421875 0.653125 0.025 0.0140625
0 0.62734375 0.665625 0.025 0.0125
0 0.65 0.66171875 0.0234375 0.0125
0 0.6671875 0.65 0.025 0.0125
0 0.659375 0.64140625 0.0265625 0.0125
0 0.65 0.63046875 0.025 0.0125
0 0.6390625 0.61796875 0.028125 0.0125
0 0.62890625 0.60625 0.0265625 0.0125
0 0.65078125 0.5984375 0.025 0.0125
0 0.66015625 0.578125 0.0265625 0.0125
0 0.6671875 0.5890625 0.025 0.0125
0 0.6546875 0.60625 0.0265625 0.015625
0 0.6640625 0.615625 0.025 0.015625
0 0.67265625 0.6265625 0.025 0.0125
0 0.684375 0.6390625 0.0234375 0.0140625
0 0.6953125 0.65 0.025 0.0125
0 0.67578125 0.66015625 0.025 0.0125
0 0.7015625 0.65859375 0.021875 0.0125
0 0.72265625 0.65 0.025 0.0125
0 0.725 0.6578125 0.028125 0.0109375
0 0.68671875 0.578125 0.0265625 0.0125
0 0.69921875 0.59296875 0.028125 0.0125
0 0.6796875 0.60234375 0.025 0.0125
0 0.69296875 0.6171875 0.025 0.0140625
0 0.69921875 0.62578125 0.0265625 0.0125
0 0.8015625 0.65703125 0.021875 0.0125
0 0.77578125 0.65625 0.021875 0.0125
0 0.75625 0.6609375 0.0234375 0.0125
0 0.74453125 0.6484375 0.0234375 0.0125
0 0.71484375 0.63984375 0.025 0.0125
0 0.7078125 0.60390625 0.0265625 0.0125
0 0.71875 0.61484375 0.025 0.0125
0 0.73046875 0.62734375 0.0265625 0.0125
0 0.73515625 0.63671875 0.0234375 0.0109375
0 0.7609375 0.63671875 0.025 0.0125
0 0.7671875 0.646875 0.025 0.0109375
0 0.79375 0.646875 0.028125 0.0125
0 0.81875 0.6453125 0.021875 0.0125
0 0.821875 0.653125 0.025 0.0125
0 0.7765625 0.6234375 0.025 0.015625
0 0.75546875 0.6265625 0.025 0.0125
0 0.74140625 0.6109375 0.025 0.0125
0 0.734375 0.603125 0.025 0.0125
0 0.72734375 0.59375 0.025 0.0125
0 0.71875 0.58125 0.0265625 0.0125
0 0.7640625 0.609375 0.025 0.0125
0 0.7578125 0.6 0.025 0.0109375
0 0.75390625 0.5921875 0.025 0.0125
0 0.7703125 0.58046875 0.025 0.0125
0 0.74453125 0.58125 0.025 0.0125
0 0.734375 0.56796875 0.025 0.0125