0 0.57734375 0.75859375 0.0203125 0.0375
0 0.56171875 0.77734375 0.01875 0.0375
0 0.53984375 0.79375 0.01875 0.0375
0 0.5421875 0.8328125 0.01875 0.0375
0 0.53203125 0.85390625 0.01875 0.0375
0 0.528125 0.8171875 0.01875 0.0375
0 0.50703125 0.846875 0.01875 0.0375
0 0.4921875 0.85546875 0.015625 0.0375
0 0.47734375 0.86328125 0.01875 0.0359375
0 0.478125 0.82734375 0.015625 0.034375
0 0.4953125 0.7984375 0.01875 0.0375
0 0.49453125 0.81875 0.0171875 0.0328125
0 0.484375 0.790625 0.015625 0.0359375
0 0.471875 0.8015625 0.015625 0.034375
0 0.45234375 0.8296875 0.01875 0.0390625
0 0.559375 0.73984375 0.0171875 0.0375
0 0.54140625 0.75703125 0.0171875 0.0375
0 0.57578125 0.721875 0.01875 0.034375
0 0.578125 0.68515625 0.01875 0.034375
0 0.56328125 0.70234375 0.01875 0.034375
0 0.57578125 0.64921875 0.01875 0.034375
0 0.56015625 0.66796875 0.01875 0.034375
0 0.5734375 0.61015625 0.0171875 0.0359375
0 0.559375 0.63125 0.015625 0.034375
0 0.5578125 0.59375 0.01875 0.0359375
0 0.5671875 0.5640625 0.01875 0.034375
0 0.5703125 0.5265625 0.01875 0.034375
0 0.56015625 0.48203125 0.01875 0.034375
0 0.54140625 0.7171875 0.01875 0.034375
0 0.54296875 0.6828125 0.01875 0.034375
0 0.54375 0.64765625 0.0171875 0.034375
0 0.5421875 0.61015625 0.0171875 0.034375
0 0.54453125 0.575 0.01875 0.03125
0 0.553125 0.54453125 0.01875 0.034375
0 0.55234375 0.51328125 0.015625 0.03125
0 0.54609375 0.4671875 0.0171875 0.0328125
0 0.534375 0.45859375 0.015625 0.03125
0 0.5359375 0.4953125 0.015625 0.03125
0 0.5375 0.53515625 0.0171875 0.03125
0 0.528125 0.5625 0.015625 0.0328125
0 0.528125 0.596875 0.015625 0.03125
0 0.5234375 0.628125 0.01875 0.03125
0 0.5265625 0.6640625 0.01875 0.034375
0 0.52734375 0.70078125 0.01875 0.0359375
0 0.52734375 0.7375 0.0171875 0.034375
0 0.525 0.77578125 0.01875 0.0375
0 0.5171875 0.440625 0.0171875 0.03125
0 0.52265625 0.48359375 0.015625 0.034375
0 0.521875 0.5171875 0.0171875 0.03125
0 0.51015625 0.50546875 0.015625 0.034375
0 0.5140625 0.546875 0.015625 0.03125
0 0.5109375 0.57890625 0.0171875 0.03125
0 0.51171875 0.61328125 0.0171875 0.034375
0 0.51015625 0.64765625 0.015625 0.034375
0 0.515625 0.68359375 0.01875 0.0328125
0 0.51171875 0.71796875 0.0171875 0.034375
0 0.51015625 0.75390625 0.01875 0.0359375
0 0.5015625 0.43125 0.015625 0.03125
0 0.503125 0.46640625 0.015625 0.034375
0 0.490625 0.4546875 0.015625 0.03125
0 0.49296875 0.4890625 0.015625 0.03125
0 0.496875 0.53125 0.015625 0.03125
0 0.49453125 0.5609375 0.0171875 0.03125
0 0.496875 0.59609375 0.015625 0.034375
0 0.49375 0.628125 0.015625 0.034375
0 0.49375 0.6640625 0.015625 0.034375
0 0.49765625 0.69921875 0.01875 0.0375
0 0.49921875 0.7375 0.0140625 0.034375
0 0.496875 0.7703125 0.015625 0.03125
0 0.4875 0.75390625 0.015625 0.034375
0 0.48515625 0.71875 0.015625 0.0359375
0 0.4828125 0.68359375 0.0171875 0.034375
0 0.48203125 0.64921875 0.015625 0.034375
0 0.4796875 0.6125 0.015625 0.0328125
0 0.4796875 0.58046875 0.015625 0.0328125
0 0.48046875 0.54765625 0.015625 0.0328125
0 0.4796875 0.5109375 0.0171875 0.034375
0 0.478125 0.4765625 0.015625 0.0328125
0 0.47734375 0.44375 0.015625 0.0328125
0 0.4671875 0.465625 0.015625 0.03125
0 0.46953125 0.50390625 0.015625 0.028125
0 0.465625 0.53203125 0.015625 0.03125
0 0.46640625 0.56484375 0.015625 0.034375
0 0.4671875 0.6 0.015625 0.03125
0 0.4671875 0.6328125 0.015625 0.03125
0 0.4671875 0.665625 0.0171875 0.0328125
0 0.4671875 0.69921875 0.015625 0.034375
0 0.46875 0.73359375 0.015625 0.034375
0 0.453125 0.7640625 0.015625 0.0359375
0 0.4484375 0.7890625 0.01875 0.034375
0 0.45078125 0.71875 0.0171875 0.034375
0 0.45 0.6859375 0.01875 0.034375
0 0.45078125 0.6515625 0.015625 0.0328125
0 0.453125 0.61796875 0.0171875 0.034375
0 0.45 0.5828125 0.01875 0.034375
0 0.45390625 0.48671875 0.0171875 0.0328125
0 0.45234375 0.51875 0.01875 0.03125
0 0.45 0.54921875 0.0171875 0.0328125
0 0.3984375 0.73046875 0.015625 0.034375
0 0.3890625 0.75234375 0.015625 0.034375
0 0.36875 0.77265625 0.015625 0.034375
0 0.35078125 0.79609375 0.015625 0.0359375
0 0.33515625 0.80078125 0.015625 0.0375
0 0.321875 0.8171875 0.015625 0.0359375
0 0.30859375 0.79921875 0.0140625 0.0359375
0 0.296875 0.81484375 0.015625 0.034375
0 0.28359375 0.79921875 0.0171875 0.034375
0 0.39375 0.6921875 0.015625 0.034375
0 0.38359375 0.71171875 0.015625 0.0375
0 0.38046875 0.678125 0.015625 0.0390625
0 0.4 0.64765625 0.015625 0.0375
0 0.38828125 0.64609375 0.015625 0.0390625
0 0.37265625 0.73515625 0.0140625 0.0359375
0 0.353125 0.75234375 0.015625 0.0328125
0 0.33828125 0.7671875 0.015625 0.034375
0 0.3421875 0.73359375 0.015625 0.034375
0 0.359375 0.7203125 0.015625 0.034375
0 0.36953125 0.696875 0.015625 0.034375
0 0.359375 0.6859375 0.015625 0.034375
0 0.3671875 0.66171875 0.015625 0.034375
0 0.32265625 0.7828125 0.015625 0.034375
0 0.30078125 0.784375 0.0140625 0.03125
0 0.31171875 0.76796875 0.015625 0.0375
0 0.32578125 0.75234375 0.015625 0.034375
0 0.3265625 0.71875 0.0140625 0.0328125
0 0.3125 0.73359375 0.015625 0.034375
0 0.2984375 0.75078125 0.015625 0.034375
0 0.2859375 0.76640625 0.0140625 0.03125
0 0.28984375 0.734375 0.0140625 0.03125
0 0.30078125 0.71796875 0.0125 0.03125
0 0.3421875 0.70078125 0.015625 0.03125
0 0.3484375 0.66796875 0.015625 0.03125
0 0.36796875 0.625 0.0140625 0.03125
0 0.3578125 0.64609375 0.015625 0.03125
0 0.35390625 0.61015625 0.0140625 0.03125
0 0.34609375 0.63125 0.0140625 0.03125
0 0.334375 0.6515625 0.0125 0.03125
0 0.33125 0.68359375 0.0140625 0.03125
0 0.31953125 0.70234375 0.0140625 0.03125
0 0.31875 0.66796875 0.0140625 0.03125
0 0.3078125 0.68515625 0.0125 0.03125
0 0.2921875 0.70078125 0.015625 0.0296875
0 0.30546875 0.65234375 0.0140625 0.03125
0 0.2953125 0.67109375 0.0125 0.03125
0 0.3234375 0.63828125 0.0140625 0.03125
0 0.3890625 0.61328125 0.015625 0.03125
0 0.40234375 0.59765625 0.015625 0.03125
0 0.39765625 0.56171875 0.0140625 0.0296875
0 0.3890625 0.58125 0.0140625 0.028125
0 0.378125 0.6 0.015625 0.0296875
0 0.36640625 0.58515625 0.015625 0.025
0 0.371875 0.5609375 0.0140625 0.0296875
0 0.3640625 0.5546875 0.0125 0.0296875
0 0.3515625 0.53984375 0.015625 0.03125
0 0.3359375 0.58515625 0.0125 0.0296875
0 0.3390625 0.62109375 0.0125 0.0296875
0 0.3484375 0.5984375 0.0140625 0.028125
0 0.3109375 0.62265625 0.015625 0.0296875
0 0.296875 0.609375 0.0125 0.0296875
0 0.2984375 0.6421875 0.0125 0.03125
0 0.32734375 0.60546875 0.0140625 0.03125
0 0.3234375 0.5734375 0.0125 0.03125
0 0.31015625 0.5921875 0.0140625 0.03125
0 0.303125 0.57734375 0.015625 0.0296875
0 0.3109375 0.55625 0.0125 0.025
0 0.30078125 0.54375 0.0125 0.0296875
0 0.31484375 0.528125 0.0125 0.028125
0 0.33671875 0.55546875 0.015625 0.0328125
0 0.32734375 0.5421875 0.0125 0.03125
0 0.30703125 0.5171875 0.0125 0.0265625
0 0.3171875 0.50078125 0.0125 0.028125
0 0.30703125 0.4890625 0.0125 0.0265625
0 0.30859375 0.45859375 0.0125 0.028125
0 0.39375 0.55234375 0.015625 0.03125
0 0.31953125 0.47421875 0.0125 0.0265625
0 0.33359375 0.48671875 0.0125 0.0265625
0 0.32890625 0.5140625 0.0125 0.03125
0 0.33984375 0.52578125 0.0125 0.03125
0 0.37890625 0.534375 0.015625 0.03125
0 0.36953125 0.5265625 0.015625 0.03125
0 0.35234375 0.50859375 0.015625 0.03125
0 0.38984375 0.50859375 0.0140625 0.03125
0 0.3765625 0.5 0.015625 0.0265625
0 0.3671875 0.48828125 0.0125 0.03125
0 0.35 0.471875 0.0140625 0.03125
0 0.33984375 0.46015625 0.0140625 0.028125
0 0.328125 0.44765625 0.0125 0.028125
0 0.32109375 0.4375 0.0125 0.025
0 0.37421875 0.46796875 0.0140625 0.0296875
0 0.36015625 0.453125 0.0125 0.028125
0 0.35390625 0.4421875 0.0125 0.028125
0 0.3421875 0.4328125 0.0125 0.028125
0 0.33125 0.41875 0.0125 0.028125
0 0.35234375 0.41015625 0.0140625 0.028125
0 0.36484375 0.4203125 0.0125 0.028125
0 0.3765625 0.43515625 0.0140625 0.028125
0 0.44609375 0.04296875 0.0171875 0.028125
0 0.43203125 0.0640625 0.0140625 0.028125
0 0.4265625 0.08515625 0.0125 0.021875
0 0.4125 0.07421875 0.015625 0.028125
0 0.4203125 0.0453125 0.0140625 0.028125
0 0.43125 0.02421875 0.0125 0.0265625
0 0.4453125 0.0171875 0.0140625 0.0265625
0 0.4296875 0.0140625 0.0140625 0.025
0 0.41171875 0.0453125 0.0125 0.028125
0 0.396875 0.05625 0.015625 0.028125
0 0.38828125 0.0578125 0.009375 0.028125
0 0.40078125 0.0359375 0.0125 0.025
0 0.415625 0.01171875 0.0140625 0.0234375
0 0.4046875 0.0109375 0.0125 0.021875
0 0.39140625 0.00859375 0.0125 0.0140625
0 0.38203125 0.02421875 0.015625 0.0234375
0 0.36953125 0.0453125 0.0125 0.028125
0 0.37109375 0.025 0.015625 0.028125
0 0.34921875 0.02265625 0.0125 0.021875
0 0.34453125 0.01796875 0.0109375 0.0265625
0 0.359375 0.01953125 0.009375 0.0234375
0 0.60078125 0.13984375 0.015625 0.028125
0 0.6015625 0.1875 0.015625 0.028125
0 0.60078125 0.21796875 0.015625 0.028125
0 0.5984375 0.28125 0.015625 0.028125
0 0.59140625 0.328125 0.015625 0.03125
0 0.58359375 0.36328125 0.015625 0.03125
0 0.56328125 0.3921875 0.015625 0.03125
0 0.5671875 0.36796875 0.01875 0.028125
0 0.54765625 0.3984375 0.015625 0.03125
0 0.5359375 0.41953125 0.015625 0.028125
0 0.51953125 0.41328125 0.0140625 0.028125
0 0.50546875 0.4046875 0.015625 0.0265625
0 0.4953125 0.40078125 0.0140625 0.025
0 0.53515625 0.38984375 0.015625 0.028125
0 0.521875 0.38828125 0.015625 0.025
0 0.5078125 0.378125 0.015625 0.028125
0 0.4875 0.37265625 0.0140625 0.0265625
0 0.490625 0.35078125 0.0125 0.025
0 0.5015625 0.3578125 0.015625 0.0296875
0 0.52109375 0.36171875 0.0125 0.028125
0 0.53046875 0.35546875 0.015625 0.0296875
0 0.546875 0.36953125 0.015625 0.03125
0 0.59609375 0.121875 0.0140625 0.0265625
0 0.58671875 0.18359375 0.0140625 0.0234375
0 0.5859375 0.20234375 0.015625 0.028125
0 0.58515625 0.2328125 0.015625 0.028125
0 0.5890625 0.26328125 0.0171875 0.028125
0 0.58515625 0.3 0.015625 0.028125
0 0.57109375 0.31875 0.015625 0.0265625
0 0.575 0.33984375 0.015625 0.028125
0 0.55546875 0.3375 0.015625 0.03125
0 0.54453125 0.33203125 0.015625 0.028125
0 0.56015625 0.3 0.015625 0.028125
0 0.575 0.28359375 0.015625 0.028125
0 0.57421875 0.25859375 0.0171875 0.03125
0 0.5578125 0.2703125 0.015625 0.028125
0 0.5421875 0.271875 0.015625 0.028125
0 0.54375 0.30625 0.015625 0.028125
0 0.584375 0.140625 0.015625 0.0265625
0 0.571875 0.16015625 0.015625 0.025
0 0.571875 0.18828125 0.015625 0.028125
0 0.56796875 0.2203125 0.015625 0.025
0 0.5734375 0.2296875 0.0125 0.028125
0 0.58125 0.10625 0.015625 0.025
0 0.5703125 0.13125 0.0140625 0.025
0 0.56171875 0.25 0.015625 0.0234375
0 0.55078125 0.2296875 0.015625 0.0296875
0 0.5390625 0.24921875 0.015625 0.028125
0 0.53046875 0.3296875 0.015625 0.0265625
0 0.53125 0.309375 0.0125 0.021875
0 0.52578125 0.2765625 0.0140625 0.028125
0 0.521875 0.25234375 0.015625 0.0265625
0 0.53671875 0.21796875 0.015625 0.028125
0 0.5125 0.20625 0.015625 0.025
0 0.50859375 0.18359375 0.0140625 0.025
0 0.4890625 0.18515625 0.0140625 0.025
0 0.51640625 0.30625 0.015625 0.028125
0 0.51328125 0.334375 0.0171875 0.028125
0 0.5015625 0.32890625 0.0140625 0.028125
0 0.571875 0.0953125 0.015625 0.028125
0 0.559375 0.07734375 0.015625 0.025
0 0.54765625 0.06953125 0.015625 0.025
0 0.53515625 0.08671875 0.015625 0.0265625
0 0.54765625 0.1015625 0.015625 0.0265625
0 0.55859375 0.115625 0.015625 0.0265625
0 0.55625 0.1453125 0.015625 0.028125
0 0.54765625 0.14296875 0.0125 0.025
0 0.5359375 0.1234375 0.015625 0.025
0 0.5234375 0.11015625 0.0140625 0.0265625
0 0.52421875 0.14375 0.0140625 0.025
0 0.5140625 0.134375 0.0125 0.025
0 0.509375 0.10078125 0.015625 0.028125
0 0.521875 0.084375 0.015625 0.0265625
0 0.56015625 0.1796875 0.015625 0.0265625
0 0.55078125 0.19921875 0.0140625 0.028125
0 0.53984375 0.19453125 0.015625 0.0265625
0 0.54609375 0.1703125 0.015625 0.028125
0 0.5375 0.16328125 0.015625 0.028125
0 0.52890625 0.18046875 0.015625 0.025
0 0.52578125 0.20390625 0.0125 0.025
0 0.51015625 0.24375 0.0140625 0.028125
0 0.496875 0.23125 0.015625 0.028125
0 0.48359375 0.225 0.0140625 0.025
0 0.51015625 0.27265625 0.015625 0.025
0 0.4984375 0.28046875 0.0125 0.025
0 0.5 0.30390625 0.015625 0.0265625
0 0.49140625 0.2515625 0.0140625 0.0265625
0 0.4828125 0.2515625 0.0125 0.025
0 0.515625 0.16875 0.0125 0.025
0 0.50390625 0.15390625 0.0140625 0.025
0 0.4984375 0.12265625 0.0140625 0.0265625
0 0.49296875 0.15390625 0.0125 0.025
0 0.48359375 0.278125 0.015625 0.025
0 0.4875 0.30234375 0.0140625 0.025
0 0.4828125 0.325 0.0140625 0.025
0 0.353125 0.08203125 0.0125 0.021875
0 0.3625 0.0890625 0.0125 0.021875
0 0.35859375 0.1078125 0.0125 0.025
0 0.34765625 0.1015625 0.0125 0.025
0 0.33515625 0.1203125 0.0125 0.025
0 0.38359375 0.1 0.0125 0.025
0 0.3953125 0.10859375 0.0125 0.021875
0 0.40859375 0.11875 0.0125 0.021875
0 0.40546875 0.13515625 0.0125 0.025
0 0.39296875 0.13125 0.0125 0.025
0 0.38359375 0.12734375 0.0125 0.025
0 0.37265625 0.11875 0.0125 0.025
0 0.346875 0.13046875 0.009375 0.025
0 0.35390625 0.13203125 0.0125 0.025
0 0.3671875 0.14375 0.0125 0.021875
0 0.37578125 0.1484375 0.0125 0.025
0 0.38828125 0.15703125 0.0140625 0.025
0 0.4 0.16484375 0.0125 0.025
0 0.41171875 0.17109375 0.0125 0.025
0 0.425 0.2078125 0.0125 0.0234375
0 0.4109375 0.196875 0.0125 0.025
0 0.4046875 0.2125 0.0125 0.028125
0 0.396875 0.21171875 0.0125 0.025
0 0.3859375 0.203125 0.0125 0.0234375
0 0.375 0.19609375 0.0125 0.0234375
0 0.4015625 0.1921875 0.0125 0.0234375
0 0.3890625 0.18359375 0.0125 0.021875
0 0.375 0.171875 0.0125 0.025
0 0.3640625 0.1640625 0.0125 0.025
0 0.35390625 0.15703125 0.0125 0.025
0 0.3453125 0.1546875 0.0125 0.0234375
0 0.33671875 0.1484375 0.0109375 0.0234375
0 0.33203125 0.165625 0.0125 0.021875
0 0.33046875 0.18828125 0.0125 0.01875
0 0.33046875 0.21328125 0.0125 0.025
0 0.33046875 0.2390625 0.0125 0.025
0 0.3296875 0.26328125 0.0125 0.025
0 0.33046875 0.2890625 0.0125 0.025
0 0.32890625 0.31328125 0.0125 0.0234375
0 0.328125 0.33671875 0.0125 0.025
0 0.34921875 0.38984375 0.0125 0.025
0 0.36015625 0.3953125 0.0109375 0.021875
0 0.38203125 0.38828125 0.0125 0.025
0 0.3703125 0.3796875 0.0125 0.028125
0 0.36171875 0.3734375 0.0125 0.025
0 0.346875 0.3578125 0.0140625 0.025
0 0.334375 0.37265625 0.0125 0.025
0 0.33828125 0.35 0.0125 0.0234375
0 0.35 0.3328125 0.0125 0.025
0 0.35859375 0.340625 0.0125 0.0265625
0 0.36953125 0.35 0.0125 0.025
0 0.38203125 0.3609375 0.0125 0.028125
0 0.39375 0.37109375 0.0125 0.0265625
0 0.4015625 0.34921875 0.0125 0.025
0 0.421875 0.33984375 0.0125 0.0265625
0 0.4109375 0.3328125 0.0125 0.025
0 0.39375 0.3453125 0.015625 0.0265625
0 0.384375 0.3359375 0.015625 0.025
0 0.3734375 0.32734375 0.0125 0.025
0 0.3609375 0.315625 0.0140625 0.0234375
0 0.35 0.3046875 0.0125 0.025
0 0.33984375 0.32421875 0.0125 0.025
0 0.34140625 0.2984375 0.0125 0.021875
0 0.35 0.27734375 0.0125 0.025
0 0.3421875 0.275 0.0109375 0.028125
0 0.421875 0.31328125 0.0125 0.0265625
0 0.40703125 0.30078125 0.0125 0.028125
0 0.39765625 0.3203125 0.0125 0.025
0 0.3828125 0.30703125 0.0140625 0.025
0 0.37421875 0.30078125 0.0125 0.0265625
0 0.34296875 0.1984375 0.0125 0.021875
0 0.34375 0.22421875 0.0125 0.021875
0 0.3390625 0.24375 0.0125 0.0234375
0 0.3515625 0.25546875 0.0125 0.0234375
0 0.36015625 0.28515625 0.0125 0.025
0 0.39609375 0.2921875 0.0125 0.0265625
0 0.38515625 0.28125 0.0125 0.025
0 0.37265625 0.26953125 0.0125 0.0265625
0 0.36328125 0.26484375 0.0109375 0.0234375
0 0.36328125 0.2390625 0.0125 0.025
0 0.353125 0.2328125 0.0109375 0.025
0 0.353125 0.20625 0.0125 0.028125
0 0.3546875 0.18125 0.0125 0.021875
0 0.346875 0.178125 0.0125 0.025
0 0.3765625 0.2234375 0.015625 0.025
0 0.3734375 0.24453125 0.0125 0.025
0 0.3890625 0.25859375 0.0125 0.025
0 0.396875 0.265625 0.0125 0.025
0 0.40625 0.27265625 0.0125 0.025
0 0.41875 0.28125 0.0125 0.0265625
0 0.390625 0.2359375 0.0125 0.025
0 0.4 0.2421875 0.0109375 0.025
0 0.4078125 0.24609375 0.0125 0.025
0 0.41953125 0.2296875 0.0125 0.025
0 0.41875 0.25546875 0.0125 0.025
0 0.43203125 0.265625 0.0125 0.025