0 0.1671875 0.728125 0.0625 0.0796875
0 0.184375 0.55 0.059375 0.084375
0 0.1984375 0.63828125 0.065625 0.08125
0 0.215625 0.78203125 0.059375 0.078125
0 0.2328125 0.70859375 0.0625 0.08125
0 0.24453125 0.546875 0.065625 0.084375
0 0.240625 0.4515625 0.065625 0.08125
0 0.25546875 0.35 0.059375 0.078125
0 0.25546875 0.8515625 0.0640625 0.08125
0 0.296875 0.92421875 0.065625 0.08125
0 0.3203125 0.8328125 0.0609375 0.0828125
0 0.3609375 0.8984375 0.0609375 0.084375
0 0.265625 0.62890625 0.065625 0.084375
0 0.30859375 0.68515625 0.0640625 0.08125
0 0.27734375 0.7703125 0.0625 0.0875
0 0.340625 0.75546875 0.059375 0.078125
0 0.3171875 0.54765625 0.0609375 0.078125
0 0.346875 0.61796875 0.0625 0.08125
0 0.37890625 0.68984375 0.0578125 0.078125
0 0.4203125 0.74921875 0.059375 0.078125
0 0.4046875 0.83828125 0.0625 0.078125
0 0.4203125 0.92421875 0.0625 0.08125
0 0.47890625 0.91796875 0.0578125 0.08125
0 0.465625 0.83515625 0.059375 0.08125
0 0.4125 0.621875 0.0625 0.08125
0 0.3859375 0.55234375 0.0625 0.075
0 0.35625 0.47421875 0.0640625 0.078125
0 0.30703125 0.42265625 0.0609375 0.08125
0 0.31953125 0.33359375 0.0578125 0.078125
0 0.3625 0.3953125 0.059375 0.08125
0 0.334375 0.2640625 0.059375 0.075
0 0.3796875 0.31328125 0.059375 0.084375
0 0.39375 0.24921875 0.05625 0.075
0 0.3375 0.09375 0.059375 0.08125
0 0.3734375 0.17265625 0.059375 0.075
0 0.4296875 0.14609375 0.0609375 0.078125
0 0.48125 0.1046875 0.05625 0.08125
0 0.45390625 0.2515625 0.05625 0.075
0 0.4703125 0.3203125 0.059375 0.078125
0 0.425 0.41015625 0.0625 0.08125
0 0.4265625 0.4921875 0.06875 0.075
0 0.4671875 0.58359375 0.059375 0.08125
0 0.49375 0.66796875 0.05625 0.08125
0 0.484375 0.7484375 0.0609375 0.08125
0 0.4859375 0.39609375 0.0609375 0.08125
0 0.490625 0.48125 0.065625 0.08125
0 0.52421875 0.54921875 0.059375 0.08125
0 0.54375 0.62578125 0.05625 0.08125
0 0.5421875 0.71796875 0.059375 0.084375
0 0.5359375 0.79921875 0.059375 0.078125
0 0.53671875 0.88515625 0.059375 0.084375
0 0.5953125 0.8625 0.059375 0.084375
0 0.59296875 0.77890625 0.059375 0.08125
0 0.59375 0.671875 0.05625 0.08125
0 0.5984375 0.58828125 0.05625 0.078125
0 0.5734375 0.5046875 0.059375 0.084375
0 0.5625 0.4234375 0.0625 0.08125
0 0.5375 0.346875 0.0625 0.084375
0 0.52265625 0.2671875 0.0609375 0.08125
0 0.5046875 0.18046875 0.0625 0.084375
0 0.5625 0.10390625 0.0625 0.0875
0 0.565625 0.1984375 0.059375 0.08125
0 0.58359375 0.27734375 0.059375 0.08125
0 0.596875 0.35703125 0.05625 0.078125
0 0.63046875 0.47734375 0.059375 0.08125
0 0.653125 0.55703125 0.059375 0.078125
0 0.646875 0.63984375 0.053125 0.078125
0 0.6453125 0.73046875 0.05625 0.078125
0 0.65625 0.8109375 0.059375 0.078125
0 0.71015625 0.7640625 0.05625 0.078125
0 0.6921875 0.68359375 0.053125 0.078125
0 0.7375 0.6296875 0.05625 0.078125
0 0.7546875 0.70703125 0.059375 0.078125
0 0.78984375 0.64140625 0.0484375 0.071875
0 0.7140625 0.55390625 0.05625 0.078125
0 0.7734375 0.5625 0.059375 0.084375
0 0.828125 0.56484375 0.053125 0.075
0 0.85859375 0.49765625 0.0515625 0.078125
0 0.6890625 0.48125 0.05625 0.08125
0 0.74765625 0.4875 0.0546875 0.08125
0 0.8015625 0.49453125 0.053125 0.078125
0 0.775 0.41796875 0.05625 0.08125
0 0.8515625 0.41796875 0.05625 0.08125
0 0.87421875 0.3265625 0.05625 0.08125
0 0.8203125 0.353125 0.05625 0.084375
0 0.784375 0.28515625 0.05625 0.078125
0 0.8453125 0.2421875 0.059375 0.08125
0 0.7171875 0.40859375 0.059375 0.08125
0 0.65703125 0.40546875 0.0578125 0.08125
0 0.653125 0.32109375 0.059375 0.08125
0 0.640625 0.240625 0.059375 0.08125
0 0.6984375 0.26484375 0.0609375 0.084375
0 0.73359375 0.32890625 0.059375 0.08125
0 0.6234375 0.16015625 0.059375 0.084375
0 0.684375 0.18359375 0.059375 0.084375
0 0.7515625 0.22109375 0.059375 0.084375
0 0.803125 0.18671875 0.05625 0.08125
0 0.7515625 0.12890625 0.059375 0.08125
0 0.6953125 0.09921875 0.059375 0.084375
0 0.634375 0.07734375 0.0625 0.090625