0 0.8328125 0.728125 0.0625 0.0796875
0 0.815625 0.55 0.059375 0.084375
0 0.8015625 0.63828125 0.065625 0.08125
0 0.784375 0.78203125 0.059375 0.078125
0 0.7671875 0.70859375 0.0625 0.08125
0 0.75546875 0.546875 0.065625 0.084375
0 0.759375 0.4515625 0.065625 0.08125
0 0.74453125 0.35 0.059375 0.078125
0 0.74453125 0.8515625 0.0640625 0.08125
0 0.703125 0.92421875 0.065625 0.08125
0 0.6796875 0.8328125 0.0609375 0.0828125
0 0.6390625 0.8984375 0.0609375 0.084375
0 0.734375 0.62890625 0.065625 0.084375
0 0.69140625 0.68515625 0.0640625 0.08125
0 0.72265625 0.7703125 0.0625 0.0875
0 0.659375 0.75546875 0.059375 0.078125
0 0.6828125 0.54765625 0.0609375 0.078125
0 0.653125 0.61796875 0.0625 0.08125
0 0.62109375 0.68984375 0.0578125 0.078125
0 0.5796875 0.74921875 0.059375 0.078125
0 0.5953125 0.83828125 0.0625 0.078125
0 0.5796875 0.92421875 0.0625 0.08125
0 0.52109375 0.91796875 0.0578125 0.08125
0 0.534375 0.83515625 0.059375 0.08125
0 0.5875 0.621875 0.0625 0.08125
0 0.6140625 0.55234375 0.0625 0.075
0 0.64375 0.47421875 0.0640625 0.078125
0 0.69296875 0.42265625 0.0609375 0.08125
0 0.68046875 0.33359375 0.0578125 0.078125
0 0.6375 0.3953125 0.059375 0.08125
0 0.665625 0.2640625 0.059375 0.075
0 0.6203125 0.31328125 0.059375 0.084375
0 0.60625 0.24921875 0.05625 0.075
0 0.6625 0.09375 0.059375 0.08125
0 0.6265625 0.17265625 0.059375 0.075
0 0.5703125 0.14609375 0.0609375 0.078125
0 0.51875 0.1046875 0.05625 0.08125
0 0.54609375 0.2515625 0.05625 0.075
0 0.5296875 0.3203125 0.059375 0.078125
0 0.575 0.41015625 0.0625 0.08125
0 0.5734375 0.4921875 0.06875 0.075
0 0.5328125 0.58359375 0.059375 0.08125
0 0.50625 0.66796875 0.05625 0.08125
0 0.515625 0.7484375 0.0609375 0.08125
0 0.5140625 0.39609375 0.0609375 0.08125
0 0.509375 0.48125 0.065625 0.08125
0 0.47578125 0.54921875 0.059375 0.08125
0 0.45625 0.62578125 0.05625 0.08125
0 0.4578125 0.71796875 0.059375 0.084375
0 0.4640625 0.79921875 0.059375 0.078125
0 0.46328125 0.88515625 0.059375 0.084375
0 0.4046875 0.8625 0.059375 0.084375
0 0.40703125 0.77890625 0.059375 0.08125
0 0.40625 0.671875 0.05625 0.08125
0 0.4015625 0.58828125 0.05625 0.078125
0 0.4265625 0.5046875 0.059375 0.084375
0 0.4375 0.4234375 0.0625 0.08125
0 0.4625 0.346875 0.0625 0.084375
0 0.47734375 0.2671875 0.0609375 0.08125
0 0.4953125 0.18046875 0.0625 0.084375
0 0.4375 0.10390625 0.0625 0.0875
0 0.434375 0.1984375 0.059375 0.08125
0 0.41640625 0.27734375 0.059375 0.08125
0 0.403125 0.35703125 0.05625 0.078125
0 0.36953125 0.47734375 0.059375 0.08125
0 0.346875 0.55703125 0.059375 0.078125
0 0.353125 0.63984375 0.053125 0.078125
0 0.3546875 0.73046875 0.05625 0.078125
0 0.34375 0.8109375 0.059375 0.078125
0 0.28984375 0.7640625 0.05625 0.078125
0 0.3078125 0.68359375 0.053125 0.078125
0 0.2625 0.6296875 0.05625 0.078125
0 0.2453125 0.70703125 0.059375 0.078125
0 0.21015625 0.64140625 0.0484375 0.071875
0 0.2859375 0.55390625 0.05625 0.078125
0 0.2265625 0.5625 0.059375 0.084375
0 0.171875 0.56484375 0.053125 0.075
0 0.14140625 0.49765625 0.0515625 0.078125
0 0.3109375 0.48125 0.05625 0.08125
0 0.25234375 0.4875 0.0546875 0.08125
0 0.1984375 0.49453125 0.053125 0.078125
0 0.225 0.41796875 0.05625 0.08125
0 0.1484375 0.41796875 0.05625 0.08125
0 0.12578125 0.3265625 0.05625 0.08125
0 0.1796875 0.353125 0.05625 0.084375
0 0.215625 0.28515625 0.05625 0.078125
0 0.1546875 0.2421875 0.059375 0.08125
0 0.2828125 0.40859375 0.059375 0.08125
0 0.34296875 0.40546875 0.0578125 0.08125
0 0.346875 0.32109375 0.059375 0.08125
0 0.359375 0.240625 0.059375 0.08125
0 0.3015625 0.26484375 0.0609375 0.084375
0 0.26640625 0.32890625 0.059375 0.08125
0 0.3765625 0.16015625 0.059375 0.084375
0 0.315625 0.18359375 0.059375 0.084375
0 0.2484375 0.22109375 0.059375 0.084375
0 0.196875 0.18671875 0.05625 0.08125
0 0.2484375 0.12890625 0.059375 0.08125
0 0.3046875 0.09921875 0.059375 0.084375
0 0.365625 0.07734375 0.0625 0.090625