0 0.346875 0.20703125 0.05625 0.04375
0 0.38359375 0.24140625 0.05625 0.04375
0 0.4515625 0.22109375 0.0546875 0.04375
0 0.51171875 0.20078125 0.05625 0.0453125
0 0.534375 0.2359375 0.0515625 0.040625
0 0.58984375 0.2171875 0.053125 0.0453125
0 0.6265625 0.253125 0.053125 0.0421875
0 0.67109375 0.23671875 0.05 0.0421875
0 0.32890625 0.24921875 0.0546875 0.040625
0 0.2453125 0.25078125 0.0578125 0.04375
0 0.2953125 0.27734375 0.053125 0.040625
0 0.24296875 0.284375 0.053125 0.034375
0 0.190625 0.290625 0.05625 0.040625
0 0.17890625 0.325 0.053125 0.034375
0 0.23125 0.325 0.0546875 0.0390625
0 0.28359375 0.325 0.05625 0.040625
0 0.3515625 0.321875 0.053125 0.0375
0 0.38046875 0.2765625 0.0515625 0.0359375
0 0.4328125 0.2609375 0.053125 0.040625
0 0.490625 0.2546875 0.053125 0.0421875
0 0.559375 0.27421875 0.05 0.040625
0 0.51953125 0.30390625 0.0546875 0.040625
0 0.46484375 0.3046875 0.0515625 0.040625
0 0.403125 0.3140625 0.046875 0.034375
0 0.61015625 0.29140625 0.05 0.040625
0 0.65625 0.28828125 0.046875 0.0390625
0 0.76484375 0.30703125 0.059375 0.0421875
0 0.6875 0.31484375 0.05 0.0375
0 0.64765625 0.3390625 0.0453125 0.034375
0 0.61015625 0.325 0.0453125 0.03125
0 0.76484375 0.346875 0.05 0.0359375
0 0.7640625 0.38125 0.046875 0.034375
0 0.70625 0.38125 0.046875 0.034375
0 0.65546875 0.378125 0.04375 0.0328125
0 0.58671875 0.3609375 0.05 0.0375
0 0.51796875 0.34453125 0.053125 0.0375
0 0.45234375 0.33515625 0.0484375 0.034375
0 0.4796875 0.35625 0.0453125 0.034375
0 0.60546875 0.38125 0.04375 0.03125
0 0.56171875 0.39453125 0.05 0.034375
0 0.53125 0.35859375 0.046875 0.0296875
0 0.5625 0.31875 0.046875 0.040625
0 0.32265625 0.3390625 0.05 0.0375
0 0.3734375 0.35234375 0.05 0.0359375
0 0.41953125 0.36015625 0.05 0.034375
0 0.22109375 0.359375 0.053125 0.034375
0 0.27265625 0.35078125 0.053125 0.03125
0 0.31171875 0.38359375 0.0515625 0.034375
0 0.3671875 0.39375 0.0484375 0.034375
0 0.4109375 0.3953125 0.040625 0.0328125
0 0.4640625 0.40078125 0.046875 0.03125
0 0.51484375 0.4 0.05 0.034375
0 0.25703125 0.3859375 0.05 0.034375
0 0.209375 0.39140625 0.05 0.0328125
0 0.1703125 0.3640625 0.0484375 0.034375
0 0.16171875 0.39140625 0.05 0.03125
0 0.18359375 0.421875 0.0484375 0.03125
0 0.23125 0.425 0.0515625 0.034375
0 0.2953125 0.4171875 0.05 0.0328125
0 0.34453125 0.4171875 0.046875 0.03125
0 0.22265625 0.4515625 0.0484375 0.03125
0 0.26484375 0.47421875 0.046875 0.0296875
0 0.309375 0.48515625 0.046875 0.028125
0 0.2765625 0.43671875 0.0453125 0.028125
0 0.32734375 0.44375 0.05 0.03125
0 0.37890625 0.4734375 0.0484375 0.0328125
0 0.35078125 0.47421875 0.040625 0.028125
0 0.40390625 0.4890625 0.046875 0.0359375
0 0.3921875 0.4328125 0.05 0.03125
0 0.44296875 0.4296875 0.046875 0.03125
0 0.42265625 0.45078125 0.0453125 0.028125
0 0.47109375 0.45390625 0.0453125 0.028125
0 0.4515625 0.49140625 0.046875 0.03125
0 0.4984375 0.490625 0.04375 0.03125
0 0.49296875 0.43203125 0.046875 0.03125
0 0.5390625 0.43046875 0.046875 0.03125
0 0.52109375 0.46171875 0.046875 0.03125
0 0.56875 0.45703125 0.0453125 0.03125
0 0.5453125 0.49296875 0.046875 0.028125
0 0.5890625 0.4890625 0.0453125 0.0296875
0 0.63671875 0.48671875 0.05 0.03125
0 0.678125 0.46875 0.04375 0.028125
0 0.58984375 0.425 0.046875 0.03125
0 0.6375 0.415625 0.04375 0.0328125
0 0.60859375 0.45 0.04375 0.03125
0 0.65703125 0.44453125 0.046875 0.0328125
0 0.68828125 0.41875 0.046875 0.03125
0 0.70546875 0.44140625 0.0453125 0.028125
0 0.7296875 0.4046875 0.04375 0.0328125