0 0.653125 0.20703125 0.05625 0.04375
0 0.61640625 0.24140625 0.05625 0.04375
0 0.5484375 0.22109375 0.0546875 0.04375
0 0.48828125 0.20078125 0.05625 0.0453125
0 0.465625 0.2359375 0.0515625 0.040625
0 0.41015625 0.2171875 0.053125 0.0453125
0 0.3734375 0.253125 0.053125 0.0421875
0 0.32890625 0.23671875 0.05 0.0421875
0 0.67109375 0.24921875 0.0546875 0.040625
0 0.7546875 0.25078125 0.0578125 0.04375
0 0.7046875 0.27734375 0.053125 0.040625
0 0.75703125 0.284375 0.053125 0.034375
0 0.809375 0.290625 0.05625 0.040625
0 0.82109375 0.325 0.053125 0.034375
0 0.76875 0.325 0.0546875 0.0390625
0 0.71640625 0.325 0.05625 0.040625
0 0.6484375 0.321875 0.053125 0.0375
0 0.61953125 0.2765625 0.0515625 0.0359375
0 0.5671875 0.2609375 0.053125 0.040625
0 0.509375 0.2546875 0.053125 0.0421875
0 0.440625 0.27421875 0.05 0.040625
0 0.48046875 0.30390625 0.0546875 0.040625
0 0.53515625 0.3046875 0.0515625 0.040625
0 0.596875 0.3140625 0.046875 0.034375
0 0.38984375 0.29140625 0.05 0.040625
0 0.34375 0.28828125 0.046875 0.0390625
0 0.23515625 0.30703125 0.059375 0.0421875
0 0.3125 0.31484375 0.05 0.0375
0 0.35234375 0.3390625 0.0453125 0.034375
0 0.38984375 0.325 0.0453125 0.03125
0 0.23515625 0.346875 0.05 0.0359375
0 0.2359375 0.38125 0.046875 0.034375
0 0.29375 0.38125 0.046875 0.034375
0 0.34453125 0.378125 0.04375 0.0328125
0 0.41328125 0.3609375 0.05 0.0375
0 0.48203125 0.34453125 0.053125 0.0375
0 0.54765625 0.33515625 0.0484375 0.034375
0 0.5203125 0.35625 0.0453125 0.034375
0 0.39453125 0.38125 0.04375 0.03125
0 0.43828125 0.39453125 0.05 0.034375
0 0.46875 0.35859375 0.046875 0.0296875
0 0.4375 0.31875 0.046875 0.040625
0 0.67734375 0.3390625 0.05 0.0375
0 0.6265625 0.35234375 0.05 0.0359375
0 0.58046875 0.36015625 0.05 0.034375
0 0.77890625 0.359375 0.053125 0.034375
0 0.72734375 0.35078125 0.053125 0.03125
0 0.68828125 0.38359375 0.0515625 0.034375
0 0.6328125 0.39375 0.0484375 0.034375
0 0.5890625 0.3953125 0.040625 0.0328125
0 0.5359375 0.40078125 0.046875 0.03125
0 0.48515625 0.4 0.05 0.034375
0 0.74296875 0.3859375 0.05 0.034375
0 0.790625 0.39140625 0.05 0.0328125
0 0.8296875 0.3640625 0.0484375 0.034375
0 0.83828125 0.39140625 0.05 0.03125
0 0.81640625 0.421875 0.0484375 0.03125
0 0.76875 0.425 0.0515625 0.034375
0 0.7046875 0.4171875 0.05 0.0328125
0 0.65546875 0.4171875 0.046875 0.03125
0 0.77734375 0.4515625 0.0484375 0.03125
0 0.73515625 0.47421875 0.046875 0.0296875
0 0.690625 0.48515625 0.046875 0.028125
0 0.7234375 0.43671875 0.0453125 0.028125
0 0.67265625 0.44375 0.05 0.03125
0 0.62109375 0.4734375 0.0484375 0.0328125
0 0.64921875 0.47421875 0.040625 0.028125
0 0.59609375 0.4890625 0.046875 0.0359375
0 0.6078125 0.4328125 0.05 0.03125
0 0.55703125 0.4296875 0.046875 0.03125
0 0.57734375 0.45078125 0.0453125 0.028125
0 0.52890625 0.45390625 0.0453125 0.028125
0 0.5484375 0.49140625 0.046875 0.03125
0 0.5015625 0.490625 0.04375 0.03125
0 0.50703125 0.43203125 0.046875 0.03125
0 0.4609375 0.43046875 0.046875 0.03125
0 0.47890625 0.46171875 0.046875 0.03125
0 0.43125 0.45703125 0.0453125 0.03125
0 0.4546875 0.49296875 0.046875 0.028125
0 0.4109375 0.4890625 0.0453125 0.0296875
0 0.36328125 0.48671875 0.05 0.03125
0 0.321875 0.46875 0.04375 0.028125
0 0.41015625 0.425 0.046875 0.03125
0 0.3625 0.415625 0.04375 0.0328125
0 0.39140625 0.45 0.04375 0.03125
0 0.34296875 0.44453125 0.046875 0.0328125
0 0.31171875 0.41875 0.046875 0.03125
0 0.29453125 0.44140625 0.0453125 0.028125
0 0.2703125 0.4046875 0.04375 0.0328125