0 0.05703125 0.53984375 0.0484375 0.0671875
0 0.14765625 0.48515625 0.05 0.0671875
0 0.1671875 0.3578125 0.05 0.065625
0 0.15078125 0.4375 0.0453125 0.0484375
0 0.225 0.36484375 0.046875 0.05625
0 0.29609375 0.371875 0.040625 0.0578125
0 0.3390625 0.38828125 0.0515625 0.065625
0 0.22421875 0.44140625 0.04375 0.0578125
0 0.128125 0.6109375 0.04375 0.0625
0 0.16875 0.66171875 0.0421875 0.0625
0 0.19921875 0.5984375 0.046875 0.059375
0 0.18046875 0.55546875 0.0421875 0.05625
0 0.23515625 0.540625 0.0359375 0.0578125
0 0.25 0.5921875 0.04375 0.05625
0 0.228125 0.65078125 0.0375 0.059375
0 0.2578125 0.64765625 0.046875 0.065625
0 0.29296875 0.5859375 0.046875 0.0625
0 0.2625 0.528125 0.04375 0.0625
0 0.259375 0.48359375 0.0375 0.046875
0 0.290625 0.4734375 0.04375 0.059375
0 0.32265625 0.4265625 0.040625 0.05625
0 0.3453125 0.4734375 0.046875 0.0625
0 0.3171875 0.5265625 0.046875 0.0625
0 0.32265625 0.325 0.04375 0.053125
0 0.346875 0.36015625 0.046875 0.046875
0 0.36640625 0.30546875 0.04375 0.05625
0 0.41875 0.3171875 0.0421875 0.059375
0 0.40234375 0.375 0.04375 0.0546875
0 0.41953125 0.41953125 0.04375 0.059375
0 0.44375 0.46875 0.046875 0.065625
0 0.40078125 0.47734375 0.0453125 0.0609375
0 0.3203125 0.64375 0.046875 0.065625
0 0.34921875 0.5875 0.04375 0.065625
0 0.375 0.5328125 0.04375 0.0625
0 0.4 0.5875 0.04375 0.0625
0 0.3734375 0.653125 0.05 0.0625
0 0.42421875 0.64765625 0.046875 0.06875
0 0.47421875 0.6453125 0.046875 0.0640625
0 0.44921875 0.58671875 0.04375 0.0625
0 0.49375 0.58671875 0.053125 0.06875
0 0.521875 0.64609375 0.0453125 0.0625
0 0.56953125 0.63671875 0.0453125 0.059375
0 0.6234375 0.646875 0.04375 0.0640625
0 0.66640625 0.6359375 0.04375 0.0625
0 0.7171875 0.66953125 0.05625 0.0671875
0 0.76640625 0.653125 0.0484375 0.0640625
0 0.803125 0.63515625 0.04375 0.065625
0 0.75390625 0.5859375 0.053125 0.0703125
0 0.54375 0.58203125 0.04375 0.059375
0 0.59375 0.57734375 0.0453125 0.0625
0 0.63984375 0.57734375 0.04375 0.0640625
0 0.6953125 0.57578125 0.05 0.0625
0 0.72421875 0.52265625 0.0453125 0.0640625
0 0.77265625 0.521875 0.046875 0.0625
0 0.9640625 0.6796875 0.04375 0.053125
0 0.9 0.59765625 0.05625 0.0765625
0 0.9171875 0.61796875 0.046875 0.0625
0 0.81875 0.5640625 0.053125 0.06875
0 0.84609375 0.51640625 0.0484375 0.065625
0 0.85 0.47734375 0.04375 0.046875
0 0.85 0.425 0.05 0.0625
0 0.80625 0.45703125 0.046875 0.0625
0 0.73984375 0.465625 0.0484375 0.059375
0 0.77265625 0.41015625 0.05 0.065625
0 0.77578125 0.34609375 0.053125 0.059375
0 0.72265625 0.40625 0.0453125 0.059375
0 0.67109375 0.51015625 0.0453125 0.0625
0 0.6875 0.46875 0.046875 0.0625
0 0.659375 0.42421875 0.046875 0.059375
0 0.6890625 0.36328125 0.04375 0.0640625
0 0.421875 0.5296875 0.0484375 0.059375
0 0.47265625 0.52890625 0.046875 0.05625
0 0.5203125 0.528125 0.053125 0.0609375
0 0.5671875 0.52578125 0.046875 0.065625
0 0.61640625 0.52109375 0.0484375 0.0671875
0 0.63203125 0.46875 0.0484375 0.059375
0 0.61640625 0.40625 0.0484375 0.059375
0 0.640625 0.36328125 0.040625 0.0546875
0 0.65 0.33515625 0.040625 0.046875
0 0.596875 0.3296875 0.0484375 0.0671875
0 0.55859375 0.30625 0.0515625 0.05625
0 0.565625 0.4125 0.05 0.065625
0 0.590625 0.46796875 0.04375 0.0546875
0 0.54453125 0.46875 0.05 0.05625
0 0.4921875 0.4734375 0.046875 0.0625
0 0.46953125 0.4171875 0.046875 0.05625
0 0.515625 0.41953125 0.0453125 0.059375
0 0.53671875 0.35703125 0.046875 0.0625
0 0.5125 0.32265625 0.04375 0.053125
0 0.490625 0.36328125 0.0453125 0.0625
0 0.446875 0.37421875 0.0453125 0.059375
0 0.4625 0.2921875 0.0453125 0.0640625
0 0.4390625 0.24609375 0.0421875 0.05625
0 0.49453125 0.253125 0.04375 0.0609375
0 0.5390625 0.25390625 0.046875 0.0625
0 0.58984375 0.2421875 0.046875 0.065625
0 0.8328125 0.653125 0.04375 0.0625