0 0.46015625 0.94296875 0.0671875 0.0484375
0 0.51484375 0.85234375 0.0671875 0.05
0 0.6421875 0.8328125 0.065625 0.05
0 0.5625 0.84921875 0.0484375 0.0453125
0 0.63515625 0.775 0.05625 0.046875
0 0.628125 0.70390625 0.0578125 0.040625
0 0.61171875 0.6609375 0.065625 0.0515625
0 0.55859375 0.77578125 0.0578125 0.04375
0 0.3890625 0.871875 0.0625 0.04375
0 0.33828125 0.83125 0.0625 0.0421875
0 0.4015625 0.80078125 0.059375 0.046875
0 0.44453125 0.81953125 0.05625 0.0421875
0 0.459375 0.76484375 0.0578125 0.0359375
0 0.4078125 0.75 0.05625 0.04375
0 0.34921875 0.771875 0.059375 0.0375
0 0.35234375 0.7421875 0.065625 0.046875
0 0.4140625 0.70703125 0.0625 0.046875
0 0.471875 0.7375 0.0625 0.04375
0 0.51640625 0.740625 0.046875 0.0375
0 0.5265625 0.709375 0.059375 0.04375
0 0.5734375 0.67734375 0.05625 0.040625
0 0.5265625 0.6546875 0.0625 0.046875
0 0.4734375 0.6828125 0.0625 0.046875
0 0.675 0.67734375 0.053125 0.04375
0 0.63984375 0.653125 0.046875 0.046875
0 0.69453125 0.63359375 0.05625 0.04375
0 0.6828125 0.58125 0.059375 0.0421875
0 0.625 0.59765625 0.0546875 0.04375
0 0.58046875 0.58046875 0.059375 0.04375
0 0.53125 0.55625 0.065625 0.046875
0 0.52265625 0.59921875 0.0609375 0.0453125
0 0.35625 0.6796875 0.065625 0.046875
0 0.4125 0.65078125 0.065625 0.04375
0 0.4671875 0.625 0.0625 0.04375
0 0.4125 0.6 0.0625 0.04375
0 0.346875 0.6265625 0.0625 0.05
0 0.35234375 0.57578125 0.06875 0.046875
0 0.3546875 0.52578125 0.0640625 0.046875
0 0.41328125 0.55078125 0.0625 0.04375
0 0.41328125 0.50625 0.06875 0.053125
0 0.35390625 0.478125 0.0625 0.0453125
0 0.36328125 0.43046875 0.059375 0.0453125
0 0.353125 0.3765625 0.0640625 0.04375
0 0.3640625 0.33359375 0.0625 0.04375
0 0.33046875 0.2828125 0.0671875 0.05625
0 0.346875 0.23359375 0.0640625 0.0484375
0 0.36484375 0.196875 0.065625 0.04375
0 0.4140625 0.24609375 0.0703125 0.053125
0 0.41796875 0.45625 0.059375 0.04375
0 0.42265625 0.40625 0.0625 0.0453125
0 0.42265625 0.36015625 0.0640625 0.04375
0 0.42421875 0.3046875 0.0625 0.05
0 0.47734375 0.27578125 0.0640625 0.0453125
0 0.478125 0.22734375 0.0625 0.046875
0 0.3203125 0.0359375 0.053125 0.04375
0 0.40234375 0.1 0.0765625 0.05625
0 0.38203125 0.0828125 0.0625 0.046875
0 0.4359375 0.18125 0.06875 0.053125
0 0.48359375 0.15390625 0.065625 0.0484375
0 0.52265625 0.15 0.046875 0.04375
0 0.575 0.15 0.0625 0.05
0 0.54296875 0.19375 0.0625 0.046875
0 0.534375 0.26015625 0.059375 0.0484375
0 0.58984375 0.22734375 0.065625 0.05
0 0.65390625 0.22421875 0.059375 0.053125
0 0.59375 0.27734375 0.059375 0.0453125
0 0.48984375 0.32890625 0.0625 0.0453125
0 0.53125 0.3125 0.0625 0.046875
0 0.57578125 0.340625 0.059375 0.046875
0 0.63671875 0.3109375 0.0640625 0.04375
0 0.4703125 0.578125 0.059375 0.0484375
0 0.47109375 0.52734375 0.05625 0.046875
0 0.471875 0.4796875 0.0609375 0.053125
0 0.47421875 0.4328125 0.065625 0.046875
0 0.47890625 0.38359375 0.0671875 0.0484375
0 0.53125 0.36796875 0.059375 0.0484375
0 0.59375 0.38359375 0.059375 0.0484375
0 0.63671875 0.359375 0.0546875 0.040625
0 0.66484375 0.35 0.046875 0.040625
0 0.6703125 0.403125 0.0671875 0.0484375
0 0.69375 0.44140625 0.05625 0.0515625
0 0.5875 0.434375 0.065625 0.05
0 0.53203125 0.409375 0.0546875 0.04375
0 0.53125 0.45546875 0.05625 0.05
0 0.5265625 0.5078125 0.0625 0.046875
0 0.5828125 0.53046875 0.05625 0.046875
0 0.58046875 0.484375 0.059375 0.0453125
0 0.64296875 0.46328125 0.0625 0.046875
0 0.67734375 0.4875 0.053125 0.04375
0 0.63671875 0.509375 0.0625 0.0453125
0 0.62578125 0.553125 0.059375 0.0453125
0 0.7078125 0.5375 0.0640625 0.0453125
0 0.75390625 0.5609375 0.05625 0.0421875
0 0.746875 0.50546875 0.0609375 0.04375
0 0.74609375 0.4609375 0.0625 0.046875
0 0.7578125 0.41015625 0.065625 0.046875
0 0.346875 0.1671875 0.0625 0.04375