0 0.69375 0.17265625 0.046875 0.034375
0 0.65625 0.23125 0.053125 0.0375
0 0.60390625 0.225 0.040625 0.040625
0 0.628125 0.2953125 0.053125 0.040625
0 0.63828125 0.275 0.0515625 0.0375
0 0.7234375 0.27578125 0.0546875 0.0375
0 0.7046875 0.29765625 0.05625 0.0421875
0 0.7484375 0.325 0.0546875 0.040625
0 0.7625 0.365625 0.05625 0.0421875
0 0.709375 0.3578125 0.0546875 0.040625
0 0.64453125 0.37109375 0.0546875 0.040625
0 0.6125 0.33671875 0.046875 0.040625
0 0.58046875 0.36640625 0.053125 0.0359375
0 0.5703125 0.39921875 0.05 0.040625
0 0.78671875 0.40234375 0.059375 0.0421875
0 0.72890625 0.4 0.05 0.04375
0 0.684375 0.3984375 0.05 0.040625
0 0.7015625 0.4375 0.053125 0.040625
0 0.63984375 0.428125 0.053125 0.040625
0 0.61640625 0.4609375 0.053125 0.040625
0 0.54375 0.334375 0.053125 0.040625
0 0.50703125 0.37734375 0.05625 0.040625
0 0.4953125 0.42109375 0.05625 0.04375
0 0.55 0.4421875 0.05625 0.0421875
0 0.4578125 0.4625 0.059375 0.04375
0 0.515625 0.4765625 0.05 0.046875
0 0.55859375 0.49296875 0.0546875 0.0453125
0 0.5140625 0.528125 0.0515625 0.0453125
0 0.46875 0.5078125 0.0546875 0.04375
0 0.46796875 0.55234375 0.05625 0.0390625
0 0.46328125 0.59375 0.05625 0.046875
0 0.4296875 0.63828125 0.053125 0.04375
0 0.56484375 0.5453125 0.05625 0.04375
0 0.5484375 0.60234375 0.059375 0.046875
0 0.5296875 0.571875 0.053125 0.0375
0 0.50234375 0.62109375 0.053125 0.0421875
0 0.4875 0.665625 0.0578125 0.0453125
0 0.43046875 0.6828125 0.0484375 0.05
0 0.38515625 0.7890625 0.0515625 0.046875
0 0.44296875 0.8046875 0.05625 0.046875
0 0.50546875 0.82890625 0.0546875 0.05
0 0.53984375 0.87421875 0.05625 0.046875
0 0.60078125 0.88984375 0.05625 0.0515625
0 0.671875 0.88046875 0.059375 0.05
0 0.67421875 0.828125 0.05625 0.046875
0 0.63671875 0.7828125 0.0421875 0.06875
0 0.559375 0.740625 0.053125 0.0453125
0 0.5484375 0.79375 0.059375 0.046875
0 0.49921875 0.76015625 0.0578125 0.046875
0 0.49609375 0.7140625 0.053125 0.0484375
0 0.5421875 0.6984375 0.053125 0.046875
0 0.60546875 0.70078125 0.0578125 0.046875
0 0.56875 0.653125 0.05 0.0484375
0 0.603125 0.6421875 0.059375 0.046875
0 0.63671875 0.59921875 0.0546875 0.046875
0 0.63046875 0.55 0.059375 0.04375
0 0.63125 0.50234375 0.05 0.0453125
0 0.69921875 0.53359375 0.05625 0.0421875
0 0.684375 0.57734375 0.065625 0.040625
0 0.665625 0.63046875 0.059375 0.0515625
0 0.67890625 0.678125 0.05625 0.04375
0 0.696875 0.7875 0.05625 0.046875
0 0.68359375 0.74296875 0.05625 0.04375
0 0.71328125 0.71171875 0.0578125 0.046875
0 0.753125 0.8484375 0.059375 0.0484375
0 0.83359375 0.80234375 0.05625 0.046875
0 0.76484375 0.7953125 0.059375 0.046875
0 0.74375 0.75234375 0.053125 0.04375
0 0.78203125 0.71796875 0.059375 0.046875
0 0.80390625 0.7625 0.05625 0.05
0 0.815625 0.828125 0.059375 0.0421875
0 0.853125 0.75 0.059375 0.046875
0 0.846875 0.69921875 0.05625 0.05
0 0.79765625 0.671875 0.0625 0.0453125
0 0.725 0.65859375 0.05625 0.0453125
0 0.73359375 0.61328125 0.0625 0.04375
0 0.7875 0.58203125 0.0640625 0.046875
0 0.8046875 0.625 0.0609375 0.046875
0 0.86015625 0.653125 0.0625 0.05
0 0.82578125 0.6046875 0.0671875 0.05
0 0.8546875 0.55546875 0.065625 0.05
0 0.78359375 0.53515625 0.075 0.05
0 0.73984375 0.54140625 0.046875 0.05
0 0.7046875 0.484375 0.05 0.04375
0 0.75625 0.459375 0.0546875 0.040625
0 0.8234375 0.45859375 0.05625 0.040625
0 0.83984375 0.49765625 0.059375 0.046875
0 0.76171875 0.50078125 0.0578125 0.040625
0 0.575 0.27421875 0.059375 0.040625
0 0.58046875 0.83359375 0.06875 0.05
0 0.5375 0.29375 0.059375 0.0375
0 0.475 0.32734375 0.0421875 0.0453125
0 0.465625 0.375 0.04375 0.04375
0 0.4390625 0.41015625 0.0609375 0.046875
0 0.6921875 0.21484375 0.0234375 0.028125
0 0.78828125 0.88203125 0.03125 0.0234375
0 0.775 0.903125 0.0296875 0.025
0 0.803125 0.940625 0.028125 0.021875
0 0.77265625 0.93359375 0.0296875 0.0265625
0 0.7640625 0.9609375 0.03125 0.0265625