0 0.69375 0.82734375 0.046875 0.0359375
0 0.65625 0.76875 0.053125 0.0375
0 0.60390625 0.775 0.040625 0.040625
0 0.628125 0.7046875 0.053125 0.040625
0 0.63828125 0.725 0.0515625 0.0375
0 0.7234375 0.72421875 0.0546875 0.0375
0 0.7046875 0.70234375 0.05625 0.0421875
0 0.7484375 0.675 0.0546875 0.040625
0 0.7625 0.634375 0.05625 0.0421875
0 0.709375 0.6421875 0.0546875 0.040625
0 0.64453125 0.62890625 0.0546875 0.040625
0 0.6125 0.66328125 0.046875 0.040625
0 0.58046875 0.63359375 0.053125 0.0359375
0 0.5703125 0.60078125 0.05 0.040625
0 0.78671875 0.59765625 0.059375 0.0421875
0 0.72890625 0.6 0.05 0.04375
0 0.684375 0.6015625 0.05 0.040625
0 0.7015625 0.5625 0.053125 0.040625
0 0.63984375 0.571875 0.053125 0.040625
0 0.61640625 0.5390625 0.053125 0.040625
0 0.54375 0.665625 0.053125 0.040625
0 0.50703125 0.62265625 0.05625 0.040625
0 0.4953125 0.57890625 0.05625 0.04375
0 0.55 0.5578125 0.05625 0.0421875
0 0.4578125 0.5375 0.059375 0.04375
0 0.515625 0.5234375 0.05 0.046875
0 0.55859375 0.50703125 0.0546875 0.0453125
0 0.5140625 0.471875 0.0515625 0.0453125
0 0.46875 0.4921875 0.0546875 0.04375
0 0.46796875 0.44765625 0.05625 0.0390625
0 0.46328125 0.40625 0.05625 0.046875
0 0.4296875 0.36171875 0.053125 0.04375
0 0.56484375 0.4546875 0.05625 0.04375
0 0.5484375 0.39765625 0.059375 0.046875
0 0.5296875 0.428125 0.053125 0.0375
0 0.50234375 0.37890625 0.053125 0.0421875
0 0.4875 0.334375 0.0578125 0.0453125
0 0.43046875 0.3171875 0.0484375 0.05
0 0.38515625 0.2109375 0.0515625 0.046875
0 0.44296875 0.1953125 0.05625 0.046875
0 0.50546875 0.17109375 0.0546875 0.05
0 0.53984375 0.12578125 0.05625 0.046875
0 0.60078125 0.11015625 0.05625 0.0515625
0 0.671875 0.11953125 0.059375 0.05
0 0.67421875 0.171875 0.05625 0.046875
0 0.63671875 0.2171875 0.0421875 0.06875
0 0.559375 0.259375 0.053125 0.0453125
0 0.5484375 0.20625 0.059375 0.046875
0 0.49921875 0.23984375 0.0578125 0.046875
0 0.49609375 0.2859375 0.053125 0.0484375
0 0.5421875 0.3015625 0.053125 0.046875
0 0.60546875 0.29921875 0.0578125 0.046875
0 0.56875 0.346875 0.05 0.0484375
0 0.603125 0.3578125 0.059375 0.046875
0 0.63671875 0.40078125 0.0546875 0.046875
0 0.63046875 0.45 0.059375 0.04375
0 0.63125 0.49765625 0.05 0.0453125
0 0.69921875 0.46640625 0.05625 0.0421875
0 0.684375 0.42265625 0.065625 0.040625
0 0.665625 0.36953125 0.059375 0.0515625
0 0.67890625 0.321875 0.05625 0.04375
0 0.696875 0.2125 0.05625 0.046875
0 0.68359375 0.25703125 0.05625 0.04375
0 0.71328125 0.28828125 0.0578125 0.046875
0 0.753125 0.1515625 0.059375 0.0484375
0 0.83359375 0.19765625 0.05625 0.046875
0 0.76484375 0.2046875 0.059375 0.046875
0 0.74375 0.24765625 0.053125 0.04375
0 0.78203125 0.28203125 0.059375 0.046875
0 0.80390625 0.2375 0.05625 0.05
0 0.815625 0.171875 0.059375 0.0421875
0 0.853125 0.25 0.059375 0.046875
0 0.846875 0.30078125 0.05625 0.05
0 0.79765625 0.328125 0.0625 0.0453125
0 0.725 0.34140625 0.05625 0.0453125
0 0.73359375 0.38671875 0.0625 0.04375
0 0.7875 0.41796875 0.0640625 0.046875
0 0.8046875 0.375 0.0609375 0.046875
0 0.86015625 0.346875 0.0625 0.05
0 0.82578125 0.3953125 0.0671875 0.05
0 0.8546875 0.44453125 0.065625 0.05
0 0.78359375 0.46484375 0.075 0.05
0 0.73984375 0.45859375 0.046875 0.05
0 0.7046875 0.515625 0.05 0.04375
0 0.75625 0.540625 0.0546875 0.040625
0 0.8234375 0.54140625 0.05625 0.040625
0 0.83984375 0.50234375 0.059375 0.046875
0 0.76171875 0.49921875 0.0578125 0.040625
0 0.575 0.72578125 0.059375 0.040625
0 0.58046875 0.16640625 0.06875 0.05
0 0.5375 0.70625 0.059375 0.0375
0 0.475 0.67265625 0.0421875 0.0453125
0 0.465625 0.625 0.04375 0.04375
0 0.4390625 0.58984375 0.0609375 0.046875
0 0.6921875 0.78515625 0.0234375 0.028125
0 0.78828125 0.11796875 0.03125 0.0234375
0 0.775 0.096875 0.0296875 0.025
0 0.803125 0.059375 0.028125 0.021875
0 0.77265625 0.06640625 0.0296875 0.025
0 0.7640625 0.0390625 0.03125 0.025