0 0.30625 0.17265625 0.046875 0.034375
0 0.34375 0.23125 0.053125 0.0375
0 0.39609375 0.225 0.040625 0.040625
0 0.371875 0.2953125 0.053125 0.040625
0 0.36171875 0.275 0.0515625 0.0375
0 0.2765625 0.27578125 0.0546875 0.0375
0 0.2953125 0.29765625 0.05625 0.0421875
0 0.2515625 0.325 0.0546875 0.040625
0 0.2375 0.365625 0.05625 0.0421875
0 0.290625 0.3578125 0.0546875 0.040625
0 0.35546875 0.37109375 0.0546875 0.040625
0 0.3875 0.33671875 0.046875 0.040625
0 0.41953125 0.36640625 0.053125 0.0359375
0 0.4296875 0.39921875 0.05 0.040625
0 0.21328125 0.40234375 0.059375 0.0421875
0 0.27109375 0.4 0.05 0.04375
0 0.315625 0.3984375 0.05 0.040625
0 0.2984375 0.4375 0.053125 0.040625
0 0.36015625 0.428125 0.053125 0.040625
0 0.38359375 0.4609375 0.053125 0.040625
0 0.45625 0.334375 0.053125 0.040625
0 0.49296875 0.37734375 0.05625 0.040625
0 0.5046875 0.42109375 0.05625 0.04375
0 0.45 0.4421875 0.05625 0.0421875
0 0.5421875 0.4625 0.059375 0.04375
0 0.484375 0.4765625 0.05 0.046875
0 0.44140625 0.49296875 0.0546875 0.0453125
0 0.4859375 0.528125 0.0515625 0.0453125
0 0.53125 0.5078125 0.0546875 0.04375
0 0.53203125 0.55234375 0.05625 0.0390625
0 0.53671875 0.59375 0.05625 0.046875
0 0.5703125 0.63828125 0.053125 0.04375
0 0.43515625 0.5453125 0.05625 0.04375
0 0.4515625 0.60234375 0.059375 0.046875
0 0.4703125 0.571875 0.053125 0.0375
0 0.49765625 0.62109375 0.053125 0.0421875
0 0.5125 0.665625 0.0578125 0.0453125
0 0.56953125 0.6828125 0.0484375 0.05
0 0.61484375 0.7890625 0.0515625 0.046875
0 0.55703125 0.8046875 0.05625 0.046875
0 0.49453125 0.82890625 0.0546875 0.05
0 0.46015625 0.87421875 0.05625 0.046875
0 0.39921875 0.88984375 0.05625 0.0515625
0 0.328125 0.88046875 0.059375 0.05
0 0.32578125 0.828125 0.05625 0.046875
0 0.36328125 0.7828125 0.0421875 0.06875
0 0.440625 0.740625 0.053125 0.0453125
0 0.4515625 0.79375 0.059375 0.046875
0 0.50078125 0.76015625 0.0578125 0.046875
0 0.50390625 0.7140625 0.053125 0.0484375
0 0.4578125 0.6984375 0.053125 0.046875
0 0.39453125 0.70078125 0.0578125 0.046875
0 0.43125 0.653125 0.05 0.0484375
0 0.396875 0.6421875 0.059375 0.046875
0 0.36328125 0.59921875 0.0546875 0.046875
0 0.36953125 0.55 0.059375 0.04375
0 0.36875 0.50234375 0.05 0.0453125
0 0.30078125 0.53359375 0.05625 0.0421875
0 0.315625 0.57734375 0.065625 0.040625
0 0.334375 0.63046875 0.059375 0.0515625
0 0.32109375 0.678125 0.05625 0.04375
0 0.303125 0.7875 0.05625 0.046875
0 0.31640625 0.74296875 0.05625 0.04375
0 0.28671875 0.71171875 0.0578125 0.046875
0 0.246875 0.8484375 0.059375 0.0484375
0 0.16640625 0.80234375 0.05625 0.046875
0 0.23515625 0.7953125 0.059375 0.046875
0 0.25625 0.75234375 0.053125 0.04375
0 0.21796875 0.71796875 0.059375 0.046875
0 0.19609375 0.7625 0.05625 0.05
0 0.184375 0.828125 0.059375 0.0421875
0 0.146875 0.75 0.059375 0.046875
0 0.153125 0.69921875 0.05625 0.05
0 0.20234375 0.671875 0.0625 0.0453125
0 0.275 0.65859375 0.05625 0.0453125
0 0.26640625 0.61328125 0.0625 0.04375
0 0.2125 0.58203125 0.0640625 0.046875
0 0.1953125 0.625 0.0609375 0.046875
0 0.13984375 0.653125 0.0625 0.05
0 0.17421875 0.6046875 0.0671875 0.05
0 0.1453125 0.55546875 0.065625 0.05
0 0.21640625 0.53515625 0.075 0.05
0 0.26015625 0.54140625 0.046875 0.05
0 0.2953125 0.484375 0.05 0.04375
0 0.24375 0.459375 0.0546875 0.040625
0 0.1765625 0.45859375 0.05625 0.040625
0 0.16015625 0.49765625 0.059375 0.046875
0 0.23828125 0.50078125 0.0578125 0.040625
0 0.425 0.27421875 0.059375 0.040625
0 0.41953125 0.83359375 0.06875 0.05
0 0.4625 0.29375 0.059375 0.0375
0 0.525 0.32734375 0.0421875 0.0453125
0 0.534375 0.375 0.04375 0.04375
0 0.5609375 0.41015625 0.0609375 0.046875
0 0.3078125 0.21484375 0.0234375 0.028125
0 0.21171875 0.88203125 0.03125 0.0234375
0 0.225 0.903125 0.0296875 0.025
0 0.196875 0.940625 0.028125 0.021875
0 0.22734375 0.93359375 0.0296875 0.0265625
0 0.2359375 0.9609375 0.03125 0.0265625