0 0.9546875 0.95 0.090625 0.1
0 0.85703125 0.95234375 0.103125 0.09375
0 0.72734375 0.90234375 0.096875 0.1125
0 0.72109375 0.96171875 0.1 0.075
0 0.62421875 0.8671875 0.096875 0.11875
0 0.421875 0.82578125 0.040625 0.053125
0 0.41953125 0.871875 0.040625 0.05
0 0.390625 0.90078125 0.040625 0.0484375
0 0.378125 0.9578125 0.0421875 0.046875
0 0.3453125 0.9203125 0.0390625 0.04375
0 0.30859375 0.8953125 0.040625 0.046875
0 0.2703125 0.8671875 0.0390625 0.05
0 0.2265625 0.8203125 0.040625 0.0515625
0 0.22578125 0.76640625 0.040625 0.0515625
0 0.2 0.7703125 0.034375 0.053125
0 0.1625 0.74609375 0.0390625 0.053125
0 0.38125 0.84609375 0.040625 0.05
0 0.353125 0.8734375 0.04375 0.046875
0 0.31484375 0.8515625 0.0421875 0.04375
0 0.29453125 0.81484375 0.04375 0.05
0 0.26640625 0.8046875 0.040625 0.04375
0 0.278125 0.7640625 0.04375 0.053125
0 0.3421875 0.821875 0.04375 0.046875
0 0.38515625 0.79296875 0.040625 0.0546875
0 0.340625 0.77421875 0.0453125 0.05625
0 0.315625 0.72109375 0.046875 0.0578125
0 0.2671875 0.70390625 0.046875 0.0625
0 0.22109375 0.659375 0.040625 0.0515625
0 0.15703125 0.66640625 0.0390625 0.0515625
0 0.2 0.6109375 0.040625 0.053125
0 0.171875 0.58359375 0.040625 0.05625
0 0.12734375 0.571875 0.0421875 0.05
0 0.10390625 0.675 0.0375 0.053125
0 0.0984375 0.61875 0.040625 0.046875
0 0.06875 0.640625 0.0375 0.053125
0 0.6625 0.96015625 0.034375 0.040625
0 0.62578125 0.98046875 0.0375 0.0375
0 0.63671875 0.934375 0.0390625 0.0453125
0 0.60390625 0.9359375 0.04375 0.0609375
0 0.5640625 0.93125 0.040625 0.0515625
0 0.55546875 0.85625 0.034375 0.04375
0 0.51328125 0.88046875 0.0390625 0.046875
0 0.48515625 0.85859375 0.0328125 0.04375
0 0.48125 0.80390625 0.0375 0.040625
0 0.5203125 0.81875 0.034375 0.040625
0 0.553125 0.8171875 0.0375 0.0421875
0 0.4984375 0.75546875 0.0359375 0.04375
0 0.8109375 0.83515625 0.103125 0.1171875
0 0.91328125 0.83046875 0.103125 0.121875
0 0.91953125 0.71015625 0.1109375 0.1203125
0 0.79921875 0.71796875 0.1 0.125
0 0.684375 0.765625 0.0984375 0.1140625
0 0.559375 0.74140625 0.09375 0.109375
0 0.63671875 0.65390625 0.096875 0.1203125
0 0.95703125 0.60390625 0.0859375 0.125
0 0.85625 0.60859375 0.1078125 0.128125
0 0.91171875 0.47421875 0.109375 0.1359375
0 0.79375 0.478125 0.10625 0.125
0 0.69921875 0.56796875 0.1 0.125
0 0.69921875 0.39609375 0.10625 0.1296875
0 0.6859375 0.265625 0.10625 0.1390625
0 0.6015625 0.34921875 0.0984375 0.1265625
0 0.61328125 0.48359375 0.096875 0.1203125
0 0.52734375 0.56328125 0.090625 0.1125
0 0.475 0.66171875 0.0890625 0.1140625
0 0.584375 0.20546875 0.109375 0.140625
0 0.51015625 0.3 0.103125 0.1359375
0 0.51171875 0.43515625 0.096875 0.11875
0 0.425 0.49765625 0.09375 0.11875
0 0.34453125 0.5765625 0.084375 0.1125
0 0.24765625 0.51328125 0.0890625 0.1125
0 0.321875 0.4328125 0.103125 0.1171875
0 0.409375 0.3734375 0.1 0.128125
0 0.3453125 0.26796875 0.09375 0.1296875
0 0.5234375 0.08125 0.1 0.134375
0 0.41015625 0.146875 0.1 0.13125
0 0.30703125 0.1359375 0.096875 0.128125
0 0.2484375 0.2703125 0.09375 0.128125
0 0.20234375 0.403125 0.0921875 0.11875
0 0.11640625 0.4 0.0828125 0.125
0 0.040625 0.43203125 0.08125 0.1171875
0 0.04609375 0.28046875 0.090625 0.1328125
0 0.14296875 0.24765625 0.090625 0.1328125
0 0.35390625 0.04453125 0.1 0.0875
0 0.20703125 0.06875 0.103125 0.134375
0 0.1234375 0.11328125 0.090625 0.140625
0 0.03984375 0.13125 0.0796875 0.13125
0 0.0625 0.0359375 0.103125 0.071875
0 0.971875 0.23671875 0.04375 0.0578125
0 0.91484375 0.1859375 0.05 0.053125
0 0.96171875 0.18203125 0.04375 0.053125
0 0.95078125 0.13203125 0.046875 0.053125
0 0.98359375 0.09921875 0.03125 0.053125
0 0.97265625 0.040625 0.046875 0.05625
0 0.92890625 0.08515625 0.05 0.05625
0 0.896875 0.13046875 0.046875 0.05
0 0.85234375 0.12890625 0.046875 0.053125
0 0.89140625 0.05390625 0.0453125 0.059375
0 0.84921875 0.06796875 0.0453125 0.05625
0 0.81015625 0.09609375 0.04375 0.059375
0 0.7671875 0.0734375 0.04375 0.0609375
0 0.73359375 0.0375 0.046875 0.0609375
0 0.81328125 0.03359375 0.046875 0.059375
0 0.684375 0.021875 0.046875 0.04375
0 0.7703125 0.01640625 0.04375 0.0328125