0 0.0453125 0.95 0.090625 0.1
0 0.14296875 0.95234375 0.103125 0.09375
0 0.27265625 0.90234375 0.096875 0.1125
0 0.27890625 0.96171875 0.1 0.075
0 0.37578125 0.8671875 0.096875 0.11875
0 0.578125 0.82578125 0.040625 0.053125
0 0.58046875 0.871875 0.040625 0.05
0 0.609375 0.90078125 0.040625 0.0484375
0 0.621875 0.9578125 0.0421875 0.046875
0 0.6546875 0.9203125 0.0390625 0.04375
0 0.69140625 0.8953125 0.040625 0.046875
0 0.7296875 0.8671875 0.0390625 0.05
0 0.7734375 0.8203125 0.040625 0.0515625
0 0.77421875 0.76640625 0.040625 0.0515625
0 0.8 0.7703125 0.034375 0.053125
0 0.8375 0.74609375 0.0390625 0.053125
0 0.61875 0.84609375 0.040625 0.05
0 0.646875 0.8734375 0.04375 0.046875
0 0.68515625 0.8515625 0.0421875 0.04375
0 0.70546875 0.81484375 0.04375 0.05
0 0.73359375 0.8046875 0.040625 0.04375
0 0.721875 0.7640625 0.04375 0.053125
0 0.6578125 0.821875 0.04375 0.046875
0 0.61484375 0.79296875 0.040625 0.0546875
0 0.659375 0.77421875 0.0453125 0.05625
0 0.684375 0.72109375 0.046875 0.0578125
0 0.7328125 0.70390625 0.046875 0.0625
0 0.77890625 0.659375 0.040625 0.0515625
0 0.84296875 0.66640625 0.0390625 0.0515625
0 0.8 0.6109375 0.040625 0.053125
0 0.828125 0.58359375 0.040625 0.05625
0 0.87265625 0.571875 0.0421875 0.05
0 0.89609375 0.675 0.0375 0.053125
0 0.9015625 0.61875 0.040625 0.046875
0 0.93125 0.640625 0.0375 0.053125
0 0.3375 0.96015625 0.034375 0.040625
0 0.37421875 0.98046875 0.0375 0.0375
0 0.36328125 0.934375 0.0390625 0.0453125
0 0.39609375 0.9359375 0.04375 0.0609375
0 0.4359375 0.93125 0.040625 0.0515625
0 0.44453125 0.85625 0.034375 0.04375
0 0.48671875 0.88046875 0.0390625 0.046875
0 0.51484375 0.85859375 0.0328125 0.04375
0 0.51875 0.80390625 0.0375 0.040625
0 0.4796875 0.81875 0.034375 0.040625
0 0.446875 0.8171875 0.0375 0.0421875
0 0.5015625 0.75546875 0.0359375 0.04375
0 0.1890625 0.83515625 0.103125 0.1171875
0 0.08671875 0.83046875 0.103125 0.121875
0 0.08046875 0.71015625 0.1109375 0.1203125
0 0.20078125 0.71796875 0.1 0.125
0 0.315625 0.765625 0.0984375 0.1140625
0 0.440625 0.74140625 0.09375 0.109375
0 0.36328125 0.65390625 0.096875 0.1203125
0 0.04296875 0.60390625 0.0859375 0.125
0 0.14375 0.60859375 0.1078125 0.128125
0 0.08828125 0.47421875 0.109375 0.1359375
0 0.20625 0.478125 0.10625 0.125
0 0.30078125 0.56796875 0.1 0.125
0 0.30078125 0.39609375 0.10625 0.1296875
0 0.3140625 0.265625 0.10625 0.1390625
0 0.3984375 0.34921875 0.0984375 0.1265625
0 0.38671875 0.48359375 0.096875 0.1203125
0 0.47265625 0.56328125 0.090625 0.1125
0 0.525 0.66171875 0.0890625 0.1140625
0 0.415625 0.20546875 0.109375 0.140625
0 0.48984375 0.3 0.103125 0.1359375
0 0.48828125 0.43515625 0.096875 0.11875
0 0.575 0.49765625 0.09375 0.11875
0 0.65546875 0.5765625 0.084375 0.1125
0 0.75234375 0.51328125 0.0890625 0.1125
0 0.678125 0.4328125 0.103125 0.1171875
0 0.590625 0.3734375 0.1 0.128125
0 0.6546875 0.26796875 0.09375 0.1296875
0 0.4765625 0.08125 0.1 0.134375
0 0.58984375 0.146875 0.1 0.13125
0 0.69296875 0.1359375 0.096875 0.128125
0 0.7515625 0.2703125 0.09375 0.128125
0 0.79765625 0.403125 0.0921875 0.11875
0 0.88359375 0.4 0.0828125 0.125
0 0.959375 0.43203125 0.08125 0.1171875
0 0.95390625 0.28046875 0.090625 0.1328125
0 0.85703125 0.24765625 0.090625 0.1328125
0 0.64609375 0.04453125 0.1 0.0875
0 0.79296875 0.06875 0.103125 0.134375
0 0.8765625 0.11328125 0.090625 0.140625
0 0.96015625 0.13125 0.0796875 0.13125
0 0.9375 0.0359375 0.103125 0.071875
0 0.028125 0.23671875 0.04375 0.0578125
0 0.08515625 0.1859375 0.05 0.053125
0 0.03828125 0.18203125 0.04375 0.053125
0 0.04921875 0.13203125 0.046875 0.053125
0 0.01640625 0.09921875 0.03125 0.053125
0 0.02734375 0.040625 0.046875 0.05625
0 0.07109375 0.08515625 0.05 0.05625
0 0.103125 0.13046875 0.046875 0.05
0 0.14765625 0.12890625 0.046875 0.053125
0 0.10859375 0.05390625 0.0453125 0.059375
0 0.15078125 0.06796875 0.0453125 0.05625
0 0.18984375 0.09609375 0.04375 0.059375
0 0.2328125 0.0734375 0.04375 0.0609375
0 0.26640625 0.0375 0.046875 0.0609375
0 0.18671875 0.03359375 0.046875 0.059375
0 0.315625 0.021875 0.046875 0.04375
0 0.2296875 0.01640625 0.04375 0.0328125