0 0.66796875 0.71953125 0.046875 0.0625
0 0.6859375 0.65546875 0.0421875 0.059375
0 0.69296875 0.58828125 0.040625 0.05625
0 0.6734375 0.51953125 0.046875 0.0625
0 0.69453125 0.45546875 0.046875 0.05625
0 0.7078125 0.40234375 0.04375 0.05625
0 0.6796875 0.371875 0.04375 0.05625
0 0.6640625 0.42421875 0.040625 0.053125
0 0.6453125 0.33515625 0.040625 0.05625
0 0.60625 0.3015625 0.040625 0.05625
0 0.575 0.2734375 0.0375 0.05625
0 0.5484375 0.2625 0.0359375 0.053125
0 0.5265625 0.30234375 0.034375 0.05
0 0.6390625 0.39296875 0.0375 0.05625
0 0.60234375 0.3578125 0.0359375 0.053125
0 0.5671875 0.33125 0.034375 0.05625
0 0.5671875 0.3828125 0.0375 0.053125
0 0.59609375 0.41796875 0.0375 0.059375
0 0.628125 0.45390625 0.040625 0.05625
0 0.61875 0.51328125 0.0375 0.05625
0 0.65234375 0.55 0.0421875 0.059375
0 0.6515625 0.60625 0.040625 0.059375
0 0.6453125 0.6734375 0.0375 0.05625
0 0.6078125 0.63515625 0.0375 0.05625
0 0.61484375 0.57734375 0.0390625 0.059375
0 0.603125 0.70234375 0.0390625 0.059375
0 0.6390625 0.73671875 0.0375 0.059375
0 0.6078125 0.75234375 0.0375 0.05625
0 0.5578125 0.775 0.0375 0.05625
0 0.5703125 0.71796875 0.0390625 0.05625
0 0.575 0.65859375 0.040625 0.05625
0 0.57890625 0.6 0.0390625 0.059375
0 0.5515625 0.559375 0.034375 0.053125
0 0.5875 0.53515625 0.0375 0.053125
0 0.58984375 0.47890625 0.0375 0.05625
0 0.55625 0.50390625 0.0375 0.053125
0 0.56015625 0.44765625 0.0390625 0.05
0 0.53125 0.35859375 0.034375 0.05
0 0.50234375 0.38515625 0.034375 0.05
0 0.5265625 0.4109375 0.0375 0.053125
0 0.52734375 0.4671875 0.0328125 0.053125
0 0.521875 0.5265625 0.034375 0.05625
0 0.52109375 0.58203125 0.0359375 0.053125
0 0.54375 0.62890625 0.034375 0.05625
0 0.53984375 0.67890625 0.0375 0.05625
0 0.5375 0.7328125 0.0390625 0.059375
0 0.52734375 0.7890625 0.0359375 0.0625
0 0.49375 0.79609375 0.0359375 0.059375
0 0.5 0.74375 0.0328125 0.053125
0 0.50703125 0.69375 0.0359375 0.05625
0 0.5140625 0.64140625 0.034375 0.05625
0 0.4953125 0.49453125 0.034375 0.053125
0 0.4953125 0.43359375 0.034375 0.05
0 0.50078125 0.32734375 0.0328125 0.053125
0 0.5125 0.28046875 0.0359375 0.05
0 0.478125 0.30390625 0.03125 0.053125
0 0.478125 0.35546875 0.034375 0.05
0 0.4734375 0.40546875 0.034375 0.05
0 0.47265625 0.46953125 0.0359375 0.05
0 0.4625 0.51875 0.03125 0.05
0 0.49296875 0.553125 0.034375 0.053125
0 0.4421875 0.57734375 0.03125 0.053125
0 0.48125 0.6265625 0.034375 0.05
0 0.478125 0.67734375 0.03125 0.05625
0 0.45703125 0.6328125 0.0296875 0.05
0 0.4359375 0.53828125 0.03125 0.04375
0 0.4484375 0.49140625 0.0296875 0.05
0 0.44453125 0.4359375 0.0328125 0.05
0 0.4515625 0.38671875 0.03125 0.05
0 0.4484375 0.33359375 0.034375 0.05
0 0.41875 0.36328125 0.028125 0.053125
0 0.39375 0.38515625 0.028125 0.046875
0 0.37890625 0.43359375 0.0296875 0.05
0 0.42890625 0.41953125 0.03125 0.05
0 0.41171875 0.465625 0.028125 0.05
0 0.3734375 0.4828125 0.028125 0.046875
0 0.4078125 0.51328125 0.0296875 0.046875
0 0.38359375 0.53515625 0.0296875 0.046875
0 0.4015625 0.56015625 0.0296875 0.05
0 0.4046875 0.609375 0.03125 0.046875
0 0.3796875 0.58203125 0.028125 0.046875
0 0.38359375 0.63125 0.0296875 0.05
0 0.41640625 0.659375 0.03125 0.05
0 0.3875 0.67421875 0.03125 0.046875
0 0.4078125 0.71484375 0.03125 0.05
0 0.44375 0.69765625 0.03125 0.05
0 0.4703125 0.73359375 0.03125 0.053125
0 0.459375 0.784375 0.03125 0.053125
0 0.428125 0.7515625 0.03125 0.053125
0 0.8125 0.21015625 0.025 0.03125
0 0.81171875 0.17421875 0.0234375 0.03125
0 0.8015625 0.15546875 0.025 0.028125
0 0.79296875 0.12421875 0.0234375 0.028125
0 0.7828125 0.09140625 0.021875 0.028125
0 0.7546875 0.06015625 0.025 0.028125
0 0.74375 0.040625 0.0234375 0.03125
0 0.725 0.040625 0.01875 0.028125
0 0.70625 0.03828125 0.021875 0.025
0 0.70625 0.05703125 0.021875 0.03125
0 0.71953125 0.1109375 0.021875 0.03125
0 0.7140625 0.09296875 0.021875 0.025
0 0.7375 0.08359375 0.021875 0.025
0 0.7578125 0.0859375 0.025 0.03125
0 0.74375 0.11328125 0.021875 0.025
0 0.7703125 0.11875 0.021875 0.028125
0 0.7546875 0.14453125 0.021875 0.03125
0 0.7328125 0.146875 0.0203125 0.03125
0 0.71015625 0.1484375 0.0234375 0.03125
0 0.68125 0.13984375 0.021875 0.028125
0 0.7765625 0.146875 0.0234375 0.034375
0 0.78515625 0.1765625 0.025 0.03125
0 0.7890625 0.21015625 0.025 0.028125
0 0.79609375 0.23671875 0.025 0.03125
0 0.76875 0.228125 0.025 0.03125
0 0.778125 0.2640625 0.025 0.03125
0 0.765625 0.18046875 0.021875 0.028125
0 0.7390625 0.16640625 0.025 0.028125
0 0.759375 0.1984375 0.0234375 0.03125
0 0.7390625 0.19921875 0.021875 0.03125
0 0.74375 0.23203125 0.021875 0.03125
0 0.75 0.2546875 0.0234375 0.03125
0 0.75546875 0.28125 0.025 0.03125
0 0.7296875 0.2734375 0.021875 0.03125
0 0.7203125 0.221875 0.021875 0.034375
0 0.71484375 0.16484375 0.0234375 0.028125
0 0.71953125 0.1984375 0.021875 0.03125
0 0.6984375 0.19921875 0.0203125 0.028125
0 0.6953125 0.1671875 0.021875 0.03125
0 0.696875 0.11640625 0.021875 0.03125
0 0.69609375 0.08828125 0.0203125 0.028125
0 0.7359375 0.30078125 0.025 0.028125
0 0.728125 0.2578125 0.021875 0.025
0 0.7125 0.30546875 0.021875 0.03125
0 0.70625 0.278125 0.021875 0.028125
0 0.6984375 0.24921875 0.021875 0.028125
0 0.7015625 0.22890625 0.0203125 0.028125
0 0.6828125 0.23046875 0.021875 0.025
0 0.67890625 0.2015625 0.021875 0.03125
0 0.6796875 0.17734375 0.021875 0.025
0 0.665625 0.16796875 0.01875 0.028125
0 0.6703125 0.14296875 0.0171875 0.034375
0 0.6796875 0.10703125 0.021875 0.03125
0 0.68125 0.07265625 0.021875 0.028125
0 0.690625 0.3046875 0.021875 0.03125
0 0.68671875 0.27890625 0.021875 0.028125
0 0.6859375 0.26015625 0.01875 0.028125
0 0.6703125 0.25625 0.01875 0.028125
0 0.6703125 0.2828125 0.01875 0.028125
0 0.67421875 0.30859375 0.01875 0.028125
0 0.68515625 0.04140625 0.021875 0.028125
0 0.6609375 0.03984375 0.021875 0.03125
0 0.66171875 0.07265625 0.01875 0.03125
0 0.66796875 0.09921875 0.0203125 0.028125
0 0.64140625 0.05390625 0.0203125 0.028125
0 0.640625 0.08203125 0.021875 0.028125
0 0.62421875 0.0734375 0.0203125 0.028125
0 0.62734375 0.109375 0.01875 0.028125
0 0.6484375 0.11171875 0.01875 0.028125
0 0.646875 0.14453125 0.021875 0.028125
0 0.6453125 0.18125 0.01875 0.028125
0 0.65625 0.21484375 0.021875 0.028125
0 0.65 0.2484375 0.01875 0.025
0 0.62890625 0.2 0.01875 0.025
0 0.63125 0.1734375 0.01875 0.028125
0 0.628125 0.146875 0.01875 0.03125
0 0.66328125 0.19453125 0.0203125 0.028125
0 0.6328125 0.23828125 0.021875 0.028125
0 0.646875 0.29140625 0.021875 0.028125
0 0.640625 0.27265625 0.021875 0.025
0 0.62265625 0.28125 0.01875 0.021875
0 0.61015625 0.25078125 0.0203125 0.028125
0 0.61640625 0.22578125 0.01875 0.03125
0 0.60859375 0.18671875 0.0234375 0.028125
0 0.6078125 0.159375 0.0203125 0.028125
0 0.609375 0.12734375 0.021875 0.028125
0 0.6140625 0.10234375 0.021875 0.028125