0 0.71953125 0.33203125 0.0625 0.046875
0 0.65546875 0.3140625 0.059375 0.0421875
0 0.58828125 0.30703125 0.05625 0.040625
0 0.51953125 0.3265625 0.0625 0.046875
0 0.45546875 0.30546875 0.05625 0.046875
0 0.40234375 0.2921875 0.05625 0.04375
0 0.371875 0.3203125 0.05625 0.04375
0 0.42421875 0.3359375 0.053125 0.040625
0 0.33515625 0.3546875 0.05625 0.040625
0 0.3015625 0.39375 0.05625 0.040625
0 0.2734375 0.425 0.05625 0.0375
0 0.2625 0.4515625 0.053125 0.0359375
0 0.30234375 0.4734375 0.05 0.034375
0 0.39296875 0.3609375 0.05625 0.0375
0 0.3578125 0.39765625 0.053125 0.0359375
0 0.33125 0.4328125 0.05625 0.034375
0 0.3828125 0.4328125 0.053125 0.0375
0 0.41796875 0.40390625 0.059375 0.0375
0 0.45390625 0.371875 0.05625 0.040625
0 0.51328125 0.38125 0.05625 0.0375
0 0.55 0.34765625 0.059375 0.0421875
0 0.60625 0.3484375 0.059375 0.040625
0 0.6734375 0.3546875 0.05625 0.0375
0 0.63515625 0.3921875 0.05625 0.0375
0 0.57734375 0.38515625 0.059375 0.0390625
0 0.70234375 0.396875 0.059375 0.0390625
0 0.73671875 0.3609375 0.059375 0.0375
0 0.75234375 0.3921875 0.05625 0.0375
0 0.775 0.4421875 0.05625 0.0375
0 0.71796875 0.4296875 0.05625 0.0390625
0 0.65859375 0.425 0.05625 0.040625
0 0.6 0.42109375 0.059375 0.0390625
0 0.559375 0.4484375 0.053125 0.034375
0 0.53515625 0.4125 0.053125 0.0375
0 0.47890625 0.41015625 0.05625 0.0375
0 0.50390625 0.44375 0.053125 0.0375
0 0.44765625 0.43984375 0.05 0.0390625
0 0.35859375 0.46875 0.05 0.034375
0 0.38515625 0.49765625 0.05 0.034375
0 0.4109375 0.4734375 0.053125 0.0375
0 0.4671875 0.47265625 0.053125 0.0328125
0 0.5265625 0.478125 0.05625 0.034375
0 0.58203125 0.47890625 0.053125 0.0359375
0 0.62890625 0.45625 0.05625 0.034375
0 0.67890625 0.46015625 0.05625 0.0375
0 0.7328125 0.4625 0.059375 0.0390625
0 0.7890625 0.47265625 0.0625 0.0359375
0 0.79609375 0.50625 0.059375 0.0359375
0 0.74375 0.5 0.053125 0.0328125
0 0.69375 0.49296875 0.05625 0.0359375
0 0.64140625 0.4859375 0.05625 0.034375
0 0.49453125 0.5046875 0.053125 0.034375
0 0.43359375 0.5046875 0.05 0.034375
0 0.32734375 0.49921875 0.053125 0.0328125
0 0.28046875 0.4875 0.05 0.0359375
0 0.30390625 0.521875 0.053125 0.03125
0 0.35546875 0.521875 0.05 0.034375
0 0.40546875 0.5265625 0.05 0.034375
0 0.46953125 0.52734375 0.05 0.0359375
0 0.51875 0.5375 0.05 0.03125
0 0.553125 0.50703125 0.053125 0.034375
0 0.57734375 0.5578125 0.053125 0.03125
0 0.6265625 0.51875 0.05 0.034375
0 0.67734375 0.521875 0.05625 0.03125
0 0.6328125 0.54296875 0.05 0.0296875
0 0.53828125 0.5640625 0.04375 0.03125
0 0.49140625 0.5515625 0.05 0.0296875
0 0.4359375 0.55546875 0.05 0.0328125
0 0.38671875 0.5484375 0.05 0.03125
0 0.33359375 0.5515625 0.05 0.034375
0 0.36328125 0.58125 0.053125 0.028125
0 0.38515625 0.60625 0.046875 0.028125
0 0.43359375 0.62109375 0.05 0.0296875
0 0.41953125 0.57109375 0.05 0.03125
0 0.465625 0.58828125 0.05 0.028125
0 0.4828125 0.6265625 0.046875 0.028125
0 0.51328125 0.5921875 0.046875 0.0296875
0 0.53515625 0.61640625 0.046875 0.0296875
0 0.56015625 0.5984375 0.05 0.0296875
0 0.609375 0.5953125 0.046875 0.03125
0 0.58203125 0.6203125 0.046875 0.028125
0 0.63125 0.61640625 0.05 0.0296875
0 0.659375 0.58359375 0.05 0.03125
0 0.67421875 0.6125 0.046875 0.03125
0 0.71484375 0.5921875 0.05 0.03125
0 0.69765625 0.55625 0.05 0.03125
0 0.73359375 0.5296875 0.053125 0.03125
0 0.784375 0.540625 0.053125 0.03125
0 0.7515625 0.571875 0.053125 0.03125
0 0.21015625 0.1875 0.03125 0.025
0 0.17421875 0.18828125 0.03125 0.0234375
0 0.15546875 0.1984375 0.028125 0.025
0 0.12421875 0.20703125 0.028125 0.0234375
0 0.09140625 0.2171875 0.028125 0.021875
0 0.06015625 0.2453125 0.028125 0.025
0 0.040625 0.25625 0.03125 0.0234375
0 0.040625 0.275 0.028125 0.01875
0 0.03828125 0.29375 0.025 0.021875
0 0.05703125 0.29375 0.03125 0.021875
0 0.1109375 0.28046875 0.03125 0.021875
0 0.09296875 0.2859375 0.025 0.021875
0 0.08359375 0.2625 0.025 0.021875
0 0.0859375 0.2421875 0.03125 0.025
0 0.11328125 0.25625 0.025 0.021875
0 0.11875 0.2296875 0.028125 0.021875
0 0.14453125 0.2453125 0.03125 0.021875
0 0.146875 0.2671875 0.03125 0.0203125
0 0.1484375 0.28984375 0.03125 0.0234375
0 0.13984375 0.31875 0.028125 0.021875
0 0.146875 0.2234375 0.034375 0.0234375
0 0.1765625 0.21484375 0.03125 0.025
0 0.21015625 0.2109375 0.028125 0.025
0 0.23671875 0.20390625 0.03125 0.025
0 0.228125 0.23125 0.03125 0.025
0 0.2640625 0.221875 0.03125 0.025
0 0.18046875 0.234375 0.028125 0.021875
0 0.16640625 0.2609375 0.028125 0.025
0 0.1984375 0.240625 0.03125 0.0234375
0 0.19921875 0.2609375 0.03125 0.021875
0 0.23203125 0.25625 0.03125 0.021875
0 0.2546875 0.25 0.03125 0.0234375
0 0.28125 0.24453125 0.03125 0.025
0 0.2734375 0.2703125 0.03125 0.021875
0 0.221875 0.2796875 0.034375 0.021875
0 0.16484375 0.28515625 0.028125 0.0234375
0 0.1984375 0.28046875 0.03125 0.021875
0 0.19921875 0.3015625 0.028125 0.0203125
0 0.1671875 0.3046875 0.03125 0.021875
0 0.11640625 0.303125 0.03125 0.021875
0 0.08828125 0.30390625 0.028125 0.0203125
0 0.30078125 0.2640625 0.028125 0.025
0 0.2578125 0.271875 0.025 0.021875
0 0.30546875 0.2875 0.03125 0.021875
0 0.278125 0.29375 0.028125 0.021875
0 0.24921875 0.3015625 0.028125 0.021875
0 0.22890625 0.2984375 0.028125 0.0203125
0 0.23046875 0.3171875 0.025 0.021875
0 0.2015625 0.32109375 0.03125 0.021875
0 0.17734375 0.3203125 0.025 0.021875
0 0.16796875 0.334375 0.028125 0.01875
0 0.14296875 0.3296875 0.034375 0.0171875
0 0.10703125 0.3203125 0.03125 0.021875
0 0.07265625 0.31875 0.028125 0.021875
0 0.3046875 0.309375 0.03125 0.021875
0 0.27890625 0.31328125 0.028125 0.021875
0 0.26015625 0.3140625 0.028125 0.01875
0 0.25625 0.3296875 0.028125 0.01875
0 0.2828125 0.3296875 0.028125 0.01875
0 0.30859375 0.32578125 0.028125 0.01875
0 0.04140625 0.31484375 0.028125 0.021875
0 0.03984375 0.3390625 0.03125 0.021875
0 0.07265625 0.33828125 0.03125 0.01875
0 0.09921875 0.33203125 0.028125 0.0203125
0 0.05390625 0.35859375 0.028125 0.0203125
0 0.08203125 0.359375 0.028125 0.021875
0 0.0734375 0.37578125 0.028125 0.0203125
0 0.109375 0.37265625 0.028125 0.01875
0 0.11171875 0.3515625 0.028125 0.01875
0 0.14453125 0.353125 0.028125 0.021875
0 0.18125 0.3546875 0.028125 0.01875
0 0.21484375 0.34375 0.028125 0.021875
0 0.2484375 0.35 0.025 0.01875
0 0.2 0.37109375 0.025 0.01875
0 0.1734375 0.36875 0.028125 0.01875
0 0.146875 0.371875 0.03125 0.01875
0 0.19453125 0.33671875 0.028125 0.0203125
0 0.23828125 0.3671875 0.028125 0.021875
0 0.29140625 0.353125 0.028125 0.021875
0 0.27265625 0.359375 0.025 0.021875
0 0.28125 0.37734375 0.021875 0.01875
0 0.25078125 0.38984375 0.028125 0.0203125
0 0.22578125 0.38359375 0.03125 0.01875
0 0.18671875 0.39140625 0.028125 0.0234375
0 0.159375 0.3921875 0.028125 0.0203125
0 0.12734375 0.390625 0.028125 0.021875
0 0.10234375 0.3859375 0.028125 0.021875