0 0.153125 0.94375 0.134375 0.0625
0 0.17265625 0.87890625 0.15 0.06875
0 0.15234375 0.81015625 0.1390625 0.06875
0 0.11640625 0.72578125 0.14375 0.0640625
0 0.103125 0.6671875 0.15 0.065625
0 0.10625 0.57578125 0.140625 0.0671875
0 0.08515625 0.4890625 0.134375 0.06875
0 0.1109375 0.41640625 0.140625 0.065625
0 0.0703125 0.3296875 0.1390625 0.065625
0 0.28984375 0.9234375 0.1125 0.053125
0 0.2453125 0.83515625 0.1078125 0.05
0 0.2734375 0.77734375 0.10625 0.05625
0 0.3 0.71796875 0.115625 0.053125
0 0.2078125 0.621875 0.1109375 0.0515625
0 0.26015625 0.56015625 0.109375 0.053125
0 0.25703125 0.46640625 0.1390625 0.0625
0 0.26484375 0.40078125 0.115625 0.053125
0 0.20625 0.3203125 0.1046875 0.053125
0 0.43671875 0.96953125 0.0953125 0.05
0 0.409375 0.8671875 0.0921875 0.0484375
0 0.43203125 0.82890625 0.09375 0.0515625
0 0.48671875 0.78828125 0.084375 0.04375
0 0.43125 0.7546875 0.090625 0.05
0 0.37734375 0.675 0.0984375 0.0515625
0 0.3765625 0.61953125 0.10625 0.05
0 0.34921875 0.53671875 0.103125 0.0484375
0 0.35625 0.46328125 0.0921875 0.05
0 0.359375 0.3203125 0.10625 0.053125
0 0.4078125 0.39609375 0.09375 0.0546875
0 0.5546875 0.31640625 0.0921875 0.0515625
0 0.52578125 0.91796875 0.08125 0.046875
0 0.55234375 0.86640625 0.0875 0.046875
0 0.5796875 0.87734375 0.084375 0.046875
0 0.609375 0.83359375 0.075 0.040625
0 0.61796875 0.77578125 0.078125 0.04375
0 0.53046875 0.7359375 0.0953125 0.05
0 0.5484375 0.69375 0.084375 0.0375
0 0.5234375 0.6640625 0.09375 0.046875
0 0.446875 0.58359375 0.0890625 0.046875
0 0.50859375 0.525 0.084375 0.046875
0 0.5140625 0.39453125 0.0875 0.0515625
0 0.58046875 0.38125 0.071875 0.05
0 0.66796875 0.32109375 0.075 0.046875
0 0.70859375 0.32265625 0.0546875 0.046875
0 0.78671875 0.33125 0.065625 0.0421875
0 0.88203125 0.33984375 0.0625 0.04375
0 0.93984375 0.34765625 0.053125 0.0375
0 0.43828125 0.44453125 0.084375 0.04375
0 0.58984375 0.45234375 0.075 0.0453125
0 0.74296875 0.38125 0.084375 0.04375
0 0.840625 0.39296875 0.075 0.0421875
0 0.9203125 0.4046875 0.0578125 0.0375
0 0.7078125 0.44921875 0.06875 0.04375
0 0.7625 0.45390625 0.065625 0.0375
0 0.88359375 0.45625 0.059375 0.0390625
0 0.93515625 0.45546875 0.053125 0.0359375
0 0.64140625 0.525 0.078125 0.046875
0 0.7125 0.52578125 0.06875 0.04375
0 0.7828125 0.5171875 0.065625 0.040625
0 0.81875 0.50859375 0.04375 0.0375
0 0.909375 0.50546875 0.05625 0.034375
0 0.94921875 0.55625 0.053125 0.034375
0 0.89609375 0.56796875 0.059375 0.040625
0 0.76484375 0.571875 0.065625 0.0375
0 0.646875 0.58125 0.0671875 0.0375
0 0.57734375 0.57890625 0.075 0.0421875
0 0.61796875 0.63671875 0.08125 0.046875
0 0.71484375 0.64609375 0.071875 0.040625
0 0.784375 0.62890625 0.065625 0.0359375
0 0.83359375 0.61171875 0.05625 0.0359375
0 0.93359375 0.60234375 0.05625 0.034375
0 0.65234375 0.68984375 0.075 0.040625
0 0.74296875 0.6796875 0.065625 0.0375
0 0.878125 0.65859375 0.05625 0.0359375
0 0.9203125 0.6484375 0.05 0.034375
0 0.834375 0.709375 0.0578125 0.0390625
0 0.93671875 0.703125 0.059375 0.034375
0 0.92265625 0.74296875 0.053125 0.034375
0 0.9 0.7765625 0.0625 0.0375
0 0.95234375 0.79921875 0.05625 0.0375
0 0.80234375 0.74609375 0.059375 0.0375
0 0.7453125 0.771875 0.0671875 0.040625
0 0.784375 0.78828125 0.0625 0.0359375
0 0.68515625 0.809375 0.06875 0.040625
0 0.74375 0.875 0.065625 0.04375
0 0.79453125 0.83984375 0.059375 0.0375
0 0.83984375 0.809375 0.0578125 0.0375