0 0.846875 0.05625 0.134375 0.0625
0 0.82734375 0.12109375 0.15 0.06875
0 0.84765625 0.18984375 0.1390625 0.06875
0 0.88359375 0.27421875 0.14375 0.0640625
0 0.896875 0.3328125 0.15 0.065625
0 0.89375 0.42421875 0.140625 0.065625
0 0.91484375 0.5109375 0.134375 0.06875
0 0.8890625 0.58359375 0.140625 0.065625
0 0.9296875 0.6703125 0.1390625 0.0671875
0 0.71015625 0.0765625 0.1125 0.053125
0 0.7546875 0.16484375 0.1078125 0.05
0 0.7265625 0.22265625 0.10625 0.05625
0 0.7 0.28203125 0.115625 0.053125
0 0.7921875 0.378125 0.1109375 0.0515625
0 0.73984375 0.43984375 0.109375 0.053125
0 0.74296875 0.53359375 0.1390625 0.0625
0 0.73515625 0.59921875 0.115625 0.053125
0 0.79375 0.6796875 0.1046875 0.053125
0 0.56328125 0.03046875 0.0953125 0.05
0 0.590625 0.1328125 0.0921875 0.0484375
0 0.56796875 0.17109375 0.09375 0.0515625
0 0.51328125 0.21171875 0.084375 0.04375
0 0.56875 0.2453125 0.090625 0.05
0 0.62265625 0.325 0.0984375 0.0515625
0 0.6234375 0.38046875 0.10625 0.05
0 0.65078125 0.46328125 0.103125 0.0484375
0 0.64375 0.53671875 0.0921875 0.05
0 0.640625 0.6796875 0.10625 0.053125
0 0.5921875 0.60390625 0.09375 0.0546875
0 0.4453125 0.68359375 0.0921875 0.0515625
0 0.47421875 0.08203125 0.08125 0.046875
0 0.44765625 0.13359375 0.0875 0.046875
0 0.4203125 0.12265625 0.084375 0.046875
0 0.390625 0.16640625 0.075 0.040625
0 0.38203125 0.22421875 0.078125 0.04375
0 0.46953125 0.2640625 0.0953125 0.05
0 0.4515625 0.30625 0.084375 0.0375
0 0.4765625 0.3359375 0.09375 0.046875
0 0.553125 0.41640625 0.0890625 0.046875
0 0.49140625 0.475 0.084375 0.046875
0 0.4859375 0.60546875 0.0875 0.0515625
0 0.41953125 0.61875 0.071875 0.05
0 0.33203125 0.67890625 0.075 0.046875
0 0.29140625 0.67734375 0.0546875 0.046875
0 0.21328125 0.66875 0.065625 0.0421875
0 0.11796875 0.66015625 0.0625 0.04375
0 0.06015625 0.65234375 0.053125 0.0375
0 0.56171875 0.55546875 0.084375 0.04375
0 0.41015625 0.54765625 0.075 0.0453125
0 0.25703125 0.61875 0.084375 0.04375
0 0.159375 0.60703125 0.075 0.0421875
0 0.0796875 0.5953125 0.0578125 0.0375
0 0.2921875 0.55078125 0.06875 0.04375
0 0.2375 0.54609375 0.065625 0.0375
0 0.11640625 0.54375 0.059375 0.0390625
0 0.06484375 0.54453125 0.053125 0.0359375
0 0.35859375 0.475 0.078125 0.046875
0 0.2875 0.47421875 0.06875 0.04375
0 0.2171875 0.4828125 0.065625 0.040625
0 0.18125 0.49140625 0.04375 0.0375
0 0.090625 0.49453125 0.05625 0.034375
0 0.05078125 0.44375 0.053125 0.034375
0 0.10390625 0.43203125 0.059375 0.040625
0 0.23515625 0.428125 0.065625 0.0375
0 0.353125 0.41875 0.0671875 0.0375
0 0.42265625 0.42109375 0.075 0.0421875
0 0.38203125 0.36328125 0.08125 0.046875
0 0.28515625 0.35390625 0.071875 0.040625
0 0.215625 0.37109375 0.065625 0.0359375
0 0.16640625 0.38828125 0.05625 0.0359375
0 0.06640625 0.39765625 0.05625 0.034375
0 0.34765625 0.31015625 0.075 0.040625
0 0.25703125 0.3203125 0.065625 0.0375
0 0.121875 0.34140625 0.05625 0.0359375
0 0.0796875 0.3515625 0.05 0.034375
0 0.165625 0.290625 0.0578125 0.0375
0 0.06328125 0.296875 0.059375 0.034375
0 0.07734375 0.25703125 0.053125 0.034375
0 0.1 0.2234375 0.0625 0.0375
0 0.04765625 0.20078125 0.05625 0.0375
0 0.19765625 0.25390625 0.059375 0.0375
0 0.2546875 0.228125 0.0671875 0.040625
0 0.215625 0.21171875 0.0625 0.0375
0 0.31484375 0.190625 0.06875 0.040625
0 0.25625 0.125 0.065625 0.04375
0 0.20546875 0.16015625 0.059375 0.0375
0 0.16015625 0.190625 0.0578125 0.0375