0 0.62421875 0.87578125 0.078125 0.084375
0 0.65546875 0.8078125 0.084375 0.0828125
0 0.678125 0.72734375 0.0859375 0.08125
0 0.59375 0.753125 0.08125 0.08125
0 0.6046875 0.67265625 0.078125 0.078125
0 0.6703125 0.62734375 0.090625 0.090625
0 0.734375 0.67578125 0.09375 0.096875
0 0.81015625 0.6203125 0.090625 0.0875
0 0.84140625 0.53828125 0.0921875 0.084375
0 0.93515625 0.53046875 0.096875 0.08125
0 0.940625 0.4390625 0.09375 0.08125
0 0.84453125 0.45390625 0.0890625 0.084375
0 0.75859375 0.48359375 0.0859375 0.084375
0 0.72578125 0.55859375 0.090625 0.084375
0 0.646875 0.49453125 0.0796875 0.08125
0 0.696875 0.43359375 0.084375 0.08125
0 0.77734375 0.39140625 0.084375 0.084375
0 0.840625 0.2890625 0.09375 0.09375
0 0.86328125 0.38828125 0.084375 0.06875
0 0.859375 0.21328125 0.090625 0.08125
0 0.79140625 0.15 0.0875 0.084375
0 0.7328125 0.09765625 0.0875 0.075
0 0.65625 0.05859375 0.084375 0.08125
0 0.6046875 0.115625 0.0875 0.084375
0 0.6875 0.16640625 0.0875 0.084375
0 0.75 0.2328125 0.09375 0.08125
0 0.7515625 0.30703125 0.0921875 0.096875
0 0.678125 0.35234375 0.084375 0.0875
0 0.6765625 0.27265625 0.0890625 0.075
0 0.62421875 0.228125 0.078125 0.078125
0 0.6 0.37734375 0.0765625 0.08125
0 0.5703125 0.45078125 0.0765625 0.078125
0 0.575 0.28046875 0.08125 0.078125
0 0.52734375 0.2140625 0.084375 0.08125
0 0.53671875 0.15078125 0.078125 0.071875
0 0.50078125 0.0984375 0.0734375 0.078125
0 0.428125 0.1234375 0.078125 0.075
0 0.315625 0.134375 0.075 0.075
0 0.4671875 0.18125 0.06875 0.06875
0 0.45390625 0.23671875 0.075 0.075
0 0.4046875 0.228125 0.0625 0.065625
0 0.50546875 0.30546875 0.08125 0.078125
0 0.51875 0.38359375 0.075 0.075
0 0.43671875 0.35 0.08125 0.078125
0 0.38046875 0.28359375 0.075 0.0875
0 0.31875 0.21484375 0.0734375 0.075
0 0.2484375 0.23984375 0.06875 0.078125
0 0.30859375 0.296875 0.075 0.078125
0 0.46484375 0.43515625 0.08125 0.078125
0 0.5 0.49765625 0.0765625 0.08125
0 0.58359375 0.54453125 0.078125 0.0875
0 0.546875 0.6140625 0.075 0.08125
0 0.46953125 0.57421875 0.0828125 0.084375
0 0.4109375 0.51875 0.078125 0.0875
0 0.35546875 0.46484375 0.0765625 0.0875
0 0.3859375 0.3953125 0.0765625 0.075
0 0.30390625 0.36953125 0.078125 0.08125
0 0.259375 0.35078125 0.065625 0.075
0 0.190625 0.28828125 0.0734375 0.071875
0 0.18046875 0.2 0.06875 0.071875
0 0.11015625 0.23125 0.065625 0.075
0 0.1203125 0.32265625 0.0703125 0.075
0 0.08359375 0.29921875 0.0578125 0.06875
0 0.52890625 0.69296875 0.078125 0.08125
0 0.45703125 0.64921875 0.071875 0.071875
0 0.3875 0.59453125 0.078125 0.084375
0 0.33671875 0.5359375 0.06875 0.08125
0 0.27265625 0.46953125 0.06875 0.078125
0 0.24375 0.415625 0.0703125 0.071875
0 0.17734375 0.37890625 0.071875 0.075
0 0.1765625 0.45078125 0.06875 0.071875
0 0.53515625 0.90625 0.08125 0.084375
0 0.54921875 0.82734375 0.08125 0.0875
0 0.4984375 0.76796875 0.06875 0.078125
0 0.484375 0.83984375 0.071875 0.078125
0 0.4734375 0.91484375 0.071875 0.084375
0 0.3921875 0.88203125 0.0765625 0.078125
0 0.4203125 0.79765625 0.0703125 0.078125
0 0.4328125 0.721875 0.071875 0.08125
0 0.359375 0.6703125 0.075 0.08125
0 0.35859375 0.74453125 0.071875 0.078125
0 0.35234375 0.8203125 0.071875 0.075
0 0.2953125 0.76796875 0.071875 0.078125
0 0.3109375 0.69296875 0.06875 0.075
0 0.2375 0.71171875 0.065625 0.075
0 0.3265625 0.61328125 0.0625 0.071875
0 0.25859375 0.63828125 0.08125 0.065625
0 0.27421875 0.56328125 0.071875 0.078125
0 0.2046875 0.5859375 0.071875 0.075
0 0.18984375 0.65703125 0.071875 0.075
0 0.24140625 0.50546875 0.075 0.075
0 0.171875 0.52890625 0.06875 0.071875
0 0.1390625 0.609375 0.071875 0.075
0 0.0828125 0.54375 0.065625 0.071875
0 0.09453125 0.46953125 0.071875 0.075
0 0.1265625 0.40234375 0.0625 0.071875
0 0.078125 0.36875 0.0625 0.071875
0 0.0734375 0.4390625 0.0625 0.06875