0 0.37578125 0.12421875 0.078125 0.084375
0 0.34453125 0.1921875 0.084375 0.08125
0 0.321875 0.27265625 0.0859375 0.08125
0 0.40625 0.246875 0.08125 0.08125
0 0.3953125 0.32734375 0.078125 0.078125
0 0.3296875 0.37265625 0.090625 0.090625
0 0.265625 0.32421875 0.09375 0.096875
0 0.18984375 0.3796875 0.090625 0.0875
0 0.15859375 0.46171875 0.0921875 0.084375
0 0.06484375 0.46953125 0.096875 0.08125
0 0.059375 0.5609375 0.09375 0.0828125
0 0.15546875 0.54609375 0.0890625 0.084375
0 0.24140625 0.51640625 0.0859375 0.084375
0 0.27421875 0.44140625 0.090625 0.084375
0 0.353125 0.50546875 0.0796875 0.08125
0 0.303125 0.56640625 0.084375 0.08125
0 0.22265625 0.60859375 0.084375 0.084375
0 0.159375 0.7109375 0.09375 0.09375
0 0.13671875 0.61171875 0.084375 0.0703125
0 0.140625 0.78671875 0.090625 0.08125
0 0.20859375 0.85 0.0875 0.084375
0 0.2671875 0.90234375 0.0875 0.075
0 0.34375 0.94140625 0.084375 0.08125
0 0.3953125 0.884375 0.0875 0.084375
0 0.3125 0.83359375 0.0875 0.084375
0 0.25 0.7671875 0.09375 0.08125
0 0.2484375 0.69296875 0.0921875 0.096875
0 0.321875 0.64765625 0.084375 0.0875
0 0.3234375 0.72734375 0.0890625 0.075
0 0.37578125 0.771875 0.078125 0.078125
0 0.4 0.62265625 0.0765625 0.08125
0 0.4296875 0.54921875 0.0765625 0.078125
0 0.425 0.71953125 0.08125 0.078125
0 0.47265625 0.7859375 0.084375 0.08125
0 0.46328125 0.84921875 0.078125 0.071875
0 0.49921875 0.9015625 0.0734375 0.078125
0 0.571875 0.8765625 0.078125 0.075
0 0.684375 0.865625 0.075 0.075
0 0.5328125 0.81875 0.06875 0.06875
0 0.54609375 0.76328125 0.075 0.075
0 0.5953125 0.771875 0.0625 0.065625
0 0.49453125 0.69453125 0.08125 0.078125
0 0.48125 0.61640625 0.075 0.075
0 0.56328125 0.65 0.08125 0.078125
0 0.61953125 0.71640625 0.075 0.0875
0 0.68125 0.78515625 0.0734375 0.075
0 0.7515625 0.76015625 0.06875 0.078125
0 0.69140625 0.703125 0.075 0.078125
0 0.53515625 0.56484375 0.08125 0.078125
0 0.5 0.50234375 0.0765625 0.08125
0 0.41640625 0.45546875 0.078125 0.0875
0 0.453125 0.3859375 0.075 0.08125
0 0.53046875 0.42578125 0.0828125 0.084375
0 0.5890625 0.48125 0.078125 0.0875
0 0.64453125 0.53515625 0.0765625 0.0875
0 0.6140625 0.6046875 0.0765625 0.075
0 0.69609375 0.63046875 0.078125 0.08125
0 0.740625 0.64921875 0.065625 0.075
0 0.809375 0.71171875 0.0734375 0.071875
0 0.81953125 0.8 0.06875 0.071875
0 0.88984375 0.76875 0.065625 0.075
0 0.8796875 0.67734375 0.0703125 0.0765625
0 0.91640625 0.70078125 0.0578125 0.06875
0 0.47109375 0.30703125 0.078125 0.08125
0 0.54296875 0.35078125 0.071875 0.071875
0 0.6125 0.40546875 0.078125 0.084375
0 0.66328125 0.4640625 0.06875 0.08125
0 0.72734375 0.53046875 0.06875 0.078125
0 0.75625 0.584375 0.0703125 0.071875
0 0.82265625 0.62109375 0.071875 0.075
0 0.8234375 0.54921875 0.06875 0.071875
0 0.46484375 0.09375 0.08125 0.084375
0 0.45078125 0.17265625 0.08125 0.0875
0 0.5015625 0.23203125 0.06875 0.078125
0 0.515625 0.16015625 0.071875 0.078125
0 0.5265625 0.08515625 0.071875 0.084375
0 0.6078125 0.11796875 0.0765625 0.078125
0 0.5796875 0.20234375 0.0703125 0.078125
0 0.5671875 0.278125 0.071875 0.08125
0 0.640625 0.3296875 0.075 0.08125
0 0.64140625 0.25546875 0.071875 0.078125
0 0.64765625 0.1796875 0.071875 0.075
0 0.7046875 0.23203125 0.071875 0.078125
0 0.6890625 0.30703125 0.06875 0.075
0 0.7625 0.28828125 0.065625 0.075
0 0.6734375 0.38671875 0.0625 0.071875
0 0.74140625 0.36171875 0.08125 0.065625
0 0.72578125 0.43671875 0.071875 0.078125
0 0.7953125 0.4140625 0.071875 0.075
0 0.81015625 0.34296875 0.071875 0.075
0 0.75859375 0.49453125 0.075 0.075
0 0.828125 0.47109375 0.06875 0.071875
0 0.8609375 0.390625 0.071875 0.075
0 0.9171875 0.45625 0.065625 0.071875
0 0.90546875 0.53046875 0.071875 0.075
0 0.8734375 0.59765625 0.0625 0.071875
0 0.921875 0.63125 0.0625 0.0703125
0 0.9265625 0.5609375 0.0625 0.06875