0 0.37578125 0.87578125 0.078125 0.084375
0 0.34453125 0.8078125 0.084375 0.0828125
0 0.321875 0.72734375 0.0859375 0.08125
0 0.40625 0.753125 0.08125 0.08125
0 0.3953125 0.67265625 0.078125 0.078125
0 0.3296875 0.62734375 0.090625 0.090625
0 0.265625 0.67578125 0.09375 0.096875
0 0.18984375 0.6203125 0.090625 0.0875
0 0.15859375 0.53828125 0.0921875 0.084375
0 0.06484375 0.53046875 0.096875 0.08125
0 0.059375 0.4390625 0.09375 0.08125
0 0.15546875 0.45390625 0.0890625 0.084375
0 0.24140625 0.48359375 0.0859375 0.084375
0 0.27421875 0.55859375 0.090625 0.084375
0 0.353125 0.49453125 0.0796875 0.08125
0 0.303125 0.43359375 0.084375 0.08125
0 0.22265625 0.39140625 0.084375 0.084375
0 0.159375 0.2890625 0.09375 0.09375
0 0.13671875 0.38828125 0.084375 0.06875
0 0.140625 0.21328125 0.090625 0.08125
0 0.20859375 0.15 0.0875 0.084375
0 0.2671875 0.09765625 0.0875 0.075
0 0.34375 0.05859375 0.084375 0.08125
0 0.3953125 0.115625 0.0875 0.084375
0 0.3125 0.16640625 0.0875 0.084375
0 0.25 0.2328125 0.09375 0.08125
0 0.2484375 0.30703125 0.0921875 0.096875
0 0.321875 0.35234375 0.084375 0.0875
0 0.3234375 0.27265625 0.0890625 0.075
0 0.37578125 0.228125 0.078125 0.078125
0 0.4 0.37734375 0.0765625 0.08125
0 0.4296875 0.45078125 0.0765625 0.078125
0 0.425 0.28046875 0.08125 0.078125
0 0.47265625 0.2140625 0.084375 0.08125
0 0.46328125 0.15078125 0.078125 0.071875
0 0.49921875 0.0984375 0.0734375 0.078125
0 0.571875 0.1234375 0.078125 0.075
0 0.684375 0.134375 0.075 0.075
0 0.5328125 0.18125 0.06875 0.06875
0 0.54609375 0.23671875 0.075 0.075
0 0.5953125 0.228125 0.0625 0.065625
0 0.49453125 0.30546875 0.08125 0.078125
0 0.48125 0.38359375 0.075 0.075
0 0.56328125 0.35 0.08125 0.078125
0 0.61953125 0.28359375 0.075 0.0875
0 0.68125 0.21484375 0.0734375 0.075
0 0.7515625 0.23984375 0.06875 0.078125
0 0.69140625 0.296875 0.075 0.078125
0 0.53515625 0.43515625 0.08125 0.078125
0 0.5 0.49765625 0.0765625 0.08125
0 0.41640625 0.54453125 0.078125 0.0875
0 0.453125 0.6140625 0.075 0.08125
0 0.53046875 0.57421875 0.0828125 0.084375
0 0.5890625 0.51875 0.078125 0.0875
0 0.64453125 0.46484375 0.0765625 0.0875
0 0.6140625 0.3953125 0.0765625 0.075
0 0.69609375 0.36953125 0.078125 0.08125
0 0.740625 0.35078125 0.065625 0.075
0 0.809375 0.28828125 0.0734375 0.071875
0 0.81953125 0.2 0.06875 0.071875
0 0.88984375 0.23125 0.065625 0.075
0 0.8796875 0.32265625 0.0703125 0.075
0 0.91640625 0.29921875 0.0578125 0.06875
0 0.47109375 0.69296875 0.078125 0.08125
0 0.54296875 0.64921875 0.071875 0.071875
0 0.6125 0.59453125 0.078125 0.084375
0 0.66328125 0.5359375 0.06875 0.08125
0 0.72734375 0.46953125 0.06875 0.078125
0 0.75625 0.415625 0.0703125 0.071875
0 0.82265625 0.37890625 0.071875 0.075
0 0.8234375 0.45078125 0.06875 0.071875
0 0.46484375 0.90625 0.08125 0.084375
0 0.45078125 0.82734375 0.08125 0.0875
0 0.5015625 0.76796875 0.06875 0.078125
0 0.515625 0.83984375 0.071875 0.078125
0 0.5265625 0.91484375 0.071875 0.084375
0 0.6078125 0.88203125 0.0765625 0.078125
0 0.5796875 0.79765625 0.0703125 0.078125
0 0.5671875 0.721875 0.071875 0.08125
0 0.640625 0.6703125 0.075 0.08125
0 0.64140625 0.74453125 0.071875 0.078125
0 0.64765625 0.8203125 0.071875 0.075
0 0.7046875 0.76796875 0.071875 0.078125
0 0.6890625 0.69296875 0.06875 0.075
0 0.7625 0.71171875 0.065625 0.075
0 0.6734375 0.61328125 0.0625 0.071875
0 0.74140625 0.63828125 0.08125 0.065625
0 0.72578125 0.56328125 0.071875 0.078125
0 0.7953125 0.5859375 0.071875 0.075
0 0.81015625 0.65703125 0.071875 0.075
0 0.75859375 0.50546875 0.075 0.075
0 0.828125 0.52890625 0.06875 0.071875
0 0.8609375 0.609375 0.071875 0.075
0 0.9171875 0.54375 0.065625 0.071875
0 0.90546875 0.46953125 0.071875 0.075
0 0.8734375 0.40234375 0.0625 0.071875
0 0.921875 0.36875 0.0625 0.071875
0 0.9265625 0.4390625 0.0625 0.06875