0 0.5484375 0.26875 0.0484375 0.04375
0 0.47734375 0.2984375 0.046875 0.04375
0 0.40390625 0.3421875 0.0515625 0.0484375
0 0.28671875 0.353125 0.04375 0.0421875
0 0.225 0.39453125 0.05 0.04375
0 0.0265625 0.38203125 0.0421875 0.046875
0 0.08359375 0.4484375 0.0484375 0.046875
0 0.01953125 0.45859375 0.0375 0.053125
0 0.06484375 0.5046875 0.046875 0.0453125
0 0.0140625 0.5265625 0.0265625 0.053125
0 0.01953125 0.58671875 0.0375 0.05625
0 0.02109375 0.65078125 0.040625 0.05625
0 0.14296875 0.521875 0.04375 0.0453125
0 0.11796875 0.57578125 0.0546875 0.053125
0 0.13203125 0.65390625 0.053125 0.053125
0 0.10078125 0.6359375 0.053125 0.053125
0 0.103125 0.703125 0.05 0.0515625
0 0.184375 0.46953125 0.053125 0.0484375
0 0.2640625 0.4640625 0.0421875 0.04375
0 0.221875 0.5421875 0.053125 0.053125
0 0.19296875 0.5921875 0.05 0.04375
0 0.08125 0.77109375 0.046875 0.053125
0 0.08984375 0.83046875 0.04375 0.04375
0 0.07421875 0.9078125 0.053125 0.053125
0 0.1625 0.740625 0.05625 0.053125
0 0.22734375 0.66015625 0.0453125 0.0484375
0 0.27578125 0.59921875 0.05 0.053125
0 0.29609375 0.521875 0.05 0.0484375
0 0.34375 0.48359375 0.05625 0.0515625
0 0.32109375 0.41328125 0.059375 0.053125
0 0.38203125 0.44140625 0.04375 0.0453125
0 0.4421875 0.4375 0.059375 0.053125
0 0.46171875 0.38671875 0.0484375 0.0453125
0 0.5421875 0.35078125 0.04375 0.046875
0 0.5375 0.4125 0.04375 0.046875
0 0.5109375 0.4703125 0.053125 0.05625
0 0.47109375 0.53046875 0.05 0.053125
0 0.409375 0.51015625 0.04375 0.04375
0 0.38046875 0.55078125 0.0453125 0.046875
0 0.3515625 0.61484375 0.053125 0.059375
0 0.23125 0.7421875 0.046875 0.046875
0 0.15234375 0.8203125 0.05 0.0578125
0 0.221875 0.81484375 0.046875 0.05
0 0.30546875 0.75546875 0.0515625 0.053125
0 0.33359375 0.68046875 0.053125 0.0609375
0 0.38671875 0.71171875 0.053125 0.05625
0 0.4109375 0.64609375 0.0484375 0.046875
0 0.4375 0.58671875 0.0453125 0.046875
0 0.55625 0.53203125 0.05625 0.0515625
0 0.53984375 0.57890625 0.053125 0.0484375
0 0.49921875 0.64296875 0.05625 0.05625
0 0.46953125 0.70625 0.0453125 0.04375
0 0.4359375 0.76796875 0.053125 0.05
0 0.36015625 0.76953125 0.05 0.05
0 0.34609375 0.83125 0.0578125 0.053125
0 0.28828125 0.81796875 0.05625 0.053125
0 0.15078125 0.878125 0.059375 0.0578125
0 0.1359375 0.95 0.0609375 0.0640625
0 0.21328125 0.8828125 0.046875 0.0484375
0 0.20703125 0.94609375 0.053125 0.046875
0 0.26328125 0.8890625 0.046875 0.053125
0 0.26015625 0.9484375 0.05 0.053125
0 0.33046875 0.8921875 0.05625 0.0546875
0 0.32890625 0.96015625 0.053125 0.053125
0 0.41875 0.82265625 0.04375 0.0484375
0 0.40703125 0.884375 0.053125 0.053125
0 0.40234375 0.95 0.05 0.0453125
0 0.465625 0.9453125 0.053125 0.053125
0 0.47421875 0.8796875 0.0515625 0.0515625
0 0.4953125 0.80625 0.04375 0.04375
0 0.5234375 0.73828125 0.0546875 0.0515625
0 0.5546875 0.6859375 0.0421875 0.046875
0 0.590625 0.6234375 0.046875 0.046875
0 0.55078125 0.87109375 0.0515625 0.053125
0 0.55 0.9375 0.05625 0.053125
0 0.6203125 0.93203125 0.05625 0.0578125
0 0.69140625 0.93671875 0.053125 0.053125
0 0.61015625 0.86171875 0.0453125 0.0484375
0 0.57578125 0.796875 0.0484375 0.04375
0 0.60546875 0.75390625 0.04375 0.040625
0 0.64765625 0.6921875 0.046875 0.046875
0 0.6703125 0.8296875 0.0546875 0.05625
0 0.73984375 0.8765625 0.059375 0.0625
0 0.784375 0.93671875 0.05625 0.053125
0 0.81953125 0.88203125 0.0515625 0.05625
0 0.78359375 0.83125 0.04375 0.0453125
0 0.7203125 0.78125 0.05625 0.0546875
0 0.7796875 0.74375 0.053125 0.05625
0 0.8234375 0.79609375 0.05625 0.053125
0 0.8671875 0.8546875 0.053125 0.053125
0 0.88359375 0.80546875 0.040625 0.046875
0 0.93203125 0.7453125 0.04375 0.04375
0 0.85078125 0.7359375 0.046875 0.04375
0 0.80390625 0.67109375 0.05625 0.05625
0 0.68515625 0.6296875 0.05 0.046875
0 0.6234375 0.56015625 0.053125 0.05625
0 0.66953125 0.5046875 0.053125 0.05
0 0.93515625 0.68828125 0.04375 0.04375
0 0.88203125 0.6765625 0.053125 0.05
0 0.803125 0.59296875 0.05 0.046875
0 0.72734375 0.57421875 0.053125 0.053125
0 0.7328125 0.515625 0.0515625 0.0515625
0 0.7921875 0.5171875 0.0546875 0.053125
0 0.884375 0.54453125 0.0546875 0.053125
0 0.9421875 0.53671875 0.0484375 0.05
0 0.95390625 0.60703125 0.04375 0.04375
0 0.88984375 0.60859375 0.046875 0.04375
0 0.6171875 0.434375 0.05625 0.053125
0 0.61953125 0.365625 0.05625 0.053125
0 0.625 0.30703125 0.053125 0.053125
0 0.678125 0.36953125 0.046875 0.04375
0 0.6875 0.446875 0.053125 0.05625
0 0.7546875 0.39765625 0.053125 0.05
0 0.76875 0.44609375 0.059375 0.053125
0 0.81875 0.4125 0.05 0.046875
0 0.825 0.46484375 0.059375 0.05625
0 0.90078125 0.46328125 0.0515625 0.0484375