0 0.4515625 0.26875 0.0484375 0.04375
0 0.52265625 0.2984375 0.046875 0.04375
0 0.59609375 0.3421875 0.0515625 0.0484375
0 0.71328125 0.353125 0.04375 0.0421875
0 0.775 0.39453125 0.05 0.04375
0 0.9734375 0.38203125 0.0421875 0.046875
0 0.91640625 0.4484375 0.0484375 0.046875
0 0.98046875 0.45859375 0.0375 0.053125
0 0.93515625 0.5046875 0.046875 0.0453125
0 0.9859375 0.5265625 0.0265625 0.053125
0 0.98046875 0.58671875 0.0375 0.05625
0 0.97890625 0.65078125 0.040625 0.05625
0 0.85703125 0.521875 0.04375 0.0453125
0 0.88203125 0.57578125 0.0546875 0.053125
0 0.86796875 0.65390625 0.053125 0.053125
0 0.89921875 0.6359375 0.053125 0.053125
0 0.896875 0.703125 0.05 0.0515625
0 0.815625 0.46953125 0.053125 0.0484375
0 0.7359375 0.4640625 0.0421875 0.04375
0 0.778125 0.5421875 0.053125 0.053125
0 0.80703125 0.5921875 0.05 0.04375
0 0.91875 0.77109375 0.046875 0.053125
0 0.91015625 0.83046875 0.04375 0.04375
0 0.92578125 0.9078125 0.053125 0.053125
0 0.8375 0.740625 0.05625 0.053125
0 0.77265625 0.66015625 0.0453125 0.0484375
0 0.72421875 0.59921875 0.05 0.053125
0 0.70390625 0.521875 0.05 0.0484375
0 0.65625 0.48359375 0.05625 0.0515625
0 0.67890625 0.41328125 0.059375 0.053125
0 0.61796875 0.44140625 0.04375 0.0453125
0 0.5578125 0.4375 0.059375 0.053125
0 0.53828125 0.38671875 0.0484375 0.0453125
0 0.4578125 0.35078125 0.04375 0.046875
0 0.4625 0.4125 0.04375 0.046875
0 0.4890625 0.4703125 0.053125 0.05625
0 0.52890625 0.53046875 0.05 0.053125
0 0.590625 0.51015625 0.04375 0.04375
0 0.61953125 0.55078125 0.0453125 0.046875
0 0.6484375 0.61484375 0.053125 0.059375
0 0.76875 0.7421875 0.046875 0.046875
0 0.84765625 0.8203125 0.05 0.0578125
0 0.778125 0.81484375 0.046875 0.05
0 0.69453125 0.75546875 0.0515625 0.053125
0 0.66640625 0.68046875 0.053125 0.0609375
0 0.61328125 0.71171875 0.053125 0.05625
0 0.5890625 0.64609375 0.0484375 0.046875
0 0.5625 0.58671875 0.0453125 0.046875
0 0.44375 0.53203125 0.05625 0.0515625
0 0.46015625 0.57890625 0.053125 0.0484375
0 0.50078125 0.64296875 0.05625 0.05625
0 0.53046875 0.70625 0.0453125 0.04375
0 0.5640625 0.76796875 0.053125 0.05
0 0.63984375 0.76953125 0.05 0.05
0 0.65390625 0.83125 0.0578125 0.053125
0 0.71171875 0.81796875 0.05625 0.053125
0 0.84921875 0.878125 0.059375 0.0578125
0 0.8640625 0.95 0.0609375 0.0640625
0 0.78671875 0.8828125 0.046875 0.0484375
0 0.79296875 0.94609375 0.053125 0.046875
0 0.73671875 0.8890625 0.046875 0.053125
0 0.73984375 0.9484375 0.05 0.053125
0 0.66953125 0.8921875 0.05625 0.0546875
0 0.67109375 0.96015625 0.053125 0.053125
0 0.58125 0.82265625 0.04375 0.0484375
0 0.59296875 0.884375 0.053125 0.053125
0 0.59765625 0.95 0.05 0.0453125
0 0.534375 0.9453125 0.053125 0.053125
0 0.52578125 0.8796875 0.0515625 0.0515625
0 0.5046875 0.80625 0.04375 0.04375
0 0.4765625 0.73828125 0.0546875 0.0515625
0 0.4453125 0.6859375 0.0421875 0.046875
0 0.409375 0.6234375 0.046875 0.046875
0 0.44921875 0.87109375 0.0515625 0.053125
0 0.45 0.9375 0.05625 0.053125
0 0.3796875 0.93203125 0.05625 0.0578125
0 0.30859375 0.93671875 0.053125 0.053125
0 0.38984375 0.86171875 0.0453125 0.0484375
0 0.42421875 0.796875 0.0484375 0.04375
0 0.39453125 0.75390625 0.04375 0.040625
0 0.35234375 0.6921875 0.046875 0.046875
0 0.3296875 0.8296875 0.0546875 0.05625
0 0.26015625 0.8765625 0.059375 0.0625
0 0.215625 0.93671875 0.05625 0.053125
0 0.18046875 0.88203125 0.0515625 0.05625
0 0.21640625 0.83125 0.04375 0.0453125
0 0.2796875 0.78125 0.05625 0.0546875
0 0.2203125 0.74375 0.053125 0.05625
0 0.1765625 0.79609375 0.05625 0.053125
0 0.1328125 0.8546875 0.053125 0.053125
0 0.11640625 0.80546875 0.040625 0.046875
0 0.06796875 0.7453125 0.04375 0.04375
0 0.14921875 0.7359375 0.046875 0.04375
0 0.19609375 0.67109375 0.05625 0.05625
0 0.31484375 0.6296875 0.05 0.046875
0 0.3765625 0.56015625 0.053125 0.05625
0 0.33046875 0.5046875 0.053125 0.05
0 0.06484375 0.68828125 0.04375 0.04375
0 0.11796875 0.6765625 0.053125 0.05
0 0.196875 0.59296875 0.05 0.046875
0 0.27265625 0.57421875 0.053125 0.053125
0 0.2671875 0.515625 0.0515625 0.0515625
0 0.2078125 0.5171875 0.0546875 0.053125
0 0.115625 0.54453125 0.0546875 0.053125
0 0.0578125 0.53671875 0.0484375 0.05
0 0.04609375 0.60703125 0.04375 0.04375
0 0.11015625 0.60859375 0.046875 0.04375
0 0.3828125 0.434375 0.05625 0.053125
0 0.38046875 0.365625 0.05625 0.053125
0 0.375 0.30703125 0.053125 0.053125
0 0.321875 0.36953125 0.046875 0.04375
0 0.3125 0.446875 0.053125 0.05625
0 0.2453125 0.39765625 0.053125 0.05
0 0.23125 0.44609375 0.059375 0.053125
0 0.18125 0.4125 0.05 0.046875
0 0.175 0.46484375 0.059375 0.05625
0 0.09921875 0.46328125 0.0515625 0.0484375