0 0.9375 0.5671875 0.040625 0.053125
0 0.89375 0.5578125 0.04375 0.053125
0 0.9171875 0.60703125 0.046875 0.05
0 0.94609375 0.6609375 0.040625 0.053125
0 0.9015625 0.6609375 0.040625 0.053125
0 0.92421875 0.7125 0.04375 0.053125
0 0.93671875 0.784375 0.04375 0.0578125
0 0.89296875 0.77109375 0.04375 0.0578125
0 0.8484375 0.778125 0.04375 0.0671875
0 0.85078125 0.6625 0.0421875 0.0609375
0 0.87421875 0.71484375 0.046875 0.0609375
0 0.83125 0.71875 0.04375 0.0609375
0 0.7890625 0.71328125 0.046875 0.059375
0 0.80703125 0.6625 0.046875 0.059375
0 0.8703125 0.61328125 0.046875 0.0578125
0 0.85078125 0.5578125 0.046875 0.05625
0 0.82578125 0.6015625 0.04375 0.059375
0 0.7953125 0.5625 0.046875 0.05625
0 0.77421875 0.6078125 0.046875 0.053125
0 0.75703125 0.653125 0.046875 0.05625
0 0.74765625 0.70703125 0.046875 0.059375
0 0.74765625 0.559375 0.04375 0.053125
0 0.7265625 0.61328125 0.040625 0.05
0 0.7125 0.65078125 0.040625 0.059375
0 0.68984375 0.7078125 0.04375 0.0578125
0 0.6671875 0.65859375 0.04375 0.05625
0 0.64453125 0.7046875 0.04375 0.05625
0 0.703125 0.55703125 0.04375 0.053125
0 0.68515625 0.60625 0.0421875 0.0546875
0 0.66015625 0.55546875 0.040625 0.05
0 0.6421875 0.60546875 0.0390625 0.053125
0 0.62109375 0.65703125 0.04375 0.053125
0 0.5984375 0.7125 0.04375 0.059375
0 0.5765625 0.66015625 0.04375 0.05625
0 0.60078125 0.60859375 0.040625 0.05625
0 0.6171875 0.5515625 0.040625 0.05
0 0.5734375 0.55234375 0.0421875 0.053125
0 0.5546875 0.60625 0.04375 0.0546875
0 0.55234375 0.70625 0.04375 0.053125
0 0.53046875 0.65703125 0.04375 0.053125
0 0.51015625 0.7015625 0.0421875 0.0578125
0 0.465625 0.6984375 0.04375 0.059375
0 0.48671875 0.6484375 0.0421875 0.05625
0 0.5078125 0.6 0.0421875 0.0515625
0 0.53046875 0.55 0.0421875 0.053125
0 0.4828125 0.5484375 0.046875 0.053125
0 0.4640625 0.59921875 0.04375 0.053125
0 0.42109375 0.7171875 0.0421875 0.05625
0 0.44375 0.64609375 0.0421875 0.05625
0 0.4375 0.54375 0.0421875 0.0578125
0 0.42109375 0.59140625 0.0421875 0.0546875
0 0.40078125 0.64609375 0.0421875 0.05625
0 0.36953125 0.6859375 0.04375 0.0546875
0 0.37734375 0.59921875 0.040625 0.0546875
0 0.39296875 0.54140625 0.0421875 0.0546875
0 0.35 0.53984375 0.0421875 0.05625
0 0.33671875 0.59296875 0.046875 0.059375
0 0.3203125 0.646875 0.04375 0.0546875
0 0.3328125 0.7203125 0.046875 0.05625
0 0.29296875 0.69375 0.04375 0.05625
0 0.27734375 0.74921875 0.046875 0.05625
0 0.24375 0.69375 0.04375 0.05625
0 0.27265625 0.646875 0.0421875 0.0515625
0 0.2921875 0.5890625 0.04375 0.0515625
0 0.30625 0.5328125 0.04375 0.05
0 0.25703125 0.53046875 0.040625 0.05
0 0.24765625 0.5828125 0.04375 0.05625
0 0.22265625 0.64296875 0.04375 0.053125
0 0.19765625 0.6984375 0.04375 0.0546875
0 0.215625 0.74296875 0.04375 0.05625
0 0.171875 0.746875 0.0421875 0.05625
0 0.15 0.6875 0.040625 0.0578125
0 0.17734375 0.6390625 0.0421875 0.05625
0 0.203125 0.58515625 0.04375 0.0546875
0 0.21484375 0.5265625 0.0421875 0.05625
0 0.17109375 0.52734375 0.04375 0.053125
0 0.16015625 0.57734375 0.040625 0.053125
0 0.13359375 0.62734375 0.04375 0.05625
0 0.1140625 0.7453125 0.0453125 0.0609375
0 0.06875 0.74375 0.0453125 0.0625
0 0.12421875 0.51796875 0.040625 0.05625
0 0.11875 0.57734375 0.0375 0.05
0 0.0828125 0.50546875 0.040625 0.053125
0 0.07578125 0.5703125 0.0421875 0.053125
0 0.0828125 0.62265625 0.04375 0.0546875
0 0.04453125 0.66796875 0.0421875 0.059375