0 0.0625 0.4328125 0.040625 0.053125
0 0.10625 0.4421875 0.04375 0.053125
0 0.0828125 0.39296875 0.046875 0.05
0 0.05390625 0.3390625 0.040625 0.053125
0 0.0984375 0.3390625 0.040625 0.053125
0 0.07578125 0.2875 0.04375 0.053125
0 0.06328125 0.215625 0.04375 0.0578125
0 0.10703125 0.22890625 0.04375 0.059375
0 0.1515625 0.221875 0.04375 0.0671875
0 0.14921875 0.3375 0.0421875 0.059375
0 0.12578125 0.28515625 0.046875 0.0609375
0 0.16875 0.28125 0.04375 0.0609375
0 0.2109375 0.28671875 0.046875 0.059375
0 0.19296875 0.3375 0.046875 0.059375
0 0.1296875 0.38671875 0.046875 0.05625
0 0.14921875 0.4421875 0.046875 0.05625
0 0.17421875 0.3984375 0.04375 0.059375
0 0.2046875 0.4375 0.046875 0.05625
0 0.22578125 0.3921875 0.046875 0.053125
0 0.24296875 0.346875 0.046875 0.05625
0 0.25234375 0.29296875 0.046875 0.059375
0 0.25234375 0.440625 0.04375 0.053125
0 0.2734375 0.38671875 0.040625 0.05
0 0.2875 0.34921875 0.040625 0.059375
0 0.31015625 0.2921875 0.04375 0.0578125
0 0.3328125 0.34140625 0.04375 0.05625
0 0.35546875 0.2953125 0.04375 0.05625
0 0.296875 0.44296875 0.04375 0.053125
0 0.31484375 0.39375 0.0421875 0.0546875
0 0.33984375 0.44453125 0.040625 0.05
0 0.3578125 0.39453125 0.0390625 0.053125
0 0.37890625 0.34296875 0.04375 0.053125
0 0.4015625 0.2875 0.04375 0.059375
0 0.4234375 0.33984375 0.04375 0.05625
0 0.39921875 0.39140625 0.040625 0.05625
0 0.3828125 0.4484375 0.040625 0.05
0 0.4265625 0.44765625 0.0421875 0.053125
0 0.4453125 0.39375 0.04375 0.0546875
0 0.44765625 0.29375 0.04375 0.053125
0 0.46953125 0.34296875 0.04375 0.053125
0 0.48984375 0.2984375 0.0421875 0.0578125
0 0.534375 0.3015625 0.04375 0.059375
0 0.51328125 0.3515625 0.0421875 0.05625
0 0.4921875 0.4 0.0421875 0.0515625
0 0.46953125 0.45 0.0421875 0.053125
0 0.5171875 0.4515625 0.046875 0.053125
0 0.5359375 0.40078125 0.04375 0.053125
0 0.57890625 0.2828125 0.0421875 0.05625
0 0.55625 0.35390625 0.0421875 0.05625
0 0.5625 0.45625 0.0421875 0.0578125
0 0.57890625 0.40859375 0.0421875 0.0546875
0 0.59921875 0.35390625 0.0421875 0.05625
0 0.63046875 0.3140625 0.04375 0.0546875
0 0.62265625 0.40078125 0.040625 0.0546875
0 0.60703125 0.45859375 0.0421875 0.0546875
0 0.65 0.46015625 0.0421875 0.05625
0 0.66328125 0.40703125 0.046875 0.059375
0 0.6796875 0.353125 0.04375 0.0546875
0 0.6671875 0.2796875 0.046875 0.05625
0 0.70703125 0.30625 0.04375 0.05625
0 0.72265625 0.25078125 0.046875 0.05625
0 0.75625 0.30625 0.04375 0.05625
0 0.72734375 0.353125 0.0421875 0.0515625
0 0.7078125 0.4109375 0.04375 0.0515625
0 0.69375 0.4671875 0.04375 0.05
0 0.74296875 0.46953125 0.040625 0.05
0 0.75234375 0.4171875 0.04375 0.05625
0 0.77734375 0.35703125 0.04375 0.053125
0 0.80234375 0.3015625 0.04375 0.0546875
0 0.784375 0.25703125 0.04375 0.05625
0 0.828125 0.253125 0.0421875 0.05625
0 0.85 0.3125 0.040625 0.05625
0 0.82265625 0.3609375 0.0421875 0.05625
0 0.796875 0.41484375 0.04375 0.0546875
0 0.78515625 0.4734375 0.0421875 0.05625
0 0.82890625 0.47265625 0.04375 0.053125
0 0.83984375 0.42265625 0.040625 0.053125
0 0.86640625 0.37265625 0.04375 0.05625
0 0.8859375 0.2546875 0.0453125 0.0609375
0 0.93125 0.25625 0.0453125 0.0625
0 0.87578125 0.48203125 0.040625 0.05625
0 0.88125 0.42265625 0.0375 0.05
0 0.9171875 0.49453125 0.040625 0.053125
0 0.92421875 0.4296875 0.0421875 0.053125
0 0.9171875 0.37734375 0.04375 0.05625
0 0.95546875 0.33203125 0.0421875 0.059375