0 0.715625 0.84296875 0.078125 0.090625
0 0.72421875 0.73984375 0.078125 0.090625
0 0.7015625 0.65859375 0.0828125 0.103125
0 0.7375 0.55546875 0.078125 0.09375
0 0.7625 0.45859375 0.08125 0.09375
0 0.8328125 0.31796875 0.084375 0.1
0 0.7875 0.23203125 0.08125 0.109375
0 0.7171875 0.1734375 0.08125 0.1125
0 0.65546875 0.1125 0.0796875 0.109375
0 0.578125 0.09453125 0.078125 0.1125
0 0.5859375 0.21015625 0.08125 0.10625
0 0.65390625 0.24765625 0.078125 0.103125
0 0.725 0.28828125 0.084375 0.1
0 0.7125 0.38671875 0.084375 0.1
0 0.665625 0.4609375 0.078125 0.10625
0 0.640625 0.5515625 0.075 0.09375
0 0.653125 0.721875 0.071875 0.09375
0 0.6546875 0.82578125 0.071875 0.0953125
0 0.5921875 0.83359375 0.06875 0.090625
0 0.61328125 0.64609375 0.078125 0.096875
0 0.590625 0.73359375 0.0625 0.09375
0 0.55390625 0.68046875 0.06875 0.096875
0 0.571875 0.52265625 0.078125 0.1
0 0.5984375 0.43046875 0.078125 0.1
0 0.62421875 0.34609375 0.078125 0.10625
0 0.5609375 0.30546875 0.075 0.109375
0 0.534375 0.3953125 0.078125 0.109375
0 0.5078125 0.48359375 0.075 0.103125
0 0.540625 0.59765625 0.075 0.09375
0 0.5390625 0.77734375 0.06875 0.096875
0 0.56640625 0.90546875 0.06875 0.0859375
0 0.5046875 0.86796875 0.065625 0.084375
0 0.50703125 0.93359375 0.065625 0.075
0 0.446875 0.92890625 0.065625 0.075
0 0.4421875 0.87421875 0.065625 0.090625
0 0.471875 0.790625 0.06875 0.090625
0 0.49375 0.7015625 0.0671875 0.09375
0 0.45625 0.63515625 0.065625 0.084375
0 0.43203125 0.69609375 0.0640625 0.090625
0 0.4 0.79921875 0.0671875 0.0875
0 0.3859375 0.84765625 0.0609375 0.08125
0 0.38125 0.93671875 0.065625 0.084375
0 0.3203125 0.9046875 0.0640625 0.084375
0 0.32578125 0.82421875 0.0625 0.078125
0 0.265625 0.84921875 0.059375 0.084375
0 0.275 0.77265625 0.065625 0.08125
0 0.2234375 0.7859375 0.0625 0.08125
0 0.19765625 0.71171875 0.0625 0.078125
0 0.25 0.69765625 0.0578125 0.084375
0 0.35703125 0.73828125 0.0640625 0.08125
0 0.37578125 0.66328125 0.0625 0.0875
0 0.315625 0.67890625 0.0625 0.078125
0 0.21640625 0.63203125 0.06875 0.084375
0 0.16796875 0.6453125 0.0625 0.084375
0 0.1265625 0.58515625 0.065625 0.08125
0 0.109375 0.51015625 0.059375 0.08125
0 0.18125 0.56015625 0.0546875 0.0875
0 0.15625 0.48671875 0.0625 0.084375
0 0.1140625 0.43203125 0.059375 0.0875
0 0.1265625 0.3421875 0.05625 0.084375
0 0.40078125 0.5953125 0.0609375 0.08125
0 0.33828125 0.60390625 0.0625 0.075
0 0.2765625 0.61640625 0.0625 0.084375
0 0.2359375 0.55546875 0.0640625 0.084375
0 0.29296875 0.5390625 0.0609375 0.08125
0 0.3515625 0.53671875 0.065625 0.084375
0 0.409375 0.525 0.0671875 0.090625
0 0.378125 0.45078125 0.0625 0.09375
0 0.3140625 0.46328125 0.065625 0.090625
0 0.2609375 0.46796875 0.0640625 0.090625
0 0.2125 0.47890625 0.059375 0.084375
0 0.16875 0.40234375 0.0578125 0.0875
0 0.18203125 0.32421875 0.0625 0.0875
0 0.2125 0.38984375 0.0640625 0.0875
0 0.1453125 0.265625 0.0625 0.084375
0 0.165625 0.1890625 0.0671875 0.09375
0 0.2125 0.25234375 0.0625 0.09375
0 0.24375 0.31953125 0.0625 0.09375
0 0.2125 0.15078125 0.065625 0.09375
0 0.2828125 0.3875 0.0625 0.084375
0 0.2953125 0.303125 0.06875 0.090625
0 0.2640625 0.21953125 0.0640625 0.0875
0 0.275 0.1296875 0.06875 0.1
0 0.334375 0.3796875 0.065625 0.09375
0 0.446875 0.44765625 0.06875 0.090625
0 0.40625 0.3734375 0.071875 0.096875
0 0.3640625 0.29765625 0.071875 0.09375
0 0.328125 0.20546875 0.065625 0.09375
0 0.3359375 0.10625 0.06875 0.1
0 0.4 0.09296875 0.06875 0.10625
0 0.38671875 0.20703125 0.0703125 0.1
0 0.46875 0.07734375 0.06875 0.1125
0 0.45 0.1890625 0.0734375 0.103125
0 0.4234375 0.28203125 0.06875 0.1
0 0.465625 0.35703125 0.0765625 0.09375
0 0.4921875 0.26875 0.071875 0.103125
0 0.5203125 0.1671875 0.078125 0.10625
0 0.6515625 0.88515625 0.065625 0.059375