0 0.284375 0.84296875 0.078125 0.090625
0 0.27578125 0.73984375 0.078125 0.090625
0 0.2984375 0.65859375 0.0828125 0.103125
0 0.2625 0.55546875 0.078125 0.09375
0 0.2375 0.45859375 0.08125 0.09375
0 0.1671875 0.31796875 0.084375 0.1
0 0.2125 0.23203125 0.08125 0.109375
0 0.2828125 0.1734375 0.08125 0.1125
0 0.34453125 0.1125 0.0796875 0.109375
0 0.421875 0.09453125 0.078125 0.1125
0 0.4140625 0.21015625 0.08125 0.10625
0 0.34609375 0.24765625 0.078125 0.103125
0 0.275 0.28828125 0.084375 0.1
0 0.2875 0.38671875 0.084375 0.1
0 0.334375 0.4609375 0.078125 0.10625
0 0.359375 0.5515625 0.075 0.09375
0 0.346875 0.721875 0.071875 0.09375
0 0.3453125 0.82578125 0.071875 0.0953125
0 0.4078125 0.83359375 0.06875 0.090625
0 0.38671875 0.64609375 0.078125 0.096875
0 0.409375 0.73359375 0.0625 0.09375
0 0.44609375 0.68046875 0.06875 0.096875
0 0.428125 0.52265625 0.078125 0.1
0 0.4015625 0.43046875 0.078125 0.1
0 0.37578125 0.34609375 0.078125 0.10625
0 0.4390625 0.30546875 0.075 0.109375
0 0.465625 0.3953125 0.078125 0.109375
0 0.4921875 0.48359375 0.075 0.103125
0 0.459375 0.59765625 0.075 0.09375
0 0.4609375 0.77734375 0.06875 0.096875
0 0.43359375 0.90546875 0.06875 0.0859375
0 0.4953125 0.86796875 0.065625 0.084375
0 0.49296875 0.93359375 0.065625 0.075
0 0.553125 0.92890625 0.065625 0.075
0 0.5578125 0.87421875 0.065625 0.090625
0 0.528125 0.790625 0.06875 0.090625
0 0.50625 0.7015625 0.0671875 0.09375
0 0.54375 0.63515625 0.065625 0.084375
0 0.56796875 0.69609375 0.0640625 0.090625
0 0.6 0.79921875 0.0671875 0.0875
0 0.6140625 0.84765625 0.0609375 0.08125
0 0.61875 0.93671875 0.065625 0.084375
0 0.6796875 0.9046875 0.0640625 0.084375
0 0.67421875 0.82421875 0.0625 0.078125
0 0.734375 0.84921875 0.059375 0.084375
0 0.725 0.77265625 0.065625 0.08125
0 0.7765625 0.7859375 0.0625 0.08125
0 0.80234375 0.71171875 0.0625 0.078125
0 0.75 0.69765625 0.0578125 0.084375
0 0.64296875 0.73828125 0.0640625 0.08125
0 0.62421875 0.66328125 0.0625 0.0875
0 0.684375 0.67890625 0.0625 0.078125
0 0.78359375 0.63203125 0.06875 0.084375
0 0.83203125 0.6453125 0.0625 0.084375
0 0.8734375 0.58515625 0.065625 0.08125
0 0.890625 0.51015625 0.059375 0.08125
0 0.81875 0.56015625 0.0546875 0.0875
0 0.84375 0.48671875 0.0625 0.084375
0 0.8859375 0.43203125 0.059375 0.0875
0 0.8734375 0.3421875 0.05625 0.084375
0 0.59921875 0.5953125 0.0609375 0.08125
0 0.66171875 0.60390625 0.0625 0.075
0 0.7234375 0.61640625 0.0625 0.084375
0 0.7640625 0.55546875 0.0640625 0.084375
0 0.70703125 0.5390625 0.0609375 0.08125
0 0.6484375 0.53671875 0.065625 0.084375
0 0.590625 0.525 0.0671875 0.090625
0 0.621875 0.45078125 0.0625 0.09375
0 0.6859375 0.46328125 0.065625 0.090625
0 0.7390625 0.46796875 0.0640625 0.090625
0 0.7875 0.47890625 0.059375 0.084375
0 0.83125 0.40234375 0.0578125 0.0875
0 0.81796875 0.32421875 0.0625 0.0875
0 0.7875 0.38984375 0.0640625 0.0875
0 0.8546875 0.265625 0.0625 0.084375
0 0.834375 0.1890625 0.0671875 0.09375
0 0.7875 0.25234375 0.0625 0.09375
0 0.75625 0.31953125 0.0625 0.09375
0 0.7875 0.15078125 0.065625 0.09375
0 0.7171875 0.3875 0.0625 0.084375
0 0.7046875 0.303125 0.06875 0.090625
0 0.7359375 0.21953125 0.0640625 0.0875
0 0.725 0.1296875 0.06875 0.1
0 0.665625 0.3796875 0.065625 0.09375
0 0.553125 0.44765625 0.06875 0.090625
0 0.59375 0.3734375 0.071875 0.096875
0 0.6359375 0.29765625 0.071875 0.09375
0 0.671875 0.20546875 0.065625 0.09375
0 0.6640625 0.10625 0.06875 0.1
0 0.6 0.09296875 0.06875 0.10625
0 0.61328125 0.20703125 0.0703125 0.1
0 0.53125 0.07734375 0.06875 0.1125
0 0.55 0.1890625 0.0734375 0.103125
0 0.5765625 0.28203125 0.06875 0.1
0 0.534375 0.35703125 0.0765625 0.09375
0 0.5078125 0.26875 0.071875 0.103125
0 0.4796875 0.1671875 0.078125 0.10625
0 0.3484375 0.88515625 0.065625 0.059375