0 0.14453125 0.31015625 0.140625 0.109375
0 0.2578125 0.25 0.13125 0.103125
0 0.37890625 0.20234375 0.13125 0.1
0 0.48515625 0.1609375 0.121875 0.0984375
0 0.15078125 0.415625 0.140625 0.1
0 0.26484375 0.3625 0.134375 0.096875
0 0.375 0.3046875 0.13125 0.1
0 0.48046875 0.2625 0.121875 0.096875
0 0.59140625 0.209375 0.11875 0.0953125
0 0.5796875 0.3078125 0.109375 0.090625
0 0.68359375 0.26796875 0.109375 0.09375
0 0.7609375 0.315625 0.1 0.084375
0 0.68046875 0.35859375 0.103125 0.0890625
0 0.765625 0.4015625 0.1 0.0859375
0 0.67734375 0.44375 0.10625 0.084375
0 0.75 0.4828125 0.096875 0.08125
0 0.75859375 0.57265625 0.103125 0.0828125
0 0.69609375 0.6421875 0.10625 0.08125
0 0.67734375 0.528125 0.109375 0.084375
0 0.58984375 0.4875 0.109375 0.0890625
0 0.58203125 0.4 0.115625 0.090625
0 0.60703125 0.5953125 0.103125 0.084375
0 0.58359375 0.6765625 0.1125 0.08125
0 0.50390625 0.73203125 0.11875 0.084375
0 0.51875 0.646875 0.115625 0.084375
0 0.52265625 0.5625 0.115625 0.090625
0 0.48828125 0.45 0.11875 0.090625
0 0.47734375 0.359375 0.115625 0.0921875
0 0.378125 0.4125 0.125 0.1
0 0.41328125 0.525 0.115625 0.090625
0 0.41015625 0.615625 0.11875 0.0875
0 0.40703125 0.7046875 0.125 0.084375
0 0.296875 0.65625 0.121875 0.084375
0 0.30625 0.5734375 0.134375 0.09375
0 0.28671875 0.4765625 0.128125 0.09375
0 0.1828125 0.609375 0.13125 0.0921875
0 0.15390625 0.51328125 0.140625 0.0921875