0 0.85546875 0.31015625 0.140625 0.109375
0 0.7421875 0.25 0.13125 0.103125
0 0.62109375 0.20234375 0.13125 0.1
0 0.51484375 0.1609375 0.121875 0.0984375
0 0.84921875 0.415625 0.140625 0.1
0 0.73515625 0.3625 0.134375 0.096875
0 0.625 0.3046875 0.13125 0.1
0 0.51953125 0.2625 0.121875 0.096875
0 0.40859375 0.209375 0.11875 0.0953125
0 0.4203125 0.3078125 0.109375 0.090625
0 0.31640625 0.26796875 0.109375 0.09375
0 0.2390625 0.315625 0.1 0.084375
0 0.31953125 0.35859375 0.103125 0.0890625
0 0.234375 0.4015625 0.1 0.0859375
0 0.32265625 0.44375 0.10625 0.084375
0 0.25 0.4828125 0.096875 0.08125
0 0.24140625 0.57265625 0.103125 0.0828125
0 0.30390625 0.6421875 0.10625 0.08125
0 0.32265625 0.528125 0.109375 0.084375
0 0.41015625 0.4875 0.109375 0.0890625
0 0.41796875 0.4 0.115625 0.090625
0 0.39296875 0.5953125 0.103125 0.084375
0 0.41640625 0.6765625 0.1125 0.08125
0 0.49609375 0.73203125 0.11875 0.084375
0 0.48125 0.646875 0.115625 0.084375
0 0.47734375 0.5625 0.115625 0.090625
0 0.51171875 0.45 0.11875 0.090625
0 0.52265625 0.359375 0.115625 0.0921875
0 0.621875 0.4125 0.125 0.1
0 0.58671875 0.525 0.115625 0.090625
0 0.58984375 0.615625 0.11875 0.0875
0 0.59296875 0.7046875 0.125 0.084375
0 0.703125 0.65625 0.121875 0.084375
0 0.69375 0.5734375 0.134375 0.09375
0 0.71328125 0.4765625 0.128125 0.09375
0 0.8171875 0.609375 0.13125 0.0921875
0 0.84609375 0.51328125 0.140625 0.0921875