0 0.15703125 0.071875 0.0875 0.059375
0 0.16171875 0.14765625 0.09375 0.065625
0 0.1859375 0.215625 0.084375 0.059375
0 0.1015625 0.2625 0.1 0.0671875
0 0.115625 0.32421875 0.0859375 0.06875
0 0.14140625 0.4359375 0.0859375 0.06875
0 0.1515625 0.5234375 0.090625 0.0609375
0 0.19375 0.57109375 0.075 0.0515625
0 0.20625 0.62890625 0.0875 0.0640625
0 0.23515625 0.6921875 0.084375 0.0625
0 0.29765625 0.7640625 0.0796875 0.059375
0 0.3578125 0.7890625 0.075 0.05625
0 0.43671875 0.81875 0.0828125 0.05625
0 0.225 0.1265625 0.071875 0.0625
0 0.225 0.053125 0.078125 0.059375
0 0.30546875 0.0734375 0.075 0.059375
0 0.359375 0.0953125 0.08125 0.065625
0 0.26640625 0.1625 0.078125 0.0609375
0 0.34140625 0.1578125 0.078125 0.065625
0 0.43046875 0.13984375 0.08125 0.0625
0 0.40546875 0.1953125 0.0765625 0.065625
0 0.346875 0.225 0.0796875 0.0578125
0 0.19140625 0.2984375 0.0828125 0.065625
0 0.25546875 0.2515625 0.071875 0.059375
0 0.3015625 0.290625 0.084375 0.06875
0 0.259375 0.34140625 0.075 0.0609375
0 0.2046875 0.375 0.0796875 0.0546875
0 0.2328125 0.42265625 0.084375 0.059375
0 0.2890625 0.38515625 0.08125 0.065625
0 0.35 0.346875 0.084375 0.065625
0 0.37265625 0.3046875 0.0765625 0.059375
0 0.41328125 0.259375 0.078125 0.0625
0 0.475 0.21640625 0.078125 0.05625
0 0.47734375 0.27890625 0.065625 0.053125
0 0.53125 0.31640625 0.071875 0.0640625
0 0.5328125 0.2109375 0.06875 0.05625
0 0.53984375 0.2625 0.071875 0.053125
0 0.60859375 0.209375 0.078125 0.0578125
0 0.63203125 0.259375 0.078125 0.05625
0 0.59921875 0.30078125 0.075 0.0515625
0 0.70625 0.2921875 0.075 0.053125
0 0.778125 0.30234375 0.06875 0.053125
0 0.83203125 0.3421875 0.06875 0.05
0 0.79453125 0.38046875 0.06875 0.0546875
0 0.74375 0.3453125 0.075 0.0484375
0 0.6671875 0.33828125 0.065625 0.05
0 0.709375 0.3921875 0.0734375 0.05
0 0.75859375 0.4296875 0.065625 0.05625
0 0.71953125 0.48046875 0.071875 0.05
0 0.67109375 0.43203125 0.08125 0.0515625
0 0.58515625 0.35625 0.065625 0.05
0 0.6125 0.40234375 0.06875 0.0515625
0 0.5609375 0.3875 0.075 0.05
0 0.69609375 0.5265625 0.071875 0.05
0 0.64609375 0.484375 0.071875 0.05625
0 0.58671875 0.45 0.075 0.05
0 0.4828125 0.3796875 0.075 0.053125
0 0.41796875 0.36796875 0.078125 0.05625
0 0.36171875 0.4140625 0.078125 0.0578125
0 0.4375 0.42265625 0.08125 0.059375
0 0.21953125 0.478125 0.08125 0.046875
0 0.28828125 0.48046875 0.0765625 0.05625
0 0.253125 0.52890625 0.084375 0.059375
0 0.33125 0.53984375 0.075 0.0546875
0 0.36796875 0.46796875 0.0796875 0.05625
0 0.40703125 0.5203125 0.071875 0.053125
0 0.4421875 0.4765625 0.0734375 0.053125
0 0.5078125 0.4765625 0.075 0.05625
0 0.49765625 0.42890625 0.0703125 0.0515625
0 0.575 0.509375 0.075 0.053125
0 0.62265625 0.553125 0.075 0.053125
0 0.67109375 0.59453125 0.06875 0.05
0 0.66875 0.646875 0.071875 0.05
0 0.58515625 0.6015625 0.075 0.0515625
0 0.50234375 0.6 0.075 0.053125
0 0.428125 0.56953125 0.075 0.053125
0 0.6890625 0.7265625 0.071875 0.05625
0 0.634375 0.696875 0.078125 0.05625
0 0.63515625 0.76640625 0.078125 0.05625
0 0.68671875 0.853125 0.078125 0.0546875
0 0.5828125 0.85234375 0.075 0.05
0 0.5625 0.82578125 0.08125 0.059375
0 0.565625 0.75390625 0.08125 0.059375
0 0.55703125 0.69296875 0.075 0.053125
0 0.50625 0.6578125 0.0765625 0.05625
0 0.48984375 0.709375 0.065625 0.05
0 0.50078125 0.7890625 0.071875 0.05625
0 0.43828125 0.7484375 0.0734375 0.0515625
0 0.38515625 0.73203125 0.078125 0.0578125
0 0.3796875 0.659375 0.08125 0.05625
0 0.4453125 0.6875 0.0796875 0.059375
0 0.44140625 0.62578125 0.08125 0.0625
0 0.315625 0.70390625 0.0828125 0.05625
0 0.30625 0.646875 0.08125 0.0625
0 0.36484375 0.59296875 0.0765625 0.053125
0 0.29375 0.58671875 0.078125 0.05625
0 0.478125 0.5328125 0.0796875 0.05625