0 0.928125 0.15703125 0.059375 0.0875
0 0.85234375 0.16171875 0.065625 0.09375
0 0.784375 0.1859375 0.059375 0.084375
0 0.7375 0.1015625 0.0671875 0.1
0 0.67578125 0.115625 0.06875 0.0859375
0 0.5640625 0.14140625 0.06875 0.0859375
0 0.4765625 0.1515625 0.0609375 0.090625
0 0.42890625 0.19375 0.0515625 0.075
0 0.37109375 0.20625 0.0640625 0.0875
0 0.3078125 0.23515625 0.0625 0.084375
0 0.2359375 0.29765625 0.059375 0.0796875
0 0.2109375 0.3578125 0.05625 0.075
0 0.18125 0.43671875 0.05625 0.0828125
0 0.8734375 0.225 0.0625 0.071875
0 0.946875 0.225 0.059375 0.078125
0 0.9265625 0.30546875 0.059375 0.075
0 0.9046875 0.359375 0.065625 0.08125
0 0.8375 0.26640625 0.0609375 0.078125
0 0.8421875 0.34140625 0.065625 0.078125
0 0.86015625 0.43046875 0.0625 0.08125
0 0.8046875 0.40546875 0.065625 0.0765625
0 0.775 0.346875 0.0578125 0.0796875
0 0.7015625 0.19140625 0.065625 0.0828125
0 0.7484375 0.25546875 0.059375 0.071875
0 0.709375 0.3015625 0.06875 0.084375
0 0.65859375 0.259375 0.0609375 0.075
0 0.625 0.2046875 0.0546875 0.0796875
0 0.57734375 0.2328125 0.059375 0.084375
0 0.61484375 0.2890625 0.065625 0.08125
0 0.653125 0.35 0.065625 0.084375
0 0.6953125 0.37265625 0.059375 0.0765625
0 0.740625 0.41328125 0.0625 0.078125
0 0.78359375 0.475 0.05625 0.078125
0 0.72109375 0.47734375 0.053125 0.065625
0 0.68359375 0.53125 0.0640625 0.071875
0 0.7890625 0.5328125 0.05625 0.06875
0 0.7375 0.53984375 0.053125 0.071875
0 0.790625 0.60859375 0.0578125 0.078125
0 0.740625 0.63203125 0.05625 0.078125
0 0.69921875 0.59921875 0.0515625 0.075
0 0.7078125 0.70625 0.053125 0.075
0 0.69765625 0.778125 0.053125 0.06875
0 0.6578125 0.83203125 0.05 0.06875
0 0.61953125 0.79453125 0.0546875 0.06875
0 0.6546875 0.74375 0.0484375 0.075
0 0.66171875 0.6671875 0.05 0.065625
0 0.6078125 0.709375 0.05 0.0734375
0 0.5703125 0.75859375 0.05625 0.065625
0 0.51953125 0.71953125 0.05 0.071875
0 0.56796875 0.67109375 0.0515625 0.08125
0 0.64375 0.58515625 0.05 0.065625
0 0.59765625 0.6125 0.0515625 0.06875
0 0.6125 0.5609375 0.05 0.075
0 0.4734375 0.69609375 0.05 0.071875
0 0.515625 0.64609375 0.05625 0.071875
0 0.55 0.58671875 0.05 0.075
0 0.6203125 0.4828125 0.053125 0.075
0 0.63203125 0.41796875 0.05625 0.078125
0 0.5859375 0.36171875 0.0578125 0.078125
0 0.57734375 0.4375 0.059375 0.08125
0 0.521875 0.21953125 0.046875 0.08125
0 0.51953125 0.28828125 0.05625 0.0765625
0 0.47109375 0.253125 0.059375 0.084375
0 0.46015625 0.33125 0.0546875 0.075
0 0.53203125 0.36796875 0.05625 0.0796875
0 0.4796875 0.40703125 0.053125 0.071875
0 0.5234375 0.4421875 0.053125 0.0734375
0 0.5234375 0.5078125 0.05625 0.075
0 0.57109375 0.49765625 0.0515625 0.0703125
0 0.490625 0.575 0.053125 0.075
0 0.446875 0.62265625 0.053125 0.075
0 0.40546875 0.67109375 0.05 0.06875
0 0.353125 0.66875 0.05 0.071875
0 0.3984375 0.58515625 0.0515625 0.075
0 0.4 0.50234375 0.053125 0.075
0 0.43046875 0.428125 0.053125 0.075
0 0.2734375 0.6890625 0.05625 0.071875
0 0.303125 0.634375 0.05625 0.078125
0 0.23359375 0.63515625 0.05625 0.078125
0 0.146875 0.68671875 0.0546875 0.078125
0 0.14765625 0.5828125 0.05 0.075
0 0.17421875 0.5625 0.059375 0.08125
0 0.24609375 0.565625 0.059375 0.08125
0 0.30703125 0.55703125 0.053125 0.075
0 0.3421875 0.50625 0.05625 0.0765625
0 0.290625 0.48984375 0.05 0.065625
0 0.2109375 0.50078125 0.05625 0.071875
0 0.2515625 0.43828125 0.0515625 0.0734375
0 0.26796875 0.38515625 0.0578125 0.078125
0 0.340625 0.3796875 0.05625 0.08125
0 0.3125 0.4453125 0.059375 0.0796875
0 0.37421875 0.44140625 0.0625 0.08125
0 0.29609375 0.315625 0.05625 0.0828125
0 0.353125 0.30625 0.0625 0.08125
0 0.40703125 0.36484375 0.053125 0.0765625
0 0.41328125 0.29375 0.05625 0.078125
0 0.4671875 0.478125 0.05625 0.0796875