0 0.17890625 0.07890625 0.0515625 0.06875
0 0.18359375 0.178125 0.0546875 0.065625
0 0.1828125 0.25546875 0.053125 0.065625
0 0.1859375 0.32578125 0.0578125 0.06875
0 0.2140625 0.41953125 0.05625 0.075
0 0.215625 0.49609375 0.059375 0.078125
0 0.20390625 0.57421875 0.0515625 0.071875
0 0.209375 0.65234375 0.053125 0.071875
0 0.2015625 0.7265625 0.05625 0.06875
0 0.2265625 0.83203125 0.053125 0.075
0 0.2875 0.82421875 0.0546875 0.078125
0 0.27421875 0.74921875 0.0578125 0.075
0 0.25859375 0.653125 0.0546875 0.071875
0 0.27578125 0.57578125 0.0515625 0.065625
0 0.2734375 0.48671875 0.05625 0.075
0 0.27265625 0.40078125 0.05625 0.071875
0 0.2453125 0.31640625 0.05625 0.06875
0 0.24375 0.23671875 0.05625 0.06875
0 0.253125 0.13984375 0.059375 0.06875
0 0.240625 0.09296875 0.05625 0.06875
0 0.3 0.07421875 0.05625 0.06875
0 0.30546875 0.15078125 0.05625 0.06875
0 0.30625 0.2234375 0.053125 0.078125
0 0.3109375 0.31484375 0.0578125 0.071875
0 0.3328125 0.40859375 0.05625 0.06875
0 0.334375 0.48828125 0.0515625 0.071875
0 0.3375 0.56484375 0.059375 0.075
0 0.3453125 0.67265625 0.05625 0.078125
0 0.34375 0.75078125 0.0546875 0.071875
0 0.3546875 0.83984375 0.05625 0.075
0 0.40859375 0.83671875 0.0546875 0.06875
0 0.41796875 0.75234375 0.0625 0.084375
0 0.4046875 0.65859375 0.053125 0.071875
0 0.3984375 0.571875 0.05 0.071875
0 0.3953125 0.496875 0.053125 0.071875
0 0.4 0.41640625 0.053125 0.065625
0 0.384375 0.3265625 0.0515625 0.075
0 0.365625 0.2203125 0.05625 0.075
0 0.371875 0.15859375 0.059375 0.078125
0 0.359375 0.09609375 0.0515625 0.065625
0 0.4078125 0.10234375 0.046875 0.06875
0 0.4328125 0.17734375 0.053125 0.071875
0 0.440625 0.2390625 0.05 0.071875
0 0.44375 0.33203125 0.0515625 0.071875
0 0.4625 0.40625 0.0515625 0.071875
0 0.4578125 0.49453125 0.053125 0.071875
0 0.46171875 0.56953125 0.0484375 0.075
0 0.47734375 0.659375 0.0546875 0.075
0 0.48125 0.7453125 0.053125 0.06875
0 0.4640625 0.825 0.05 0.071875
0 0.51796875 0.81171875 0.0484375 0.065625
0 0.54140625 0.7375 0.0515625 0.071875
0 0.53046875 0.66328125 0.0515625 0.075
0 0.528125 0.56796875 0.05 0.075
0 0.5171875 0.4921875 0.053125 0.06875
0 0.5078125 0.41953125 0.046875 0.06875
0 0.50625 0.334375 0.05 0.078125
0 0.4921875 0.27265625 0.046875 0.06875
0 0.4859375 0.1734375 0.0453125 0.0625
0 0.47734375 0.09140625 0.05 0.065625
0 0.5328125 0.10703125 0.0484375 0.0625
0 0.54453125 0.18046875 0.05 0.065625
0 0.546875 0.26953125 0.046875 0.065625
0 0.55546875 0.34140625 0.0484375 0.0625
0 0.57734375 0.40234375 0.046875 0.06875
0 0.5625 0.49296875 0.0421875 0.065625
0 0.57265625 0.56875 0.0484375 0.065625
0 0.5828125 0.64296875 0.046875 0.0625
0 0.58125 0.73046875 0.05 0.075
0 0.5953125 0.80625 0.05 0.06875
0 0.6546875 0.79765625 0.05 0.071875
0 0.640625 0.71171875 0.046875 0.065625
0 0.70625 0.70078125 0.04375 0.071875
0 0.69765625 0.77734375 0.04375 0.065625
0 0.74765625 0.7703125 0.0453125 0.0625
0 0.74375 0.6875 0.0453125 0.0625
0 0.7234375 0.61484375 0.040625 0.065625
0 0.675 0.62265625 0.04375 0.065625
0 0.6359375 0.63125 0.05 0.0625
0 0.6375 0.55703125 0.046875 0.065625
0 0.6859375 0.5546875 0.046875 0.06875
0 0.725 0.54375 0.05 0.065625
0 0.72734375 0.46640625 0.0484375 0.065625
0 0.6640625 0.47734375 0.046875 0.0625
0 0.6296875 0.48671875 0.05 0.06875
0 0.61328125 0.40859375 0.0484375 0.065625
0 0.68046875 0.39921875 0.05 0.0625
0 0.71796875 0.39765625 0.05 0.065625
0 0.7 0.33359375 0.040625 0.06875
0 0.6625 0.32265625 0.04375 0.059375
0 0.6203125 0.32890625 0.053125 0.06875
0 0.6109375 0.24921875 0.046875 0.06875
0 0.64375 0.27109375 0.046875 0.065625
0 0.703125 0.24921875 0.04375 0.0625
0 0.6828125 0.19921875 0.040625 0.06875
0 0.65546875 0.18671875 0.0421875 0.0625
0 0.609375 0.16953125 0.0515625 0.065625
0 0.5796875 0.11484375 0.04375 0.05625
0 0.61953125 0.134375 0.04375 0.0625
0 0.6765625 0.1171875 0.05 0.0625