0 0.82109375 0.07890625 0.0515625 0.06875
0 0.81640625 0.178125 0.0546875 0.065625
0 0.8171875 0.25546875 0.053125 0.065625
0 0.8140625 0.32578125 0.0578125 0.06875
0 0.7859375 0.41953125 0.05625 0.075
0 0.784375 0.49609375 0.059375 0.078125
0 0.79609375 0.57421875 0.0515625 0.071875
0 0.790625 0.65234375 0.053125 0.071875
0 0.7984375 0.7265625 0.05625 0.06875
0 0.7734375 0.83203125 0.053125 0.075
0 0.7125 0.82421875 0.0546875 0.078125
0 0.72578125 0.74921875 0.0578125 0.075
0 0.74140625 0.653125 0.0546875 0.071875
0 0.72421875 0.57578125 0.0515625 0.065625
0 0.7265625 0.48671875 0.05625 0.075
0 0.72734375 0.40078125 0.05625 0.071875
0 0.7546875 0.31640625 0.05625 0.06875
0 0.75625 0.23671875 0.05625 0.06875
0 0.746875 0.13984375 0.059375 0.06875
0 0.759375 0.09296875 0.05625 0.06875
0 0.7 0.07421875 0.05625 0.06875
0 0.69453125 0.15078125 0.05625 0.06875
0 0.69375 0.2234375 0.053125 0.078125
0 0.6890625 0.31484375 0.0578125 0.071875
0 0.6671875 0.40859375 0.05625 0.06875
0 0.665625 0.48828125 0.0515625 0.071875
0 0.6625 0.56484375 0.059375 0.075
0 0.6546875 0.67265625 0.05625 0.078125
0 0.65625 0.75078125 0.0546875 0.071875
0 0.6453125 0.83984375 0.05625 0.075
0 0.59140625 0.83671875 0.0546875 0.06875
0 0.58203125 0.75234375 0.0625 0.084375
0 0.5953125 0.65859375 0.053125 0.071875
0 0.6015625 0.571875 0.05 0.071875
0 0.6046875 0.496875 0.053125 0.071875
0 0.6 0.41640625 0.053125 0.065625
0 0.615625 0.3265625 0.0515625 0.075
0 0.634375 0.2203125 0.05625 0.075
0 0.628125 0.15859375 0.059375 0.078125
0 0.640625 0.09609375 0.0515625 0.065625
0 0.5921875 0.10234375 0.046875 0.06875
0 0.5671875 0.17734375 0.053125 0.071875
0 0.559375 0.2390625 0.05 0.071875
0 0.55625 0.33203125 0.0515625 0.071875
0 0.5375 0.40625 0.0515625 0.071875
0 0.5421875 0.49453125 0.053125 0.071875
0 0.53828125 0.56953125 0.0484375 0.075
0 0.52265625 0.659375 0.0546875 0.075
0 0.51875 0.7453125 0.053125 0.06875
0 0.5359375 0.825 0.05 0.071875
0 0.48203125 0.81171875 0.0484375 0.065625
0 0.45859375 0.7375 0.0515625 0.071875
0 0.46953125 0.66328125 0.0515625 0.075
0 0.471875 0.56796875 0.05 0.075
0 0.4828125 0.4921875 0.053125 0.06875
0 0.4921875 0.41953125 0.046875 0.06875
0 0.49375 0.334375 0.05 0.078125
0 0.5078125 0.27265625 0.046875 0.06875
0 0.5140625 0.1734375 0.0453125 0.0625
0 0.52265625 0.09140625 0.05 0.065625
0 0.4671875 0.10703125 0.0484375 0.0625
0 0.45546875 0.18046875 0.05 0.065625
0 0.453125 0.26953125 0.046875 0.065625
0 0.44453125 0.34140625 0.0484375 0.0625
0 0.42265625 0.40234375 0.046875 0.06875
0 0.4375 0.49296875 0.0421875 0.065625
0 0.42734375 0.56875 0.0484375 0.065625
0 0.4171875 0.64296875 0.046875 0.0625
0 0.41875 0.73046875 0.05 0.075
0 0.4046875 0.80625 0.05 0.06875
0 0.3453125 0.79765625 0.05 0.071875
0 0.359375 0.71171875 0.046875 0.065625
0 0.29375 0.70078125 0.04375 0.071875
0 0.30234375 0.77734375 0.04375 0.065625
0 0.25234375 0.7703125 0.0453125 0.0625
0 0.25625 0.6875 0.0453125 0.0625
0 0.2765625 0.61484375 0.040625 0.065625
0 0.325 0.62265625 0.04375 0.065625
0 0.3640625 0.63125 0.05 0.0625
0 0.3625 0.55703125 0.046875 0.065625
0 0.3140625 0.5546875 0.046875 0.06875
0 0.275 0.54375 0.05 0.065625
0 0.27265625 0.46640625 0.0484375 0.065625
0 0.3359375 0.47734375 0.046875 0.0625
0 0.3703125 0.48671875 0.05 0.06875
0 0.38671875 0.40859375 0.0484375 0.065625
0 0.31953125 0.39921875 0.05 0.0625
0 0.28203125 0.39765625 0.05 0.065625
0 0.3 0.33359375 0.040625 0.06875
0 0.3375 0.32265625 0.04375 0.059375
0 0.3796875 0.32890625 0.053125 0.06875
0 0.3890625 0.24921875 0.046875 0.06875
0 0.35625 0.27109375 0.046875 0.065625
0 0.296875 0.24921875 0.04375 0.0625
0 0.3171875 0.19921875 0.040625 0.06875
0 0.34453125 0.18671875 0.0421875 0.0625
0 0.390625 0.16953125 0.0515625 0.065625
0 0.4203125 0.11484375 0.04375 0.05625
0 0.38046875 0.134375 0.04375 0.0625
0 0.3234375 0.1171875 0.05 0.0625