0 0.82109375 0.92109375 0.0515625 0.06875
0 0.81640625 0.821875 0.0546875 0.0671875
0 0.8171875 0.74453125 0.053125 0.065625
0 0.8140625 0.67421875 0.0578125 0.06875
0 0.7859375 0.58046875 0.05625 0.075
0 0.784375 0.50390625 0.059375 0.078125
0 0.79609375 0.42578125 0.0515625 0.071875
0 0.790625 0.34765625 0.053125 0.071875
0 0.7984375 0.2734375 0.05625 0.06875
0 0.7734375 0.16796875 0.053125 0.075
0 0.7125 0.17578125 0.0546875 0.078125
0 0.72578125 0.25078125 0.0578125 0.075
0 0.74140625 0.346875 0.0546875 0.071875
0 0.72421875 0.42421875 0.0515625 0.065625
0 0.7265625 0.51328125 0.05625 0.075
0 0.72734375 0.59921875 0.05625 0.071875
0 0.7546875 0.68359375 0.05625 0.06875
0 0.75625 0.76328125 0.05625 0.06875
0 0.746875 0.86015625 0.059375 0.06875
0 0.759375 0.90703125 0.05625 0.06875
0 0.7 0.92578125 0.05625 0.06875
0 0.69453125 0.84921875 0.05625 0.0703125
0 0.69375 0.7765625 0.053125 0.078125
0 0.6890625 0.68515625 0.0578125 0.071875
0 0.6671875 0.59140625 0.05625 0.06875
0 0.665625 0.51171875 0.0515625 0.071875
0 0.6625 0.43515625 0.059375 0.075
0 0.6546875 0.32734375 0.05625 0.078125
0 0.65625 0.24921875 0.0546875 0.071875
0 0.6453125 0.16015625 0.05625 0.075
0 0.59140625 0.16328125 0.0546875 0.06875
0 0.58203125 0.24765625 0.0625 0.084375
0 0.5953125 0.34140625 0.053125 0.071875
0 0.6015625 0.428125 0.05 0.071875
0 0.6046875 0.503125 0.053125 0.071875
0 0.6 0.58359375 0.053125 0.065625
0 0.615625 0.6734375 0.0515625 0.075
0 0.634375 0.7796875 0.05625 0.075
0 0.628125 0.84140625 0.059375 0.078125
0 0.640625 0.90390625 0.0515625 0.065625
0 0.5921875 0.89765625 0.046875 0.06875
0 0.5671875 0.82265625 0.053125 0.071875
0 0.559375 0.7609375 0.05 0.071875
0 0.55625 0.66796875 0.0515625 0.071875
0 0.5375 0.59375 0.0515625 0.071875
0 0.5421875 0.50546875 0.053125 0.071875
0 0.53828125 0.43046875 0.0484375 0.075
0 0.52265625 0.340625 0.0546875 0.075
0 0.51875 0.2546875 0.053125 0.06875
0 0.5359375 0.175 0.05 0.071875
0 0.48203125 0.18828125 0.0484375 0.065625
0 0.45859375 0.2625 0.0515625 0.071875
0 0.46953125 0.33671875 0.0515625 0.075
0 0.471875 0.43203125 0.05 0.075
0 0.4828125 0.5078125 0.053125 0.06875
0 0.4921875 0.58046875 0.046875 0.06875
0 0.49375 0.665625 0.05 0.078125
0 0.5078125 0.72734375 0.046875 0.06875
0 0.5140625 0.8265625 0.0453125 0.0625
0 0.52265625 0.90859375 0.05 0.065625
0 0.4671875 0.89296875 0.0484375 0.0625
0 0.45546875 0.81953125 0.05 0.065625
0 0.453125 0.73046875 0.046875 0.065625
0 0.44453125 0.65859375 0.0484375 0.0625
0 0.42265625 0.59765625 0.046875 0.06875
0 0.4375 0.50703125 0.0421875 0.065625
0 0.42734375 0.43125 0.0484375 0.065625
0 0.4171875 0.35703125 0.046875 0.0625
0 0.41875 0.26953125 0.05 0.075
0 0.4046875 0.19375 0.05 0.06875
0 0.3453125 0.20234375 0.05 0.071875
0 0.359375 0.28828125 0.046875 0.065625
0 0.29375 0.29921875 0.04375 0.071875
0 0.30234375 0.22265625 0.04375 0.065625
0 0.25234375 0.2296875 0.0453125 0.0625
0 0.25625 0.3125 0.0453125 0.0625
0 0.2765625 0.38515625 0.040625 0.065625
0 0.325 0.37734375 0.04375 0.065625
0 0.3640625 0.36875 0.05 0.0625
0 0.3625 0.44296875 0.046875 0.065625
0 0.3140625 0.4453125 0.046875 0.06875
0 0.275 0.45625 0.05 0.065625
0 0.27265625 0.53359375 0.0484375 0.065625
0 0.3359375 0.52265625 0.046875 0.0625
0 0.3703125 0.51328125 0.05 0.06875
0 0.38671875 0.59140625 0.0484375 0.065625
0 0.31953125 0.60078125 0.05 0.0625
0 0.28203125 0.60234375 0.05 0.065625
0 0.3 0.66640625 0.040625 0.06875
0 0.3375 0.67734375 0.04375 0.059375
0 0.3796875 0.67109375 0.053125 0.06875
0 0.3890625 0.75078125 0.046875 0.06875
0 0.35625 0.72890625 0.046875 0.065625
0 0.296875 0.75078125 0.04375 0.0625
0 0.3171875 0.80078125 0.040625 0.06875
0 0.34453125 0.81328125 0.0421875 0.0625
0 0.390625 0.83046875 0.0515625 0.065625
0 0.4203125 0.88515625 0.04375 0.05625
0 0.38046875 0.865625 0.04375 0.0625
0 0.3234375 0.8828125 0.05 0.0625