0 0.9546875 0.35 0.090625 0.0578125
0 0.93125 0.4390625 0.1046875 0.059375
0 0.88203125 0.26328125 0.1109375 0.0625
0 0.8671875 0.321875 0.109375 0.0625
0 0.88671875 0.39296875 0.1046875 0.05625
0 0.83359375 0.4328125 0.103125 0.05625
0 0.79609375 0.51484375 0.1015625 0.05625
0 0.6859375 0.55703125 0.096875 0.053125
0 0.61875 0.57578125 0.090625 0.0515625
0 0.54296875 0.6 0.0890625 0.05
0 0.4671875 0.62421875 0.0875 0.0515625
0 0.4015625 0.62578125 0.0890625 0.046875
0 0.34296875 0.62109375 0.075 0.04375
0 0.278125 0.59609375 0.075 0.0453125
0 0.2171875 0.56953125 0.078125 0.0453125
0 0.75703125 0.4640625 0.096875 0.053125
0 0.715625 0.5046875 0.0875 0.05
0 0.6171875 0.528125 0.090625 0.05
0 0.540625 0.55 0.090625 0.05
0 0.46796875 0.56484375 0.084375 0.0484375
0 0.39921875 0.58125 0.084375 0.046875
0 0.33046875 0.57734375 0.0796875 0.046875
0 0.26953125 0.5515625 0.084375 0.05
0 0.3390625 0.5375 0.0796875 0.0515625
0 0.7859375 0.3859375 0.1046875 0.05625
0 0.73828125 0.340625 0.1 0.0515625
0 0.7953125 0.29375 0.103125 0.059375
0 0.809375 0.2328125 0.1078125 0.0609375
0 0.81640625 0.1765625 0.109375 0.0625
0 0.72578125 0.134375 0.1046875 0.0625
0 0.72265625 0.19375 0.1 0.065625
0 0.7 0.25078125 0.10625 0.065625
0 0.67890625 0.3046875 0.096875 0.0546875
0 0.69453125 0.3890625 0.1 0.053125
0 0.6828125 0.4390625 0.1 0.05625
0 0.62890625 0.4828125 0.09375 0.05
0 0.63125 0.11015625 0.09375 0.0578125
0 0.63671875 0.165625 0.1015625 0.0609375
0 0.63984375 0.2234375 0.0953125 0.059375
0 0.58671875 0.31328125 0.0953125 0.05625
0 0.609375 0.40234375 0.09375 0.0578125
0 0.571875 0.44921875 0.090625 0.053125
0 0.55546875 0.49375 0.084375 0.0484375
0 0.56015625 0.08515625 0.0875 0.0578125
0 0.5578125 0.14453125 0.09375 0.05625
0 0.559375 0.196875 0.096875 0.059375
0 0.575 0.2625 0.090625 0.05625
0 0.4796875 0.0671875 0.0890625 0.0578125
0 0.48984375 0.121875 0.090625 0.05625
0 0.48984375 0.18046875 0.0875 0.0578125
0 0.49609375 0.2359375 0.0875 0.0578125
0 0.5 0.29140625 0.090625 0.05625
0 0.5078125 0.34296875 0.084375 0.0546875
0 0.528125 0.39140625 0.0890625 0.053125
0 0.6359375 0.3546875 0.090625 0.0546875
0 0.4828125 0.5109375 0.0859375 0.0546875
0 0.4953125 0.4609375 0.0890625 0.053125
0 0.45390625 0.4171875 0.090625 0.053125
0 0.42421875 0.4765625 0.08125 0.05
0 0.40859375 0.53046875 0.084375 0.05
0 0.34765625 0.490625 0.078125 0.05
0 0.38203125 0.434375 0.0890625 0.05
0 0.28359375 0.50703125 0.078125 0.046875
0 0.215625 0.521875 0.075 0.046875
0 0.1640625 0.5390625 0.065625 0.040625
0 0.1109375 0.50859375 0.06875 0.0421875
0 0.16640625 0.4875 0.08125 0.046875
0 0.39921875 0.053125 0.090625 0.059375
0 0.40234375 0.10703125 0.09375 0.0625
0 0.41171875 0.1609375 0.090625 0.05625
0 0.4203125 0.2140625 0.0890625 0.05625
0 0.43359375 0.26875 0.084375 0.0546875
0 0.43828125 0.325 0.08125 0.05625
0 0.39921875 0.37265625 0.084375 0.053125
0 0.33359375 0.39453125 0.08125 0.05
0 0.30234375 0.45390625 0.08125 0.0484375
0 0.23515625 0.46953125 0.0765625 0.05
0 0.31484375 0.06796875 0.084375 0.059375
0 0.32265625 0.11796875 0.090625 0.05625
0 0.3296875 0.1703125 0.0890625 0.05625
0 0.34375 0.221875 0.0859375 0.0546875
0 0.35625 0.28359375 0.0875 0.053125
0 0.36015625 0.33125 0.0875 0.05625
0 0.2453125 0.09609375 0.0828125 0.053125
0 0.25859375 0.146875 0.08125 0.0546875
0 0.25859375 0.1984375 0.0875 0.05625
0 0.2796875 0.2578125 0.08125 0.053125
0 0.2828125 0.30546875 0.0796875 0.05625
0 0.28046875 0.35546875 0.0796875 0.0515625
0 0.1828125 0.1265625 0.08125 0.0546875
0 0.2390625 0.4234375 0.08125 0.046875
0 0.19453125 0.17578125 0.08125 0.053125
0 0.21875 0.2390625 0.078125 0.053125
0 0.19609375 0.28515625 0.08125 0.053125
0 0.215625 0.33125 0.0875 0.05
0 0.22734375 0.378125 0.08125 0.05
0 0.12421875 0.1609375 0.078125 0.053125
0 0.15 0.21640625 0.075 0.053125
0 0.0703125 0.2 0.0796875 0.053125
0 0.134375 0.2640625 0.075 0.0515625
0 0.13515625 0.31015625 0.078125 0.0484375
0 0.053125 0.24453125 0.075 0.05
0 0.0625 0.28984375 0.078125 0.0515625
0 0.15625 0.3546875 0.075 0.05
0 0.15859375 0.4 0.0796875 0.0484375
0 0.175 0.44453125 0.078125 0.046875
0 0.08125 0.33359375 0.0703125 0.046875
0 0.09453125 0.3796875 0.075 0.0484375
0 0.10546875 0.421875 0.075 0.0484375
0 0.1 0.46640625 0.0765625 0.04375
0 0.8796875 0.4796875 0.103125 0.053125
0 0.33203125 0.0109375 0.0890625 0.021875