0 0.9546875 0.65 0.090625 0.0578125
0 0.93125 0.5609375 0.1046875 0.059375
0 0.88203125 0.73671875 0.1109375 0.0640625
0 0.8671875 0.678125 0.109375 0.0625
0 0.88671875 0.60703125 0.1046875 0.05625
0 0.83359375 0.5671875 0.103125 0.05625
0 0.79609375 0.48515625 0.1015625 0.05625
0 0.6859375 0.44296875 0.096875 0.053125
0 0.61875 0.42421875 0.090625 0.0515625
0 0.54296875 0.4 0.0890625 0.05
0 0.4671875 0.37578125 0.0875 0.0515625
0 0.4015625 0.37421875 0.0890625 0.046875
0 0.34296875 0.37890625 0.075 0.04375
0 0.278125 0.40390625 0.075 0.0453125
0 0.2171875 0.43046875 0.078125 0.0453125
0 0.75703125 0.5359375 0.096875 0.053125
0 0.715625 0.4953125 0.0875 0.05
0 0.6171875 0.471875 0.090625 0.05
0 0.540625 0.45 0.090625 0.05
0 0.46796875 0.43515625 0.084375 0.0484375
0 0.39921875 0.41875 0.084375 0.046875
0 0.33046875 0.42265625 0.0796875 0.046875
0 0.26953125 0.4484375 0.084375 0.05
0 0.3390625 0.4625 0.0796875 0.0515625
0 0.7859375 0.6140625 0.1046875 0.05625
0 0.73828125 0.659375 0.1 0.0515625
0 0.7953125 0.70625 0.103125 0.059375
0 0.809375 0.7671875 0.1078125 0.0609375
0 0.81640625 0.8234375 0.109375 0.0625
0 0.72578125 0.865625 0.1046875 0.0625
0 0.72265625 0.80625 0.1 0.0671875
0 0.7 0.74921875 0.10625 0.065625
0 0.67890625 0.6953125 0.096875 0.0546875
0 0.69453125 0.6109375 0.1 0.053125
0 0.6828125 0.5609375 0.1 0.05625
0 0.62890625 0.5171875 0.09375 0.05
0 0.63125 0.88984375 0.09375 0.0578125
0 0.63671875 0.834375 0.1015625 0.0609375
0 0.63984375 0.7765625 0.0953125 0.0609375
0 0.58671875 0.68671875 0.0953125 0.05625
0 0.609375 0.59765625 0.09375 0.0578125
0 0.571875 0.55078125 0.090625 0.053125
0 0.55546875 0.50625 0.084375 0.0484375
0 0.56015625 0.91484375 0.0875 0.0578125
0 0.5578125 0.85546875 0.09375 0.05625
0 0.559375 0.803125 0.096875 0.059375
0 0.575 0.7375 0.090625 0.05625
0 0.4796875 0.9328125 0.0890625 0.0578125
0 0.48984375 0.878125 0.090625 0.05625
0 0.48984375 0.81953125 0.0875 0.0578125
0 0.49609375 0.7640625 0.0875 0.0578125
0 0.5 0.70859375 0.090625 0.05625
0 0.5078125 0.65703125 0.084375 0.0546875
0 0.528125 0.60859375 0.0890625 0.053125
0 0.6359375 0.6453125 0.090625 0.0546875
0 0.4828125 0.4890625 0.0859375 0.0546875
0 0.4953125 0.5390625 0.0890625 0.053125
0 0.45390625 0.5828125 0.090625 0.053125
0 0.42421875 0.5234375 0.08125 0.05
0 0.40859375 0.46953125 0.084375 0.05
0 0.34765625 0.509375 0.078125 0.05
0 0.38203125 0.565625 0.0890625 0.05
0 0.28359375 0.49296875 0.078125 0.046875
0 0.215625 0.478125 0.075 0.046875
0 0.1640625 0.4609375 0.065625 0.040625
0 0.1109375 0.49140625 0.06875 0.0421875
0 0.16640625 0.5125 0.08125 0.046875
0 0.39921875 0.946875 0.090625 0.059375
0 0.40234375 0.89296875 0.09375 0.0625
0 0.41171875 0.8390625 0.090625 0.05625
0 0.4203125 0.7859375 0.0890625 0.05625
0 0.43359375 0.73125 0.084375 0.0546875
0 0.43828125 0.675 0.08125 0.05625
0 0.39921875 0.62734375 0.084375 0.053125
0 0.33359375 0.60546875 0.08125 0.05
0 0.30234375 0.54609375 0.08125 0.0484375
0 0.23515625 0.53046875 0.0765625 0.05
0 0.31484375 0.93203125 0.084375 0.059375
0 0.32265625 0.88203125 0.090625 0.0578125
0 0.3296875 0.8296875 0.0890625 0.0578125
0 0.34375 0.778125 0.0859375 0.0546875
0 0.35625 0.71640625 0.0875 0.053125
0 0.36015625 0.66875 0.0875 0.05625
0 0.2453125 0.90390625 0.0828125 0.0546875
0 0.25859375 0.853125 0.08125 0.0546875
0 0.25859375 0.8015625 0.0875 0.05625
0 0.2796875 0.7421875 0.08125 0.053125
0 0.2828125 0.69453125 0.0796875 0.05625
0 0.28046875 0.64453125 0.0796875 0.0515625
0 0.1828125 0.8734375 0.08125 0.0546875
0 0.2390625 0.5765625 0.08125 0.046875
0 0.19453125 0.82421875 0.08125 0.053125
0 0.21875 0.7609375 0.078125 0.053125
0 0.19609375 0.71484375 0.08125 0.053125
0 0.215625 0.66875 0.0875 0.05
0 0.22734375 0.621875 0.08125 0.05
0 0.12421875 0.8390625 0.078125 0.053125
0 0.15 0.78359375 0.075 0.053125
0 0.0703125 0.8 0.0796875 0.053125
0 0.134375 0.7359375 0.075 0.0515625
0 0.13515625 0.68984375 0.078125 0.0484375
0 0.053125 0.75546875 0.075 0.05
0 0.0625 0.71015625 0.078125 0.0515625
0 0.15625 0.6453125 0.075 0.05
0 0.15859375 0.6 0.0796875 0.0484375
0 0.175 0.55546875 0.078125 0.046875
0 0.08125 0.66640625 0.0703125 0.046875
0 0.09453125 0.6203125 0.075 0.0484375
0 0.10546875 0.578125 0.075 0.0484375
0 0.1 0.53359375 0.0765625 0.04375
0 0.8796875 0.5203125 0.103125 0.053125
0 0.33203125 0.9890625 0.0890625 0.021875