0 0.98125 0.0125 0.0375 0.025
0 0.984375 0.03984375 0.03125 0.0609375
0 0.984375 0.08828125 0.03125 0.0609375
0 0.96328125 0.1703125 0.046875 0.05625
0 0.98984375 0.1609375 0.0203125 0.05625
0 0.95390625 0.2421875 0.0390625 0.0453125
0 0.9875 0.26484375 0.025 0.0546875
0 0.9109375 0.6 0.05625 0.06875
0 0.8875 0.66953125 0.053125 0.06875
0 0.86484375 0.715625 0.053125 0.065625
0 0.87265625 0.55703125 0.053125 0.065625
0 0.875 0.45625 0.053125 0.065625
0 0.859375 0.51328125 0.046875 0.05
0 0.8328125 0.62578125 0.034375 0.053125
0 0.82265625 0.5046875 0.046875 0.0609375
0 0.83203125 0.41640625 0.053125 0.0625
0 0.78046875 0.465625 0.040625 0.04375
0 0.7875 0.38046875 0.046875 0.065625
0 0.79765625 0.52890625 0.05 0.0609375
0 0.81328125 0.5984375 0.05625 0.06875
0 0.80625 0.678125 0.053125 0.075
0 0.79296875 0.73046875 0.046875 0.05625
0 0.74453125 0.7265625 0.0421875 0.05625
0 0.74296875 0.64921875 0.040625 0.053125
0 0.7421875 0.56328125 0.046875 0.0640625
0 0.75625 0.490625 0.05 0.065625
0 0.74296875 0.44296875 0.04375 0.059375
0 0.7390625 0.37109375 0.040625 0.05625
0 0.715625 0.36640625 0.053125 0.065625
0 0.7125 0.4515625 0.046875 0.0625
0 0.6921875 0.72578125 0.0375 0.053125
0 0.690625 0.6640625 0.0421875 0.053125
0 0.70078125 0.6015625 0.05 0.0625
0 0.68984375 0.5265625 0.040625 0.053125
0 0.66328125 0.3765625 0.040625 0.05625
0 0.665625 0.4796875 0.046875 0.059375
0 0.64296875 0.53828125 0.04375 0.05625
0 0.646875 0.6109375 0.040625 0.053125
0 0.6265625 0.7109375 0.040625 0.0515625
0 0.6078125 0.6546875 0.0484375 0.065625
0 0.57890625 0.70390625 0.040625 0.053125
0 0.56875 0.64296875 0.0375 0.0515625
0 0.5890625 0.59921875 0.046875 0.059375
0 0.59921875 0.5359375 0.04375 0.05625
0 0.61953125 0.4671875 0.040625 0.053125
0 0.634375 0.41640625 0.04375 0.05
0 0.62421875 0.36640625 0.04375 0.0625
0 0.58515625 0.37109375 0.040625 0.05625
0 0.56953125 0.48984375 0.046875 0.0625
0 0.55078125 0.5390625 0.034375 0.05
0 0.5609375 0.421875 0.0390625 0.0546875
0 0.5421875 0.41328125 0.0296875 0.0453125
0 0.521875 0.36015625 0.0375 0.05
0 0.52890625 0.621875 0.046875 0.0609375
0 0.459375 0.37421875 0.0390625 0.05
0 0.47890625 0.49296875 0.0375 0.0515625
0 0.5265625 0.715625 0.0390625 0.05625
0 0.5046875 0.6609375 0.0359375 0.0453125
0 0.484375 0.7109375 0.0375 0.053125
0 0.4828125 0.5609375 0.0421875 0.059375
0 0.446875 0.53125 0.0390625 0.053125
0 0.45234375 0.60703125 0.034375 0.05
0 0.4515625 0.66953125 0.04375 0.059375
0 0.43359375 0.709375 0.034375 0.0484375
0 0.3984375 0.34609375 0.040625 0.05
0 0.41328125 0.459375 0.034375 0.05
0 0.39296875 0.4453125 0.03125 0.0484375
0 0.39140625 0.48984375 0.0328125 0.0484375
0 0.4125 0.5234375 0.0375 0.05
0 0.42421875 0.58203125 0.034375 0.0484375
0 0.415625 0.65078125 0.0375 0.05625
0 0.3859375 0.703125 0.040625 0.059375
0 0.3875 0.60703125 0.0375 0.053125
0 0.3625 0.35859375 0.040625 0.05625
0 0.34453125 0.70234375 0.0375 0.05625
0 0.33984375 0.6515625 0.040625 0.0609375
0 0.35546875 0.5984375 0.040625 0.05625
0 0.36640625 0.54609375 0.03125 0.046875
0 0.3 0.70859375 0.0375 0.059375
0 0.29140625 0.6609375 0.034375 0.0515625
0 0.2625 0.653125 0.03125 0.046875
0 0.2796875 0.6203125 0.0375 0.04375
0 0.3015625 0.57109375 0.040625 0.05625
0 0.32734375 0.51796875 0.040625 0.0515625
0 0.33828125 0.46328125 0.0390625 0.0515625
0 0.3125 0.39375 0.04375 0.059375
0 0.321875 0.365625 0.0375 0.04375
0 0.2109375 0.73046875 0.040625 0.0515625
0 0.209375 0.67265625 0.04375 0.059375
0 0.2265625 0.60859375 0.0390625 0.0546875
0 0.23125 0.5578125 0.04375 0.059375
0 0.26328125 0.515625 0.040625 0.053125
0 0.23671875 0.43671875 0.04375 0.059375
0 0.2609375 0.39296875 0.0375 0.053125
0 0.259375 0.3546875 0.040625 0.0390625
0 0.21953125 0.4609375 0.034375 0.046875
0 0.21015625 0.39296875 0.0375 0.046875
0 0.18515625 0.3890625 0.0359375 0.059375
0 0.14453125 0.434375 0.04375 0.059375
0 0.09375 0.459375 0.040625 0.0515625
0 0.1375 0.50703125 0.034375 0.0515625
0 0.09609375 0.53359375 0.04375 0.059375
0 0.1609375 0.5921875 0.04375 0.05625
0 0.1125 0.61484375 0.040625 0.05625
0 0.19453125 0.64375 0.0375 0.053125
0 0.1625 0.66328125 0.040625 0.05
0 0.1375 0.70859375 0.040625 0.059375
0 0.03515625 0.040625 0.0390625 0.053125
0 0.053125 0.07578125 0.040625 0.053125
0 0.0640625 0.10234375 0.0375 0.05
0 0.0453125 0.115625 0.025 0.0390625
0 0.03515625 0.1484375 0.034375 0.04375
0 0.03671875 0.18515625 0.04375 0.05625
0 0.0828125 0.01875 0.034375 0.0375
0 0.103125 0.0703125 0.0421875 0.0625
0 0.10234375 0.24453125 0.040625 0.053125
0 0.13515625 0.253125 0.0421875 0.059375
0 0.13828125 0.18125 0.040625 0.05
0 0.14921875 0.12890625 0.04375 0.053125
0 0.184375 0.090625 0.040625 0.053125
0 0.2375 0.01640625 0.0375 0.03125
0 0.20703125 0.26875 0.0375 0.046875
0 0.2359375 0.240625 0.040625 0.05
0 0.23984375 0.19375 0.04375 0.05625
0 0.25390625 0.103125 0.046875 0.059375
0 0.271875 0.071875 0.04375 0.05625
0 0.284375 0.246875 0.04375 0.059375
0 0.30078125 0.1984375 0.0375 0.05
0 0.3140625 0.1171875 0.040625 0.0546875
0 0.3421875 0.065625 0.0390625 0.046875
0 0.3359375 0.16875 0.040625 0.05
0 0.35 0.2890625 0.0375 0.05
0 0.371875 0.1265625 0.040625 0.0546875
0 0.4 0.278125 0.0359375 0.05
0 0.4390625 0.23984375 0.0375 0.0484375
0 0.39609375 0.20078125 0.04375 0.0546875
0 0.43046875 0.15703125 0.0390625 0.05
0 0.41328125 0.078125 0.0390625 0.0484375
0 0.39140625 0.0859375 0.0328125 0.05625
0 0.3875 0.0234375 0.040625 0.046875
0 0.4203125 0.0234375 0.0421875 0.046875
0 0.478125 0.0140625 0.040625 0.028125
0 0.47421875 0.04296875 0.0421875 0.059375
0 0.4578125 0.08359375 0.040625 0.059375
0 0.51484375 0.0484375 0.0390625 0.05
0 0.49375 0.14375 0.0375 0.05
0 0.48984375 0.28125 0.0359375 0.0484375
0 0.50546875 0.209375 0.046875 0.05625
0 0.53203125 0.25234375 0.05 0.065625
0 0.5640625 0.0109375 0.04375 0.021875
0 0.57421875 0.22578125 0.0453125 0.0609375
0 0.54296875 0.17109375 0.046875 0.05625
0 0.540625 0.11484375 0.046875 0.05625
0 0.590625 0.08984375 0.046875 0.05625
0 0.5796875 0.121875 0.05 0.059375
0 0.62265625 0.02421875 0.0453125 0.0484375
0 0.64296875 0.0359375 0.0421875 0.05
0 0.63515625 0.1421875 0.05 0.05625
0 0.628125 0.190625 0.0515625 0.0609375
0 0.68046875 0.17578125 0.053125 0.065625
0 0.671875 0.12421875 0.0375 0.0484375
0 0.69375 0.059375 0.046875 0.05625
0 0.75703125 0.021875 0.0515625 0.04375
0 0.7203125 0.12109375 0.04375 0.05
0 0.70625 0.153125 0.04375 0.0640625
0 0.73203125 0.21171875 0.04375 0.053125
0 0.76015625 0.1203125 0.053125 0.0625
0 0.7859375 0.1015625 0.0515625 0.059375
0 0.79140625 0.0796875 0.046875 0.040625
0 0.84765625 0.0703125 0.04375 0.05
0 0.809375 0.15546875 0.0453125 0.05
0 0.821875 0.13671875 0.046875 0.05625