0 0.221875 0.25703125 0.065625 0.046875
0 0.19296875 0.3078125 0.0625 0.0484375
0 0.19453125 0.3484375 0.0671875 0.046875
0 0.16484375 0.3875 0.0625 0.05
0 0.184375 0.4390625 0.0625 0.046875
0 0.171875 0.51328125 0.0640625 0.046875
0 0.21953125 0.484375 0.0609375 0.0453125
0 0.25234375 0.315625 0.065625 0.0484375
0 0.2515625 0.3671875 0.05625 0.04375
0 0.20234375 0.58828125 0.05625 0.040625
0 0.24375 0.53984375 0.0578125 0.04375
0 0.2875 0.19375 0.065625 0.05
0 0.28359375 0.23984375 0.0625 0.05
0 0.3 0.296875 0.05625 0.0484375
0 0.30234375 0.3421875 0.059375 0.046875
0 0.30625 0.390625 0.059375 0.046875
0 0.28828125 0.4359375 0.05625 0.04375
0 0.28125 0.47734375 0.059375 0.04375
0 0.2953125 0.51875 0.0625 0.0421875
0 0.3171875 0.55625 0.059375 0.0453125
0 0.2265625 0.64140625 0.059375 0.040625
0 0.24140625 0.67578125 0.05625 0.040625
0 0.2796875 0.62421875 0.0578125 0.040625
0 0.33203125 0.62734375 0.05 0.0375
0 0.29765625 0.66640625 0.05625 0.040625
0 0.278125 0.709375 0.05625 0.0390625
0 0.2671875 0.75390625 0.059375 0.04375
0 0.2921875 0.78046875 0.053125 0.0359375
0 0.32890625 0.7515625 0.053125 0.040625
0 0.3375 0.81953125 0.05625 0.0421875
0 0.35234375 0.77421875 0.05625 0.040625
0 0.33828125 0.71796875 0.0578125 0.04375
0 0.35625 0.678125 0.0578125 0.04375
0 0.38046875 0.73046875 0.05625 0.040625
0 0.3484375 0.50390625 0.0578125 0.04375
0 0.33828125 0.465625 0.053125 0.046875
0 0.34765625 0.42265625 0.059375 0.046875
0 0.36015625 0.36875 0.0609375 0.046875
0 0.3546875 0.32109375 0.0609375 0.046875
0 0.3546875 0.275 0.059375 0.05
0 0.34765625 0.20546875 0.0625 0.05
0 0.3578125 0.1546875 0.0640625 0.05
0 0.375 0.565625 0.0609375 0.04375
0 0.4 0.521875 0.05625 0.04375
0 0.39375 0.48203125 0.059375 0.040625
0 0.39609375 0.44140625 0.059375 0.04375
0 0.40625 0.3984375 0.0578125 0.0484375
0 0.4046875 0.34453125 0.05625 0.04375
0 0.4015625 0.3015625 0.059375 0.05
0 0.415625 0.22109375 0.0609375 0.046875
0 0.44921875 0.53984375 0.05625 0.040625
0 0.44765625 0.4984375 0.0578125 0.0421875
0 0.45078125 0.45703125 0.059375 0.04375
0 0.45703125 0.41640625 0.0578125 0.0453125
0 0.45234375 0.371875 0.0578125 0.0453125
0 0.4609375 0.325 0.0609375 0.046875
0 0.45078125 0.26484375 0.059375 0.0484375
0 0.465625 0.1859375 0.0640625 0.046875
0 0.44765625 0.14453125 0.0640625 0.053125
0 0.4546875 0.58671875 0.05 0.0375
0 0.503125 0.56328125 0.05625 0.0421875
0 0.5 0.5203125 0.05625 0.040625
0 0.503125 0.48046875 0.059375 0.04375
0 0.51640625 0.4359375 0.059375 0.046875
0 0.51875 0.390625 0.059375 0.046875
0 0.503125 0.35390625 0.05625 0.04375
0 0.49765625 0.290625 0.0546875 0.046875
0 0.50703125 0.228125 0.059375 0.046875
0 0.52265625 0.1828125 0.059375 0.046875
0 0.50859375 0.13125 0.0625 0.0484375
0 0.53828125 0.49921875 0.05 0.0390625
0 0.55078125 0.459375 0.0546875 0.040625
0 0.55546875 0.41640625 0.0578125 0.04375
0 0.55234375 0.3734375 0.05625 0.04375
0 0.55 0.32734375 0.05625 0.04375
0 0.55078125 0.28359375 0.05625 0.046875
0 0.5609375 0.2296875 0.059375 0.046875
0 0.575 0.18671875 0.05625 0.046875
0 0.57265625 0.13125 0.059375 0.05
0 0.628125 0.15234375 0.05625 0.046875
0 0.62890625 0.203125 0.05625 0.046875
0 0.60234375 0.2578125 0.0546875 0.046875
0 0.6125 0.30390625 0.05625 0.046875
0 0.61328125 0.3515625 0.05625 0.046875
0 0.60625 0.396875 0.05625 0.0421875
0 0.60546875 0.44140625 0.05625 0.0421875
0 0.6109375 0.48203125 0.0578125 0.0453125
0 0.5796875 0.52265625 0.0515625 0.0390625
0 0.5890625 0.5625 0.0546875 0.040625
0 0.5765625 0.60234375 0.053125 0.040625
0 0.64609375 0.584375 0.053125 0.040625
0 0.63671875 0.54453125 0.0515625 0.040625
0 0.6765625 0.5953125 0.046875 0.0375
0 0.66875 0.56015625 0.0375 0.0390625
0 0.64765625 0.50625 0.05 0.040625
0 0.6875 0.525 0.05 0.04375
0 0.65078125 0.4671875 0.053125 0.046875
0 0.66171875 0.42265625 0.053125 0.04375
0 0.71171875 0.4390625 0.0546875 0.04375
0 0.65234375 0.3828125 0.0546875 0.0421875
0 0.6984375 0.39765625 0.053125 0.04375
0 0.64609375 0.3390625 0.046875 0.04375
0 0.7078125 0.3546875 0.053125 0.0453125
0 0.6609375 0.28671875 0.05625 0.046875
0 0.7109375 0.3078125 0.053125 0.046875
0 0.70859375 0.26328125 0.0578125 0.046875
0 0.64921875 0.24921875 0.05625 0.04375
0 0.6625 0.18828125 0.053125 0.0453125
0 0.70625 0.2171875 0.05625 0.046875
0 0.38515625 0.6046875 0.0578125 0.040625
0 0.38125 0.6390625 0.0546875 0.0375
0 0.43203125 0.6234375 0.0546875 0.040625
0 0.4046875 0.69609375 0.05625 0.04375
0 0.43515625 0.72578125 0.0578125 0.040625
0 0.4421875 0.665625 0.05625 0.040625
0 0.4875 0.65234375 0.05625 0.040625
0 0.5171875 0.6171875 0.053125 0.0421875
0 0.56484375 0.64453125 0.053125 0.040625
0 0.62109375 0.63671875 0.053125 0.040625
0 0.6875 0.6375 0.053125 0.04375
0 0.71328125 0.69921875 0.05 0.0453125
0 0.63671875 0.6734375 0.0546875 0.040625
0 0.63125 0.7015625 0.05 0.03125
0 0.575 0.67890625 0.053125 0.040625
0 0.52890625 0.696875 0.05625 0.04375
0 0.47578125 0.7 0.05625 0.04375
0 0.58984375 0.71328125 0.0515625 0.0390625
0 0.73125 0.771875 0.0515625 0.04375
0 0.6578125 0.73671875 0.05 0.040625
0 0.61484375 0.753125 0.053125 0.0375
0 0.646875 0.77421875 0.05 0.040625
0 0.6734375 0.790625 0.046875 0.040625
0 0.50859375 0.74375 0.05625 0.04375
0 0.5625 0.76171875 0.0484375 0.040625
0 0.378125 0.85078125 0.05625 0.040625
0 0.39453125 0.80859375 0.05 0.040625
0 0.41796875 0.78671875 0.059375 0.040625
0 0.425 0.88125 0.053125 0.034375
0 0.43515625 0.8390625 0.05625 0.0375
0 0.45703125 0.80625 0.05625 0.040625
0 0.46796875 0.76640625 0.05625 0.040625
0 0.51171875 0.7703125 0.046875 0.03125
0 0.5015625 0.80546875 0.05 0.040625
0 0.48984375 0.8515625 0.059375 0.040625
0 0.48125 0.89765625 0.05625 0.04375
0 0.54375 0.896875 0.05625 0.0453125
0 0.54140625 0.8390625 0.053125 0.0421875
0 0.55390625 0.79765625 0.05 0.040625
0 0.615625 0.79765625 0.0515625 0.04375
0 0.60703125 0.8515625 0.0546875 0.04375
0 0.60390625 0.90078125 0.053125 0.04375
0 0.64765625 0.8265625 0.0515625 0.040625
0 0.63828125 0.87109375 0.05 0.04375
0 0.675 0.84453125 0.0484375 0.0390625