0 0.221875 0.74296875 0.065625 0.046875
0 0.19296875 0.6921875 0.0625 0.0484375
0 0.19453125 0.6515625 0.0671875 0.046875
0 0.16484375 0.6125 0.0625 0.05
0 0.184375 0.5609375 0.0625 0.046875
0 0.171875 0.48671875 0.0640625 0.046875
0 0.21953125 0.515625 0.0609375 0.0453125
0 0.25234375 0.684375 0.065625 0.0484375
0 0.2515625 0.6328125 0.05625 0.04375
0 0.20234375 0.41171875 0.05625 0.040625
0 0.24375 0.46015625 0.0578125 0.04375
0 0.2875 0.80625 0.065625 0.0515625
0 0.28359375 0.76015625 0.0625 0.05
0 0.3 0.703125 0.05625 0.0484375
0 0.30234375 0.6578125 0.059375 0.046875
0 0.30625 0.609375 0.059375 0.046875
0 0.28828125 0.5640625 0.05625 0.04375
0 0.28125 0.52265625 0.059375 0.04375
0 0.2953125 0.48125 0.0625 0.0421875
0 0.3171875 0.44375 0.059375 0.0453125
0 0.2265625 0.35859375 0.059375 0.040625
0 0.24140625 0.32421875 0.05625 0.040625
0 0.2796875 0.37578125 0.0578125 0.040625
0 0.33203125 0.37265625 0.05 0.0375
0 0.29765625 0.33359375 0.05625 0.040625
0 0.278125 0.290625 0.05625 0.0390625
0 0.2671875 0.24609375 0.059375 0.04375
0 0.2921875 0.21953125 0.053125 0.0359375
0 0.32890625 0.2484375 0.053125 0.040625
0 0.3375 0.18046875 0.05625 0.040625
0 0.35234375 0.22578125 0.05625 0.040625
0 0.33828125 0.28203125 0.0578125 0.04375
0 0.35625 0.321875 0.0578125 0.04375
0 0.38046875 0.26953125 0.05625 0.040625
0 0.3484375 0.49609375 0.0578125 0.04375
0 0.33828125 0.534375 0.053125 0.046875
0 0.34765625 0.57734375 0.059375 0.046875
0 0.36015625 0.63125 0.0609375 0.046875
0 0.3546875 0.67890625 0.0609375 0.046875
0 0.3546875 0.725 0.059375 0.05
0 0.34765625 0.79453125 0.0625 0.05
0 0.3578125 0.8453125 0.0640625 0.05
0 0.375 0.434375 0.0609375 0.04375
0 0.4 0.478125 0.05625 0.04375
0 0.39375 0.51796875 0.059375 0.040625
0 0.39609375 0.55859375 0.059375 0.04375
0 0.40625 0.6015625 0.0578125 0.0484375
0 0.4046875 0.65546875 0.05625 0.04375
0 0.4015625 0.6984375 0.059375 0.05
0 0.415625 0.77890625 0.0609375 0.046875
0 0.44921875 0.46015625 0.05625 0.040625
0 0.44765625 0.5015625 0.0578125 0.0421875
0 0.45078125 0.54296875 0.059375 0.04375
0 0.45703125 0.58359375 0.0578125 0.0453125
0 0.45234375 0.628125 0.0578125 0.0453125
0 0.4609375 0.675 0.0609375 0.046875
0 0.45078125 0.73515625 0.059375 0.0484375
0 0.465625 0.8140625 0.0640625 0.046875
0 0.44765625 0.85546875 0.0640625 0.053125
0 0.4546875 0.41328125 0.05 0.0375
0 0.503125 0.43671875 0.05625 0.0421875
0 0.5 0.4796875 0.05625 0.040625
0 0.503125 0.51953125 0.059375 0.04375
0 0.51640625 0.5640625 0.059375 0.046875
0 0.51875 0.609375 0.059375 0.046875
0 0.503125 0.64609375 0.05625 0.04375
0 0.49765625 0.709375 0.0546875 0.046875
0 0.50703125 0.771875 0.059375 0.046875
0 0.52265625 0.8171875 0.059375 0.046875
0 0.50859375 0.86875 0.0625 0.0484375
0 0.53828125 0.50078125 0.05 0.0390625
0 0.55078125 0.540625 0.0546875 0.040625
0 0.55546875 0.58359375 0.0578125 0.04375
0 0.55234375 0.6265625 0.05625 0.04375
0 0.55 0.67265625 0.05625 0.04375
0 0.55078125 0.71640625 0.05625 0.046875
0 0.5609375 0.7703125 0.059375 0.046875
0 0.575 0.81328125 0.05625 0.046875
0 0.57265625 0.86875 0.059375 0.05
0 0.628125 0.84765625 0.05625 0.046875
0 0.62890625 0.796875 0.05625 0.046875
0 0.60234375 0.7421875 0.0546875 0.046875
0 0.6125 0.69609375 0.05625 0.046875
0 0.61328125 0.6484375 0.05625 0.046875
0 0.60625 0.603125 0.05625 0.0421875
0 0.60546875 0.55859375 0.05625 0.0421875
0 0.6109375 0.51796875 0.0578125 0.0453125
0 0.5796875 0.47734375 0.0515625 0.0390625
0 0.5890625 0.4375 0.0546875 0.040625
0 0.5765625 0.39765625 0.053125 0.040625
0 0.64609375 0.415625 0.053125 0.040625
0 0.63671875 0.45546875 0.0515625 0.040625
0 0.6765625 0.4046875 0.046875 0.0375
0 0.66875 0.43984375 0.0375 0.0390625
0 0.64765625 0.49375 0.05 0.040625
0 0.6875 0.475 0.05 0.04375
0 0.65078125 0.5328125 0.053125 0.046875
0 0.66171875 0.57734375 0.053125 0.04375
0 0.71171875 0.5609375 0.0546875 0.04375
0 0.65234375 0.6171875 0.0546875 0.0421875
0 0.6984375 0.60234375 0.053125 0.04375
0 0.64609375 0.6609375 0.046875 0.04375
0 0.7078125 0.6453125 0.053125 0.0453125
0 0.6609375 0.71328125 0.05625 0.046875
0 0.7109375 0.6921875 0.053125 0.046875
0 0.70859375 0.73671875 0.0578125 0.046875
0 0.64921875 0.75078125 0.05625 0.04375
0 0.6625 0.81171875 0.053125 0.0453125
0 0.70625 0.7828125 0.05625 0.046875
0 0.38515625 0.3953125 0.0578125 0.040625
0 0.38125 0.3609375 0.0546875 0.0375
0 0.43203125 0.3765625 0.0546875 0.040625
0 0.4046875 0.30390625 0.05625 0.04375
0 0.43515625 0.27421875 0.0578125 0.040625
0 0.4421875 0.334375 0.05625 0.040625
0 0.4875 0.34765625 0.05625 0.040625
0 0.5171875 0.3828125 0.053125 0.0421875
0 0.56484375 0.35546875 0.053125 0.040625
0 0.62109375 0.36328125 0.053125 0.040625
0 0.6875 0.3625 0.053125 0.04375
0 0.71328125 0.30078125 0.05 0.0453125
0 0.63671875 0.3265625 0.0546875 0.040625
0 0.63125 0.2984375 0.05 0.03125
0 0.575 0.32109375 0.053125 0.040625
0 0.52890625 0.303125 0.05625 0.04375
0 0.47578125 0.3 0.05625 0.04375
0 0.58984375 0.28671875 0.0515625 0.0390625
0 0.73125 0.228125 0.0515625 0.04375
0 0.6578125 0.26328125 0.05 0.040625
0 0.61484375 0.246875 0.053125 0.0375
0 0.646875 0.22578125 0.05 0.040625
0 0.6734375 0.209375 0.046875 0.040625
0 0.50859375 0.25625 0.05625 0.04375
0 0.5625 0.23828125 0.0484375 0.040625
0 0.378125 0.14921875 0.05625 0.040625
0 0.39453125 0.19140625 0.05 0.040625
0 0.41796875 0.21328125 0.059375 0.040625
0 0.425 0.11875 0.053125 0.034375
0 0.43515625 0.1609375 0.05625 0.0375
0 0.45703125 0.19375 0.05625 0.040625
0 0.46796875 0.23359375 0.05625 0.040625
0 0.51171875 0.2296875 0.046875 0.03125
0 0.5015625 0.19453125 0.05 0.040625
0 0.48984375 0.1484375 0.059375 0.040625
0 0.48125 0.10234375 0.05625 0.04375
0 0.54375 0.103125 0.05625 0.0453125
0 0.54140625 0.1609375 0.053125 0.0421875
0 0.55390625 0.20234375 0.05 0.040625
0 0.615625 0.20234375 0.0515625 0.04375
0 0.60703125 0.1484375 0.0546875 0.04375
0 0.60390625 0.09921875 0.053125 0.04375
0 0.64765625 0.1734375 0.0515625 0.040625
0 0.63828125 0.12890625 0.05 0.04375
0 0.675 0.15546875 0.0484375 0.0375