0 0.3609375 0.965625 0.103125 0.04375
0 0.30625 0.89375 0.08125 0.0453125
0 0.16953125 0.88046875 0.090625 0.0546875
0 0.30859375 0.7796875 0.1 0.04375
0 0.20625 0.70703125 0.1046875 0.0515625
0 0.24609375 0.64921875 0.096875 0.0484375
0 0.30390625 0.59296875 0.090625 0.046875
0 0.2515625 0.0875 0.0796875 0.05
0 0.3515625 0.7109375 0.08125 0.03125
0 0.3875 0.69921875 0.084375 0.040625
0 0.4125 0.6765625 0.090625 0.04375
0 0.390625 0.6484375 0.0875 0.03125
0 0.396875 0.6125 0.0859375 0.040625
0 0.375 0.5765625 0.0859375 0.04375
0 0.56484375 0.49375 0.1046875 0.05625
0 0.53359375 0.609375 0.096875 0.034375
0 0.4734375 0.58359375 0.090625 0.046875
0 0.36015625 0.5328125 0.1015625 0.04375
0 0.38828125 0.4875 0.0859375 0.04375
0 0.4515625 0.46640625 0.090625 0.0375
0 0.48125 0.4421875 0.1 0.046875
0 0.38515625 0.44375 0.0796875 0.04375
0 0.29375 0.46875 0.0828125 0.040625
0 0.2828125 0.4265625 0.090625 0.0390625
0 0.3125 0.4 0.09375 0.05
0 0.2890625 0.34375 0.084375 0.04375
0 0.2375 0.38046875 0.0859375 0.046875
0 0.71328125 0.6140625 0.096875 0.0484375
0 0.0796875 0.2609375 0.1046875 0.05625
0 0.5125 0.29375 0.09375 0.040625
0 0.459375 0.2484375 0.0859375 0.04375
0 0.421875 0.2234375 0.090625 0.0375
0 0.27734375 0.1859375 0.0875 0.046875
0 0.41640625 0.1828125 0.084375 0.046875
0 0.8234375 0.21640625 0.053125 0.0234375
0 0.84765625 0.2828125 0.046875 0.01875
0 0.825 0.18984375 0.0453125 0.0234375
0 0.81640625 0.15390625 0.05625 0.0296875
0 0.8578125 0.13515625 0.046875 0.0234375
0 0.81015625 0.1125 0.04375 0.028125
0 0.85625 0.0921875 0.05 0.025
0 0.89765625 0.11171875 0.05625 0.025
0 0.80390625 0.06875 0.046875 0.025
0 0.859375 0.053125 0.040625 0.028125
0 0.82890625 0.0453125 0.046875 0.025
0 0.8125 0.64609375 0.09375 0.0453125
0 0.6203125 0.35703125 0.0796875 0.040625
0 0.365625 0.75234375 0.0875 0.0453125
0 0.91171875 0.7578125 0.040625 0.01875
0 0.93828125 0.6765625 0.034375 0.01875
0 0.95859375 0.6421875 0.034375 0.015625
0 0.9171875 0.728125 0.0375 0.0125
0 0.89453125 0.6609375 0.025 0.015625
0 0.9328125 0.61875 0.034375 0.015625
0 0.91484375 0.64375 0.0390625 0.0125
0 0.32890625 0.50859375 0.06875 0.040625
0 0.475 0.4171875 0.090625 0.0265625
0 0.5015625 0.79375 0.096875 0.04375
0 0.53046875 0.7390625 0.090625 0.040625
0 0.58125 0.6921875 0.1 0.046875
0 0.66015625 0.66875 0.09375 0.040625
0 0.75390625 0.66484375 0.0828125 0.0453125
0 0.70390625 0.5671875 0.1015625 0.04375
0 0.634375 0.5328125 0.09375 0.0359375
0 0.66953125 0.47109375 0.0859375 0.0328125
0 0.7046875 0.3953125 0.10625 0.05
0 0.63984375 0.40625 0.0875 0.040625
0 0.53359375 0.34921875 0.09375 0.0484375
0 0.4765625 0.37265625 0.09375 0.04375
0 0.45 0.29375 0.0875 0.04375
0 0.37421875 0.25703125 0.090625 0.0453125