0 0.6390625 0.034375 0.103125 0.04375
0 0.69375 0.10625 0.08125 0.04375
0 0.83046875 0.11953125 0.090625 0.0546875
0 0.69140625 0.2203125 0.1 0.04375
0 0.79375 0.29296875 0.1046875 0.0515625
0 0.75390625 0.35078125 0.096875 0.0484375
0 0.69609375 0.40703125 0.090625 0.046875
0 0.7484375 0.9125 0.0796875 0.0515625
0 0.6484375 0.2890625 0.08125 0.03125
0 0.6125 0.30078125 0.084375 0.040625
0 0.5875 0.3234375 0.090625 0.04375
0 0.609375 0.3515625 0.0875 0.03125
0 0.603125 0.3875 0.0859375 0.040625
0 0.625 0.4234375 0.0859375 0.04375
0 0.43515625 0.50625 0.1046875 0.05625
0 0.46640625 0.390625 0.096875 0.034375
0 0.5265625 0.41640625 0.090625 0.046875
0 0.63984375 0.4671875 0.1015625 0.04375
0 0.61171875 0.5125 0.0859375 0.04375
0 0.5484375 0.53359375 0.090625 0.0375
0 0.51875 0.5578125 0.1 0.046875
0 0.61484375 0.55625 0.0796875 0.04375
0 0.70625 0.53125 0.0828125 0.040625
0 0.7171875 0.5734375 0.090625 0.0390625
0 0.6875 0.6 0.09375 0.05
0 0.7109375 0.65625 0.084375 0.04375
0 0.7625 0.61953125 0.0859375 0.046875
0 0.28671875 0.3859375 0.096875 0.0484375
0 0.9203125 0.7390625 0.1046875 0.05625
0 0.4875 0.70625 0.09375 0.040625
0 0.540625 0.7515625 0.0859375 0.04375
0 0.578125 0.7765625 0.090625 0.0375
0 0.72265625 0.8140625 0.0875 0.046875
0 0.58359375 0.8171875 0.084375 0.046875
0 0.1765625 0.78359375 0.053125 0.0234375
0 0.15234375 0.7171875 0.046875 0.0203125
0 0.175 0.81015625 0.0453125 0.0234375
0 0.18359375 0.84609375 0.05625 0.0296875
0 0.1421875 0.86484375 0.046875 0.0234375
0 0.18984375 0.8875 0.04375 0.028125
0 0.14375 0.9078125 0.05 0.025
0 0.10234375 0.88828125 0.05625 0.025
0 0.19609375 0.93125 0.046875 0.025
0 0.140625 0.946875 0.040625 0.028125
0 0.17109375 0.9546875 0.046875 0.025
0 0.1875 0.35390625 0.09375 0.0453125
0 0.3796875 0.64296875 0.0796875 0.040625
0 0.634375 0.24765625 0.0875 0.0453125
0 0.08828125 0.2421875 0.040625 0.01875
0 0.06171875 0.3234375 0.034375 0.01875
0 0.04140625 0.3578125 0.034375 0.015625
0 0.0828125 0.271875 0.0375 0.0125
0 0.10546875 0.3390625 0.025 0.015625
0 0.0671875 0.38125 0.034375 0.015625
0 0.08515625 0.35625 0.0390625 0.0125
0 0.67109375 0.49140625 0.06875 0.040625
0 0.525 0.5828125 0.090625 0.0265625
0 0.4984375 0.20625 0.096875 0.04375
0 0.46953125 0.2609375 0.090625 0.040625
0 0.41875 0.3078125 0.1 0.046875
0 0.33984375 0.33125 0.09375 0.040625
0 0.24609375 0.33515625 0.0828125 0.0453125
0 0.29609375 0.4328125 0.1015625 0.04375
0 0.365625 0.4671875 0.09375 0.0359375
0 0.33046875 0.52890625 0.0859375 0.0328125
0 0.2953125 0.6046875 0.10625 0.05
0 0.36015625 0.59375 0.0875 0.040625
0 0.46640625 0.65078125 0.09375 0.0484375
0 0.5234375 0.62734375 0.09375 0.04375
0 0.55 0.70625 0.0875 0.04375
0 0.62578125 0.74296875 0.090625 0.0453125