0 0.2671875 0.46796875 0.05 0.040625
0 0.30859375 0.475 0.0609375 0.04375
0 0.36796875 0.47109375 0.059375 0.04375
0 0.41875 0.46171875 0.059375 0.04375
0 0.471875 0.47421875 0.05 0.04375
0 0.52734375 0.46328125 0.05625 0.0453125
0 0.584375 0.453125 0.059375 0.0421875
0 0.64765625 0.45390625 0.0609375 0.040625
0 0.715625 0.46484375 0.0640625 0.046875
0 0.77265625 0.47890625 0.0609375 0.0453125
0 0.1703125 0.503125 0.059375 0.0421875
0 0.2328125 0.5109375 0.059375 0.040625
0 0.30390625 0.50390625 0.053125 0.03125
0 0.35390625 0.503125 0.053125 0.034375
0 0.4328125 0.49609375 0.053125 0.034375
0 0.5 0.4984375 0.05 0.0375
0 0.559375 0.496875 0.05625 0.040625
0 0.6125 0.4921875 0.05625 0.046875
0 0.6765625 0.515625 0.0609375 0.046875
0 0.73125 0.5078125 0.05625 0.0421875
0 0.0796875 0.56875 0.059375 0.0421875
0 0.05703125 0.58671875 0.0546875 0.034375
0 0.2015625 0.54375 0.0625 0.04375
0 0.15703125 0.56640625 0.0609375 0.0421875
0 0.1234375 0.590625 0.05625 0.0375
0 0.2890625 0.5546875 0.05625 0.040625
0 0.3484375 0.54296875 0.053125 0.0390625
0 0.4140625 0.53203125 0.0515625 0.0375
0 0.46484375 0.52421875 0.05625 0.0375
0 0.52890625 0.53125 0.05 0.0390625
0 0.59296875 0.53125 0.059375 0.0421875
0 0.17265625 0.60078125 0.05625 0.0390625
0 0.22421875 0.58046875 0.05625 0.0375
0 0.07578125 0.62890625 0.0546875 0.0375
0 0.071875 0.66875 0.05625 0.0375
0 0.084375 0.71640625 0.05625 0.0375
0 0.128125 0.6796875 0.05625 0.04375
0 0.14453125 0.72421875 0.05625 0.040625
0 0.19921875 0.7265625 0.05625 0.0375
0 0.190625 0.6796875 0.053125 0.040625
0 0.13359375 0.63046875 0.053125 0.040625
0 0.1921875 0.64296875 0.05625 0.0421875
0 0.26328125 0.725 0.0625 0.0359375
0 0.2296875 0.6921875 0.0546875 0.040625
0 0.23671875 0.60703125 0.053125 0.03125
0 0.28515625 0.5921875 0.053125 0.0359375
0 0.2671875 0.63515625 0.05625 0.0375
0 0.2890625 0.68515625 0.05625 0.040625
0 0.3390625 0.56953125 0.05 0.0296875
0 0.3890625 0.56640625 0.05 0.0390625
0 0.4390625 0.57265625 0.05625 0.040625
0 0.4921875 0.5578125 0.05 0.034375
0 0.4734375 0.59140625 0.0515625 0.0375
0 0.41484375 0.6046875 0.053125 0.0390625
0 0.36484375 0.59375 0.05 0.0375
0 0.3234375 0.61640625 0.05 0.0375
0 0.3390625 0.66875 0.05625 0.040625
0 0.34609375 0.70390625 0.0515625 0.0359375
0 0.39609375 0.71015625 0.059375 0.040625
0 0.45 0.7015625 0.0546875 0.04375
0 0.425 0.66484375 0.0546875 0.0390625
0 0.47578125 0.665625 0.0515625 0.0421875
0 0.50078125 0.68671875 0.0484375 0.034375
0 0.559375 0.7 0.05625 0.0375
0 0.3859375 0.63828125 0.046875 0.0390625
0 0.53125 0.58359375 0.05 0.040625
0 0.446875 0.62734375 0.05 0.0375
0 0.58671875 0.571875 0.0546875 0.04375
0 0.58203125 0.603125 0.0546875 0.0359375
0 0.54609375 0.61953125 0.05 0.0375
0 0.5234375 0.640625 0.040625 0.0359375
0 0.5703125 0.63984375 0.0453125 0.034375
0 0.6046875 0.62109375 0.046875 0.0296875
0 0.6046875 0.67734375 0.05 0.034375
0 0.65 0.66953125 0.0484375 0.0375
0 0.65234375 0.559375 0.05625 0.04375
0 0.63359375 0.59140625 0.05625 0.0375
0 0.65390625 0.61171875 0.0484375 0.034375
0 0.696875 0.66953125 0.046875 0.0375
0 0.74140625 0.65625 0.053125 0.040625
0 0.74765625 0.68125 0.04375 0.0296875
0 0.809375 0.684375 0.053125 0.0375
0 0.7078125 0.61796875 0.05 0.0375
0 0.7078125 0.55234375 0.0578125 0.0421875
0 0.7609375 0.55234375 0.05625 0.04375
0 0.70390625 0.584375 0.0515625 0.040625
0 0.76015625 0.60078125 0.05625 0.04375
0 0.759375 0.625 0.053125 0.0359375
0 0.80234375 0.64375 0.0515625 0.0375
0 0.8078125 0.60859375 0.053125 0.0390625
0 0.853125 0.66484375 0.046875 0.034375
0 0.875 0.646875 0.0546875 0.0375
0 0.90390625 0.6484375 0.040625 0.0375
0 0.94765625 0.6265625 0.053125 0.040625
0 0.871875 0.60625 0.05625 0.0390625
0 0.9203125 0.59140625 0.05625 0.0375
0 0.84765625 0.5734375 0.053125 0.0375
0 0.83515625 0.55078125 0.0609375 0.04375
0 0.8421875 0.50078125 0.0625 0.04375
0 0.8703125 0.5234375 0.059375 0.04375
0 0.91953125 0.56015625 0.053125 0.046875