0 0.53203125 0.7328125 0.040625 0.05
0 0.525 0.69140625 0.04375 0.0609375
0 0.52890625 0.63203125 0.04375 0.059375
0 0.53828125 0.58125 0.04375 0.059375
0 0.52578125 0.528125 0.04375 0.05
0 0.53671875 0.47265625 0.0453125 0.05625
0 0.546875 0.415625 0.0421875 0.059375
0 0.54609375 0.35234375 0.040625 0.0609375
0 0.53515625 0.284375 0.046875 0.0640625
0 0.52109375 0.22734375 0.0453125 0.0609375
0 0.496875 0.8296875 0.0421875 0.059375
0 0.4890625 0.7671875 0.040625 0.059375
0 0.49609375 0.69609375 0.03125 0.053125
0 0.496875 0.64609375 0.034375 0.053125
0 0.50390625 0.5671875 0.034375 0.053125
0 0.5015625 0.5 0.0375 0.05
0 0.503125 0.440625 0.040625 0.05625
0 0.5078125 0.3875 0.046875 0.05625
0 0.484375 0.3234375 0.046875 0.0609375
0 0.4921875 0.26875 0.0421875 0.05625
0 0.43125 0.9203125 0.0421875 0.059375
0 0.41328125 0.94296875 0.034375 0.0546875
0 0.45625 0.7984375 0.04375 0.0625
0 0.43359375 0.84296875 0.0421875 0.0609375
0 0.409375 0.8765625 0.0375 0.05625
0 0.4453125 0.7109375 0.040625 0.05625
0 0.45703125 0.6515625 0.0390625 0.053125
0 0.46796875 0.5859375 0.0375 0.0515625
0 0.47578125 0.53515625 0.0375 0.05625
0 0.46875 0.47109375 0.0390625 0.05
0 0.46875 0.40703125 0.0421875 0.059375
0 0.39921875 0.82734375 0.0390625 0.05625
0 0.41953125 0.77578125 0.0375 0.05625
0 0.37109375 0.92421875 0.0375 0.0546875
0 0.33125 0.928125 0.0375 0.05625
0 0.28359375 0.915625 0.0375 0.0578125
0 0.3203125 0.871875 0.04375 0.0578125
0 0.27578125 0.85546875 0.040625 0.05625
0 0.2734375 0.80078125 0.0375 0.05625
0 0.3203125 0.809375 0.040625 0.053125
0 0.36953125 0.86640625 0.040625 0.053125
0 0.35703125 0.8078125 0.0421875 0.05625
0 0.275 0.73671875 0.0359375 0.0625
0 0.3078125 0.7703125 0.040625 0.0546875
0 0.39296875 0.76328125 0.03125 0.053125
0 0.4078125 0.71484375 0.0359375 0.053125
0 0.36484375 0.7328125 0.0375 0.05625
0 0.31484375 0.7109375 0.040625 0.05625
0 0.43046875 0.6609375 0.0296875 0.05
0 0.43359375 0.6109375 0.0390625 0.05
0 0.42734375 0.5609375 0.040625 0.05625
0 0.4421875 0.5078125 0.034375 0.05
0 0.40859375 0.5265625 0.0375 0.0515625
0 0.3953125 0.58515625 0.0390625 0.053125
0 0.40625 0.63515625 0.0375 0.05
0 0.38359375 0.6765625 0.0375 0.05
0 0.33125 0.6609375 0.040625 0.05625
0 0.29609375 0.65390625 0.0359375 0.0515625
0 0.28984375 0.60390625 0.040625 0.059375
0 0.2984375 0.55 0.04375 0.0546875
0 0.33515625 0.575 0.0390625 0.0546875
0 0.334375 0.52421875 0.0421875 0.0515625
0 0.31328125 0.49921875 0.034375 0.0484375
0 0.3 0.440625 0.0375 0.05625
0 0.36171875 0.6140625 0.0390625 0.046875
0 0.41640625 0.46875 0.040625 0.05
0 0.37265625 0.553125 0.0375 0.05
0 0.428125 0.41328125 0.04375 0.0546875
0 0.396875 0.41796875 0.0359375 0.0546875
0 0.38046875 0.45390625 0.0375 0.05
0 0.359375 0.4765625 0.0359375 0.040625
0 0.36015625 0.4296875 0.034375 0.0453125
0 0.37890625 0.3953125 0.0296875 0.046875
0 0.32265625 0.3953125 0.034375 0.05
0 0.33046875 0.35 0.0375 0.0484375
0 0.440625 0.34765625 0.04375 0.05625
0 0.40859375 0.36640625 0.0375 0.05625
0 0.38828125 0.34609375 0.034375 0.0484375
0 0.33046875 0.303125 0.0375 0.046875
0 0.34375 0.25859375 0.040625 0.053125
0 0.31875 0.25234375 0.0296875 0.04375
0 0.315625 0.190625 0.0375 0.053125
0 0.38203125 0.2921875 0.0375 0.05
0 0.44765625 0.2921875 0.0421875 0.0578125
0 0.44765625 0.2390625 0.04375 0.05625
0 0.415625 0.29609375 0.040625 0.0515625
0 0.39921875 0.23984375 0.04375 0.05625
0 0.375 0.240625 0.0359375 0.053125
0 0.35625 0.19765625 0.0375 0.0515625
0 0.39140625 0.1921875 0.0390625 0.053125
0 0.33515625 0.146875 0.034375 0.046875
0 0.353125 0.125 0.0375 0.0546875
0 0.3515625 0.09609375 0.0375 0.040625
0 0.3734375 0.05234375 0.040625 0.053125
0 0.39375 0.128125 0.0390625 0.05625
0 0.40859375 0.0796875 0.0375 0.05625
0 0.4265625 0.15234375 0.0375 0.053125
0 0.44921875 0.16484375 0.04375 0.0609375
0 0.49921875 0.1578125 0.04375 0.0625
0 0.4765625 0.1296875 0.04375 0.059375
0 0.43984375 0.08046875 0.046875 0.053125