0 0.46796875 0.7328125 0.040625 0.05
0 0.475 0.69140625 0.04375 0.0609375
0 0.47109375 0.63203125 0.04375 0.059375
0 0.46171875 0.58125 0.04375 0.059375
0 0.47421875 0.528125 0.04375 0.05
0 0.46328125 0.47265625 0.0453125 0.05625
0 0.453125 0.415625 0.0421875 0.059375
0 0.45390625 0.35234375 0.040625 0.0609375
0 0.46484375 0.284375 0.046875 0.0640625
0 0.47890625 0.22734375 0.0453125 0.0609375
0 0.503125 0.8296875 0.0421875 0.059375
0 0.5109375 0.7671875 0.040625 0.059375
0 0.50390625 0.69609375 0.03125 0.053125
0 0.503125 0.64609375 0.034375 0.053125
0 0.49609375 0.5671875 0.034375 0.053125
0 0.4984375 0.5 0.0375 0.05
0 0.496875 0.440625 0.040625 0.05625
0 0.4921875 0.3875 0.046875 0.05625
0 0.515625 0.3234375 0.046875 0.0609375
0 0.5078125 0.26875 0.0421875 0.05625
0 0.56875 0.9203125 0.0421875 0.059375
0 0.58671875 0.94296875 0.034375 0.0546875
0 0.54375 0.7984375 0.04375 0.0625
0 0.56640625 0.84296875 0.0421875 0.0609375
0 0.590625 0.8765625 0.0375 0.05625
0 0.5546875 0.7109375 0.040625 0.05625
0 0.54296875 0.6515625 0.0390625 0.053125
0 0.53203125 0.5859375 0.0375 0.0515625
0 0.52421875 0.53515625 0.0375 0.05625
0 0.53125 0.47109375 0.0390625 0.05
0 0.53125 0.40703125 0.0421875 0.059375
0 0.60078125 0.82734375 0.0390625 0.05625
0 0.58046875 0.77578125 0.0375 0.05625
0 0.62890625 0.92421875 0.0375 0.0546875
0 0.66875 0.928125 0.0375 0.05625
0 0.71640625 0.915625 0.0375 0.0578125
0 0.6796875 0.871875 0.04375 0.0578125
0 0.72421875 0.85546875 0.040625 0.05625
0 0.7265625 0.80078125 0.0375 0.05625
0 0.6796875 0.809375 0.040625 0.053125
0 0.63046875 0.86640625 0.040625 0.053125
0 0.64296875 0.8078125 0.0421875 0.05625
0 0.725 0.73671875 0.0359375 0.0625
0 0.6921875 0.7703125 0.040625 0.0546875
0 0.60703125 0.76328125 0.03125 0.053125
0 0.5921875 0.71484375 0.0359375 0.053125
0 0.63515625 0.7328125 0.0375 0.05625
0 0.68515625 0.7109375 0.040625 0.05625
0 0.56953125 0.6609375 0.0296875 0.05
0 0.56640625 0.6109375 0.0390625 0.05
0 0.57265625 0.5609375 0.040625 0.05625
0 0.5578125 0.5078125 0.034375 0.05
0 0.59140625 0.5265625 0.0375 0.0515625
0 0.6046875 0.58515625 0.0390625 0.053125
0 0.59375 0.63515625 0.0375 0.05
0 0.61640625 0.6765625 0.0375 0.05
0 0.66875 0.6609375 0.040625 0.05625
0 0.70390625 0.65390625 0.0359375 0.0515625
0 0.71015625 0.60390625 0.040625 0.059375
0 0.7015625 0.55 0.04375 0.0546875
0 0.66484375 0.575 0.0390625 0.0546875
0 0.665625 0.52421875 0.0421875 0.0515625
0 0.68671875 0.49921875 0.034375 0.0484375
0 0.7 0.440625 0.0375 0.05625
0 0.63828125 0.6140625 0.0390625 0.046875
0 0.58359375 0.46875 0.040625 0.05
0 0.62734375 0.553125 0.0375 0.05
0 0.571875 0.41328125 0.04375 0.0546875
0 0.603125 0.41796875 0.0359375 0.0546875
0 0.61953125 0.45390625 0.0375 0.05
0 0.640625 0.4765625 0.0359375 0.040625
0 0.63984375 0.4296875 0.034375 0.0453125
0 0.62109375 0.3953125 0.0296875 0.046875
0 0.67734375 0.3953125 0.034375 0.05
0 0.66953125 0.35 0.0375 0.0484375
0 0.559375 0.34765625 0.04375 0.05625
0 0.59140625 0.36640625 0.0375 0.05625
0 0.61171875 0.34609375 0.034375 0.0484375
0 0.66953125 0.303125 0.0375 0.046875
0 0.65625 0.25859375 0.040625 0.053125
0 0.68125 0.25234375 0.0296875 0.04375
0 0.684375 0.190625 0.0375 0.053125
0 0.61796875 0.2921875 0.0375 0.05
0 0.55234375 0.2921875 0.0421875 0.0578125
0 0.55234375 0.2390625 0.04375 0.05625
0 0.584375 0.29609375 0.040625 0.0515625
0 0.60078125 0.23984375 0.04375 0.05625
0 0.625 0.240625 0.0359375 0.053125
0 0.64375 0.19765625 0.0375 0.0515625
0 0.60859375 0.1921875 0.0390625 0.053125
0 0.66484375 0.146875 0.034375 0.046875
0 0.646875 0.125 0.0375 0.0546875
0 0.6484375 0.09609375 0.0375 0.040625
0 0.6265625 0.05234375 0.040625 0.053125
0 0.60625 0.128125 0.0390625 0.05625
0 0.59140625 0.0796875 0.0375 0.05625
0 0.5734375 0.15234375 0.0375 0.053125
0 0.55078125 0.16484375 0.04375 0.0609375
0 0.50078125 0.1578125 0.04375 0.0625
0 0.5234375 0.1296875 0.04375 0.059375
0 0.56015625 0.08046875 0.046875 0.053125