0 0.35703125 0.75625 0.071875 0.053125
0 0.32265625 0.6765625 0.0828125 0.059375
0 0.3859375 0.70859375 0.0765625 0.05625
0 0.49453125 0.97265625 0.078125 0.0546875
0 0.4796875 0.925 0.08125 0.059375
0 0.5125 0.8625 0.071875 0.059375
0 0.47109375 0.796875 0.0765625 0.05625
0 0.53359375 0.80078125 0.071875 0.0625
0 0.45078125 0.72109375 0.071875 0.0515625
0 0.52265625 0.74453125 0.0671875 0.053125
0 0.56875 0.7 0.06875 0.0546875
0 0.56171875 0.64375 0.071875 0.0578125
0 0.48984375 0.675 0.071875 0.05625
0 0.50625 0.62421875 0.0703125 0.0546875
0 0.421875 0.653125 0.075 0.05625
0 0.290625 0.61875 0.084375 0.059375
0 0.3828125 0.6078125 0.075 0.05625
0 0.58125 0.59609375 0.065625 0.053125
0 0.3453125 0.5625 0.071875 0.0546875
0 0.2078125 0.584375 0.0859375 0.0625
0 0.3 0.52109375 0.078125 0.0609375
0 0.4453125 0.565625 0.06875 0.0546875
0 0.409375 0.528125 0.078125 0.05625
0 0.353125 0.48046875 0.078125 0.05625
0 0.428125 0.47578125 0.08125 0.0578125
0 0.4796875 0.5125 0.0703125 0.05625
0 0.52578125 0.54921875 0.06875 0.053125
0 0.5828125 0.546875 0.065625 0.053125
0 0.503125 0.4640625 0.0703125 0.0546875
0 0.5375 0.49765625 0.0640625 0.0546875
0 0.5984375 0.50078125 0.0640625 0.05
0 0.5734375 0.45390625 0.065625 0.053125
0 0.634375 0.459375 0.0625 0.05
0 0.29921875 0.43984375 0.0828125 0.0625
0 0.37265625 0.42265625 0.075 0.059375
0 0.5328125 0.415625 0.0703125 0.0546875
0 0.5859375 0.4078125 0.065625 0.05
0 0.6578125 0.3921875 0.06875 0.053125
0 0.259375 0.3859375 0.0859375 0.0625
0 0.3328125 0.3734375 0.08125 0.0609375
0 0.40546875 0.3578125 0.06875 0.053125
0 0.48046875 0.36640625 0.075 0.05625
0 0.56015625 0.36484375 0.06875 0.053125
0 0.665625 0.325 0.0625 0.0484375
0 0.27265625 0.3359375 0.078125 0.053125
0 0.346875 0.3265625 0.075 0.05625
0 0.4421875 0.31953125 0.0734375 0.059375
0 0.50546875 0.33046875 0.06875 0.0546875
0 0.578125 0.30625 0.0703125 0.05625
0 0.63203125 0.27890625 0.065625 0.053125
0 0.69140625 0.28046875 0.0625 0.053125
0 0.72421875 0.228125 0.059375 0.046875
0 0.70390625 0.17890625 0.0625 0.0546875
0 0.64453125 0.17734375 0.0640625 0.05625
0 0.6234375 0.23828125 0.059375 0.0515625
0 0.57265625 0.1875 0.06875 0.05625
0 0.56328125 0.2453125 0.06875 0.0515625
0 0.51640625 0.28046875 0.0703125 0.0515625
0 0.51953125 0.1359375 0.071875 0.05625
0 0.45390625 0.25703125 0.075 0.059375
0 0.49765625 0.2265625 0.06875 0.0578125
0 0.3734375 0.26640625 0.08125 0.0609375
0 0.428125 0.19453125 0.075 0.059375
0 0.3796875 0.2078125 0.078125 0.0609375
0 0.2046875 0.29921875 0.0875 0.0625
0 0.27578125 0.26875 0.08125 0.0640625
0 0.30390625 0.21328125 0.084375 0.0671875
0 0.36953125 0.14921875 0.084375 0.05625
0 0.409375 0.10625 0.0765625 0.05625
0 0.1875 0.22890625 0.090625 0.0671875
0 0.23046875 0.18359375 0.084375 0.0625
0 0.29453125 0.15390625 0.084375 0.0625
0 0.31953125 0.0984375 0.0828125 0.0609375
0 0.36015625 0.04296875 0.0828125 0.0625
0 0.275 0.03125 0.084375 0.0609375
0 0.215625 0.09765625 0.0828125 0.059375
0 0.15703125 0.1546875 0.0890625 0.0625
0 0.11328125 0.20546875 0.084375 0.065625
0 0.13984375 0.10625 0.0796875 0.0578125
0 0.17578125 0.04765625 0.0875 0.065625