0 0.35703125 0.24375 0.071875 0.053125
0 0.32265625 0.3234375 0.0828125 0.059375
0 0.3859375 0.29140625 0.0765625 0.05625
0 0.49453125 0.02734375 0.078125 0.0546875
0 0.4796875 0.075 0.08125 0.059375
0 0.5125 0.1375 0.071875 0.059375
0 0.47109375 0.203125 0.0765625 0.05625
0 0.53359375 0.19921875 0.071875 0.0625
0 0.45078125 0.27890625 0.071875 0.0515625
0 0.52265625 0.25546875 0.0671875 0.053125
0 0.56875 0.3 0.06875 0.0546875
0 0.56171875 0.35625 0.071875 0.0578125
0 0.48984375 0.325 0.071875 0.05625
0 0.50625 0.37578125 0.0703125 0.0546875
0 0.421875 0.346875 0.075 0.05625
0 0.290625 0.38125 0.084375 0.059375
0 0.3828125 0.3921875 0.075 0.05625
0 0.58125 0.40390625 0.065625 0.053125
0 0.3453125 0.4375 0.071875 0.0546875
0 0.2078125 0.415625 0.0859375 0.0625
0 0.3 0.47890625 0.078125 0.0609375
0 0.4453125 0.434375 0.06875 0.0546875
0 0.409375 0.471875 0.078125 0.05625
0 0.353125 0.51953125 0.078125 0.05625
0 0.428125 0.52421875 0.08125 0.0578125
0 0.4796875 0.4875 0.0703125 0.05625
0 0.52578125 0.45078125 0.06875 0.053125
0 0.5828125 0.453125 0.065625 0.053125
0 0.503125 0.5359375 0.0703125 0.0546875
0 0.5375 0.50234375 0.0640625 0.0546875
0 0.5984375 0.49921875 0.0640625 0.05
0 0.5734375 0.54609375 0.065625 0.053125
0 0.634375 0.540625 0.0625 0.05
0 0.29921875 0.56015625 0.0828125 0.0625
0 0.37265625 0.57734375 0.075 0.059375
0 0.5328125 0.584375 0.0703125 0.0546875
0 0.5859375 0.5921875 0.065625 0.05
0 0.6578125 0.6078125 0.06875 0.053125
0 0.259375 0.6140625 0.0859375 0.0625
0 0.3328125 0.6265625 0.08125 0.0609375
0 0.40546875 0.6421875 0.06875 0.053125
0 0.48046875 0.63359375 0.075 0.05625
0 0.56015625 0.63515625 0.06875 0.053125
0 0.665625 0.675 0.0625 0.0484375
0 0.27265625 0.6640625 0.078125 0.053125
0 0.346875 0.6734375 0.075 0.05625
0 0.4421875 0.68046875 0.0734375 0.059375
0 0.50546875 0.66953125 0.06875 0.0546875
0 0.578125 0.69375 0.0703125 0.05625
0 0.63203125 0.72109375 0.065625 0.053125
0 0.69140625 0.71953125 0.0625 0.053125
0 0.72421875 0.771875 0.059375 0.046875
0 0.70390625 0.82109375 0.0625 0.0546875
0 0.64453125 0.82265625 0.0640625 0.05625
0 0.6234375 0.76171875 0.059375 0.0515625
0 0.57265625 0.8125 0.06875 0.05625
0 0.56328125 0.7546875 0.06875 0.0515625
0 0.51640625 0.71953125 0.0703125 0.0515625
0 0.51953125 0.8640625 0.071875 0.05625
0 0.45390625 0.74296875 0.075 0.059375
0 0.49765625 0.7734375 0.06875 0.0578125
0 0.3734375 0.73359375 0.08125 0.0609375
0 0.428125 0.80546875 0.075 0.059375
0 0.3796875 0.7921875 0.078125 0.0609375
0 0.2046875 0.70078125 0.0875 0.0625
0 0.27578125 0.73125 0.08125 0.0640625
0 0.30390625 0.78671875 0.084375 0.0671875
0 0.36953125 0.85078125 0.084375 0.05625
0 0.409375 0.89375 0.0765625 0.05625
0 0.1875 0.77109375 0.090625 0.0671875
0 0.23046875 0.81640625 0.084375 0.0625
0 0.29453125 0.84609375 0.084375 0.0640625
0 0.31953125 0.9015625 0.0828125 0.0609375
0 0.36015625 0.95703125 0.0828125 0.0625
0 0.275 0.96875 0.084375 0.0609375
0 0.215625 0.90234375 0.0828125 0.059375
0 0.15703125 0.8453125 0.0890625 0.0625
0 0.11328125 0.79453125 0.084375 0.065625
0 0.13984375 0.89375 0.0796875 0.0578125
0 0.17578125 0.95234375 0.0875 0.065625