0 0.35625 0.0578125 0.0875 0.0875
0 0.3015625 0.121875 0.090625 0.090625
0 0.25546875 0.196875 0.0921875 0.0859375
0 0.34609375 0.19609375 0.0875 0.090625
0 0.39765625 0.1328125 0.084375 0.084375
0 0.5015625 0.08828125 0.0796875 0.084375
0 0.4703125 0.17109375 0.0875 0.084375
0 0.41796875 0.23671875 0.090625 0.0875
0 0.62421875 0.09296875 0.08125 0.078125
0 0.56484375 0.14453125 0.0828125 0.0859375
0 0.53203125 0.2265625 0.0890625 0.084375
0 0.60546875 0.21328125 0.0796875 0.084375
0 0.665625 0.16328125 0.08125 0.084375
0 0.7203125 0.19609375 0.0734375 0.075
0 0.68046875 0.25234375 0.0796875 0.08125
0 0.840625 0.2078125 0.0796875 0.084375
0 0.73359375 0.2703125 0.0703125 0.08125
0 0.20546875 0.2640625 0.090625 0.0921875
0 0.1484375 0.33515625 0.09375 0.09375
0 0.2359375 0.35078125 0.096875 0.0921875
0 0.32109375 0.30703125 0.0890625 0.0859375
0 0.34140625 0.3890625 0.090625 0.090625
0 0.421875 0.353125 0.0921875 0.0875
0 0.47890625 0.29453125 0.084375 0.0859375
0 0.61953125 0.31875 0.08125 0.084375
0 0.54609375 0.34375 0.0828125 0.0875
0 0.90546875 0.25 0.0734375 0.078125
0 0.84296875 0.29609375 0.075 0.08125
0 0.9203125 0.32890625 0.0734375 0.078125
0 0.775 0.3484375 0.08125 0.08125
0 0.70078125 0.33125 0.0796875 0.084375
0 0.91484375 0.4046875 0.078125 0.078125
0 0.84296875 0.378125 0.075 0.078125
0 0.93515625 0.47578125 0.071875 0.078125
0 0.8625 0.4578125 0.075 0.08125
0 0.78828125 0.4234375 0.075 0.078125
0 0.71171875 0.403125 0.075 0.078125
0 0.6328125 0.40234375 0.084375 0.0875
0 0.55390625 0.43203125 0.0796875 0.0859375
0 0.47265625 0.4296875 0.084375 0.0875
0 0.39140625 0.4625 0.0828125 0.0875
0 0.30390625 0.46484375 0.0875 0.08125
0 0.20703125 0.43359375 0.0890625 0.0875
0 0.1109375 0.43515625 0.096875 0.090625
0 0.05703125 0.5171875 0.0890625 0.09375
0 0.1609375 0.50703125 0.090625 0.0875
0 0.246875 0.52578125 0.0875 0.0828125
0 0.35234375 0.5546875 0.084375 0.084375
0 0.4375 0.55078125 0.0828125 0.0875
0 0.94609375 0.55390625 0.071875 0.075
0 0.87578125 0.528125 0.0703125 0.075
0 0.7953125 0.51875 0.071875 0.078125
0 0.7328125 0.48359375 0.075 0.075
0 0.6578125 0.46171875 0.0734375 0.078125
0 0.5859375 0.4875 0.075 0.078125
0 0.503125 0.4921875 0.075 0.08125
0 0.6796875 0.53984375 0.0734375 0.0765625
0 0.90078125 0.615625 0.071875 0.078125
0 0.8359375 0.596875 0.075 0.08125
0 0.740625 0.57265625 0.0734375 0.078125
0 0.615625 0.5859375 0.075 0.08125
0 0.5421875 0.55625 0.0796875 0.08125
0 0.671875 0.61796875 0.0734375 0.08125
0 0.85234375 0.67890625 0.0703125 0.078125
0 0.78671875 0.6578125 0.0734375 0.0765625
0 0.7953125 0.7421875 0.075 0.0828125
0 0.72734375 0.70625 0.078125 0.078125
0 0.2828125 0.59921875 0.0875 0.084375
0 0.20078125 0.603125 0.0875 0.084375
0 0.125 0.5671875 0.090625 0.084375
0 0.71328125 0.7953125 0.0734375 0.075
0 0.66171875 0.7484375 0.075 0.0765625
0 0.61171875 0.71484375 0.08125 0.084375
0 0.559375 0.6546875 0.08125 0.0828125
0 0.48515625 0.61953125 0.0828125 0.084375
0 0.40078125 0.621875 0.0875 0.090625
0 0.65625 0.853125 0.075 0.0828125
0 0.590625 0.78359375 0.078125 0.078125
0 0.53984375 0.753125 0.078125 0.08125
0 0.48671875 0.70078125 0.08125 0.0859375
0 0.5796875 0.89375 0.075 0.08125
0 0.51328125 0.82734375 0.0796875 0.084375
0 0.4640625 0.79375 0.0828125 0.0875
0 0.409375 0.7328125 0.084375 0.084375
0 0.33515625 0.6796875 0.084375 0.0859375
0 0.25234375 0.67265625 0.084375 0.0828125
0 0.16484375 0.68359375 0.0875 0.0875
0 0.0828125 0.65859375 0.0875 0.084375
0 0.09296875 0.75390625 0.0890625 0.0875
0 0.496875 0.91484375 0.08125 0.08125
0 0.42578125 0.83828125 0.0796875 0.078125
0 0.409375 0.91640625 0.078125 0.084375
0 0.3703125 0.8 0.084375 0.0859375
0 0.29765625 0.75546875 0.0875 0.0875
0 0.2125 0.7578125 0.0875 0.0859375
0 0.34765625 0.884375 0.084375 0.084375
0 0.25546875 0.83515625 0.084375 0.084375
0 0.14765625 0.81640625 0.0875 0.090625
0 0.27109375 0.9125 0.084375 0.084375
0 0.1828125 0.9046875 0.0875 0.0875