0 0.3046875 0.72890625 0.065625 0.08125
0 0.3203125 0.6484375 0.065625 0.084375
0 0.3546875 0.78984375 0.065625 0.0875
0 0.36484375 0.7046875 0.065625 0.090625
0 0.375 0.60546875 0.065625 0.084375
0 0.35 0.53046875 0.065625 0.084375
0 0.334375 0.4375 0.065625 0.0875
0 0.33984375 0.3546875 0.0671875 0.0875
0 0.3640625 0.27578125 0.065625 0.09375
0 0.425 0.22265625 0.06875 0.0875
0 0.42421875 0.30546875 0.065625 0.090625
0 0.3984375 0.38671875 0.065625 0.09375
0 0.3921875 0.46796875 0.0625 0.0875
0 0.41875 0.54453125 0.0625 0.084375
0 0.41875 0.66015625 0.0640625 0.090625
0 0.4125 0.75546875 0.065625 0.0875
0 0.4046875 0.83203125 0.065625 0.084375
0 0.4578125 0.86953125 0.059375 0.08125
0 0.4640625 0.790625 0.065625 0.084375
0 0.465625 0.71015625 0.0625 0.084375
0 0.459375 0.60234375 0.0625 0.090625
0 0.4515625 0.43671875 0.065625 0.08125
0 0.4734375 0.36015625 0.0640625 0.0875
0 0.4796875 0.27421875 0.0625 0.084375
0 0.4765625 0.17265625 0.0625 0.090625
0 0.509375 0.9078125 0.0609375 0.08125
0 0.51640625 0.8296875 0.0640625 0.084375
0 0.5171875 0.7453125 0.0625 0.084375
0 0.51328125 0.66015625 0.0625 0.0875
0 0.51875 0.57265625 0.0625 0.0875
0 0.48984375 0.4984375 0.065625 0.08125
0 0.5125 0.425 0.0625 0.084375
0 0.52890625 0.3265625 0.0625 0.0875
0 0.528125 0.22265625 0.0625 0.0875
0 0.528125 0.12890625 0.065625 0.0875
0 0.565625 0.93359375 0.059375 0.084375
0 0.57109375 0.8546875 0.0625 0.08125
0 0.571875 0.778125 0.0609375 0.084375
0 0.565625 0.69765625 0.0625 0.084375
0 0.56640625 0.61953125 0.0625 0.0875
0 0.571875 0.53984375 0.0625 0.084375
0 0.565625 0.459375 0.0609375 0.084375
0 0.5859375 0.35703125 0.0625 0.0875
0 0.575 0.27578125 0.059375 0.084375
0 0.58125 0.18125 0.0609375 0.084375
0 0.5828125 0.0984375 0.0625 0.090625
0 0.6375 0.07109375 0.0625 0.084375
0 0.63671875 0.15234375 0.0625 0.084375
0 0.628125 0.23203125 0.0625 0.084375
0 0.6359375 0.31484375 0.0625 0.084375
0 0.6203125 0.42421875 0.0609375 0.0875
0 0.62421875 0.503125 0.0625 0.084375
0 0.62109375 0.58359375 0.0625 0.08125
0 0.6234375 0.67578125 0.059375 0.084375
0 0.628125 0.75625 0.0609375 0.084375
0 0.6265625 0.83203125 0.0609375 0.078125
0 0.6203125 0.909375 0.059375 0.08125
0 0.67578125 0.87578125 0.059375 0.0796875
0 0.678125 0.79296875 0.059375 0.08125
0 0.675 0.7109375 0.059375 0.08125
0 0.6671875 0.62265625 0.0609375 0.08125
0 0.675 0.54609375 0.0625 0.08125
0 0.675 0.46171875 0.0625 0.0875
0 0.66875 0.38125 0.0625 0.0875
0 0.69765625 0.25234375 0.0609375 0.084375
0 0.69375 0.175 0.059375 0.084375
0 0.6953125 0.09375 0.0625 0.08125
0 0.725 0.834375 0.059375 0.0765625
0 0.7265625 0.75078125 0.059375 0.08125
0 0.7171875 0.65546875 0.0578125 0.08125
0 0.72421875 0.5796875 0.05625 0.08125
0 0.721875 0.49921875 0.05625 0.08125
0 0.725 0.41796875 0.0609375 0.084375
0 0.7203125 0.32890625 0.059375 0.0875
0 0.7359375 0.23359375 0.053125 0.084375
0 0.7453125 0.14609375 0.059375 0.084375
0 0.771875 0.790625 0.0578125 0.078125
0 0.759375 0.69375 0.0578125 0.075
0 0.76796875 0.61640625 0.059375 0.075
0 0.7703125 0.53515625 0.0578125 0.08125
0 0.76953125 0.45625 0.0609375 0.078125
0 0.775 0.37578125 0.0609375 0.08125
0 0.765625 0.2984375 0.05625 0.08125
0 0.78828125 0.2015625 0.059375 0.084375
0 0.8171875 0.2703125 0.053125 0.0875
0 0.8296875 0.346875 0.059375 0.08125
0 0.82109375 0.42421875 0.0578125 0.08125
0 0.81875 0.50390625 0.05625 0.078125
0 0.7859375 0.57109375 0.053125 0.06875
0 0.81875 0.65546875 0.05625 0.08125
0 0.8125 0.73203125 0.05625 0.075