0 0.6953125 0.72890625 0.065625 0.08125
0 0.6796875 0.6484375 0.065625 0.084375
0 0.6453125 0.78984375 0.065625 0.0875
0 0.63515625 0.7046875 0.065625 0.090625
0 0.625 0.60546875 0.065625 0.084375
0 0.65 0.53046875 0.065625 0.084375
0 0.665625 0.4375 0.065625 0.0875
0 0.66015625 0.3546875 0.0671875 0.0875
0 0.6359375 0.27578125 0.065625 0.09375
0 0.575 0.22265625 0.06875 0.0875
0 0.57578125 0.30546875 0.065625 0.090625
0 0.6015625 0.38671875 0.065625 0.09375
0 0.6078125 0.46796875 0.0625 0.0875
0 0.58125 0.54453125 0.0625 0.084375
0 0.58125 0.66015625 0.0640625 0.090625
0 0.5875 0.75546875 0.065625 0.0875
0 0.5953125 0.83203125 0.065625 0.084375
0 0.5421875 0.86953125 0.059375 0.08125
0 0.5359375 0.790625 0.065625 0.084375
0 0.534375 0.71015625 0.0625 0.084375
0 0.540625 0.60234375 0.0625 0.090625
0 0.5484375 0.43671875 0.065625 0.08125
0 0.5265625 0.36015625 0.0640625 0.0875
0 0.5203125 0.27421875 0.0625 0.084375
0 0.5234375 0.17265625 0.0625 0.090625
0 0.490625 0.9078125 0.0609375 0.08125
0 0.48359375 0.8296875 0.0640625 0.084375
0 0.4828125 0.7453125 0.0625 0.084375
0 0.48671875 0.66015625 0.0625 0.0875
0 0.48125 0.57265625 0.0625 0.0875
0 0.51015625 0.4984375 0.065625 0.08125
0 0.4875 0.425 0.0625 0.084375
0 0.47109375 0.3265625 0.0625 0.0875
0 0.471875 0.22265625 0.0625 0.0875
0 0.471875 0.12890625 0.065625 0.0875
0 0.434375 0.93359375 0.059375 0.084375
0 0.42890625 0.8546875 0.0625 0.08125
0 0.428125 0.778125 0.0609375 0.084375
0 0.434375 0.69765625 0.0625 0.084375
0 0.43359375 0.61953125 0.0625 0.0875
0 0.428125 0.53984375 0.0625 0.084375
0 0.434375 0.459375 0.0609375 0.084375
0 0.4140625 0.35703125 0.0625 0.0875
0 0.425 0.27578125 0.059375 0.084375
0 0.41875 0.18125 0.0609375 0.084375
0 0.4171875 0.0984375 0.0625 0.090625
0 0.3625 0.07109375 0.0625 0.084375
0 0.36328125 0.15234375 0.0625 0.084375
0 0.371875 0.23203125 0.0625 0.084375
0 0.3640625 0.31484375 0.0625 0.084375
0 0.3796875 0.42421875 0.0609375 0.0875
0 0.37578125 0.503125 0.0625 0.084375
0 0.37890625 0.58359375 0.0625 0.08125
0 0.3765625 0.67578125 0.059375 0.084375
0 0.371875 0.75625 0.0609375 0.084375
0 0.3734375 0.83203125 0.0609375 0.078125
0 0.3796875 0.909375 0.059375 0.08125
0 0.32421875 0.87578125 0.059375 0.0796875
0 0.321875 0.79296875 0.059375 0.08125
0 0.325 0.7109375 0.059375 0.08125
0 0.3328125 0.62265625 0.0609375 0.08125
0 0.325 0.54609375 0.0625 0.08125
0 0.325 0.46171875 0.0625 0.0875
0 0.33125 0.38125 0.0625 0.0875
0 0.30234375 0.25234375 0.0609375 0.084375
0 0.30625 0.175 0.059375 0.084375
0 0.3046875 0.09375 0.0625 0.08125
0 0.275 0.834375 0.059375 0.0765625
0 0.2734375 0.75078125 0.059375 0.08125
0 0.2828125 0.65546875 0.0578125 0.08125
0 0.27578125 0.5796875 0.05625 0.08125
0 0.278125 0.49921875 0.05625 0.08125
0 0.275 0.41796875 0.0609375 0.084375
0 0.2796875 0.32890625 0.059375 0.0875
0 0.2640625 0.23359375 0.053125 0.084375
0 0.2546875 0.14609375 0.059375 0.084375
0 0.228125 0.790625 0.0578125 0.078125
0 0.240625 0.69375 0.0578125 0.075
0 0.23203125 0.61640625 0.059375 0.075
0 0.2296875 0.53515625 0.0578125 0.08125
0 0.23046875 0.45625 0.0609375 0.078125
0 0.225 0.37578125 0.0609375 0.08125
0 0.234375 0.2984375 0.05625 0.08125
0 0.21171875 0.2015625 0.059375 0.084375
0 0.1828125 0.2703125 0.053125 0.0875
0 0.1703125 0.346875 0.059375 0.08125
0 0.17890625 0.42421875 0.0578125 0.08125
0 0.18125 0.50390625 0.05625 0.078125
0 0.2140625 0.57109375 0.053125 0.06875
0 0.18125 0.65546875 0.05625 0.08125
0 0.1875 0.73203125 0.05625 0.075