0 0.27109375 0.3046875 0.08125 0.065625
0 0.3515625 0.3203125 0.084375 0.065625
0 0.21015625 0.3546875 0.0875 0.065625
0 0.2953125 0.36484375 0.090625 0.065625
0 0.39453125 0.375 0.084375 0.065625
0 0.46953125 0.35 0.084375 0.065625
0 0.5625 0.334375 0.0875 0.065625
0 0.6453125 0.33984375 0.0875 0.0671875
0 0.72421875 0.3640625 0.09375 0.065625
0 0.77734375 0.425 0.0875 0.06875
0 0.69453125 0.42421875 0.090625 0.065625
0 0.61328125 0.3984375 0.09375 0.065625
0 0.53203125 0.3921875 0.0875 0.0625
0 0.45546875 0.41875 0.084375 0.0625
0 0.33984375 0.41875 0.090625 0.0640625
0 0.24453125 0.4125 0.0875 0.065625
0 0.16796875 0.4046875 0.084375 0.065625
0 0.13046875 0.4578125 0.08125 0.059375
0 0.209375 0.4640625 0.084375 0.065625
0 0.28984375 0.465625 0.084375 0.0625
0 0.39765625 0.459375 0.090625 0.0625
0 0.56328125 0.4515625 0.08125 0.065625
0 0.63984375 0.4734375 0.0875 0.0640625
0 0.72578125 0.4796875 0.084375 0.0625
0 0.82734375 0.4765625 0.090625 0.0625
0 0.0921875 0.509375 0.08125 0.0609375
0 0.1703125 0.51640625 0.084375 0.0640625
0 0.2546875 0.5171875 0.084375 0.0625
0 0.33984375 0.51328125 0.0875 0.0625
0 0.42734375 0.51875 0.0875 0.0625
0 0.5015625 0.48984375 0.08125 0.065625
0 0.575 0.5125 0.084375 0.0625
0 0.6734375 0.52890625 0.0875 0.0625
0 0.77734375 0.528125 0.0875 0.0625
0 0.87109375 0.528125 0.0875 0.065625
0 0.06640625 0.565625 0.084375 0.059375
0 0.1453125 0.57109375 0.08125 0.0625
0 0.221875 0.571875 0.084375 0.0609375
0 0.30234375 0.565625 0.084375 0.0625
0 0.38046875 0.56640625 0.0875 0.0625
0 0.46015625 0.571875 0.084375 0.0625
0 0.540625 0.565625 0.084375 0.0609375
0 0.64296875 0.5859375 0.0875 0.0625
0 0.72421875 0.575 0.084375 0.059375
0 0.81875 0.58125 0.084375 0.0609375
0 0.9015625 0.5828125 0.090625 0.0625
0 0.92890625 0.6375 0.084375 0.0625
0 0.84765625 0.63671875 0.084375 0.0625
0 0.76796875 0.628125 0.084375 0.0625
0 0.68515625 0.6359375 0.084375 0.0625
0 0.57578125 0.6203125 0.0875 0.0609375
0 0.496875 0.62421875 0.084375 0.0625
0 0.41640625 0.62109375 0.08125 0.0625
0 0.32421875 0.6234375 0.084375 0.059375
0 0.24375 0.628125 0.084375 0.0609375
0 0.16796875 0.6265625 0.078125 0.0609375
0 0.090625 0.6203125 0.08125 0.059375
0 0.12421875 0.67578125 0.078125 0.059375
0 0.20703125 0.678125 0.08125 0.059375
0 0.2890625 0.675 0.08125 0.059375
0 0.37734375 0.6671875 0.08125 0.0609375
0 0.45390625 0.675 0.08125 0.0625
0 0.53828125 0.675 0.0875 0.0625
0 0.61875 0.66875 0.0875 0.0625
0 0.74765625 0.69765625 0.084375 0.0609375
0 0.825 0.69375 0.084375 0.059375
0 0.90625 0.6953125 0.08125 0.0625
0 0.165625 0.725 0.078125 0.059375
0 0.24921875 0.7265625 0.08125 0.059375
0 0.34453125 0.7171875 0.08125 0.0578125
0 0.4203125 0.72421875 0.08125 0.05625
0 0.50078125 0.721875 0.08125 0.05625
0 0.58203125 0.725 0.084375 0.0609375
0 0.67109375 0.7203125 0.0875 0.059375
0 0.76640625 0.7359375 0.084375 0.053125
0 0.85390625 0.7453125 0.084375 0.059375
0 0.209375 0.771875 0.078125 0.0578125
0 0.30625 0.759375 0.075 0.0578125
0 0.38359375 0.76796875 0.075 0.059375
0 0.46484375 0.7703125 0.08125 0.0578125
0 0.54375 0.76953125 0.078125 0.0609375
0 0.62421875 0.775 0.08125 0.0609375
0 0.7015625 0.765625 0.08125 0.05625
0 0.7984375 0.78828125 0.084375 0.059375
0 0.7296875 0.8171875 0.0875 0.053125
0 0.653125 0.8296875 0.08125 0.059375
0 0.57578125 0.82109375 0.08125 0.0578125
0 0.49609375 0.81875 0.078125 0.05625
0 0.42890625 0.7859375 0.06875 0.053125
0 0.34453125 0.81875 0.08125 0.05625
0 0.26796875 0.8125 0.075 0.05625