0 0.2515625 0.35859375 0.0625 0.078125
0 0.2171875 0.4265625 0.065625 0.08125
0 0.2859375 0.428125 0.0625 0.078125
0 0.34453125 0.43203125 0.0625 0.08125
0 0.196875 0.50078125 0.06875 0.084375
0 0.259375 0.49921875 0.0625 0.084375
0 0.3203125 0.50546875 0.0625 0.084375
0 0.38125 0.49765625 0.0625 0.08125
0 0.2140625 0.58125 0.06875 0.08125
0 0.278125 0.57578125 0.0625 0.084375
0 0.35390625 0.56796875 0.0640625 0.08125
0 0.4140625 0.57421875 0.0625 0.084375
0 0.4390625 0.42421875 0.0625 0.084375
0 0.4796875 0.36484375 0.059375 0.08125
0 0.4390625 0.5046875 0.059375 0.08125
0 0.471875 0.56875 0.0625 0.08125
0 0.4921875 0.46953125 0.0625 0.084375
0 0.5296875 0.41015625 0.059375 0.08125
0 0.525 0.53515625 0.0625 0.08125
0 0.5625 0.475 0.065625 0.084375
0 0.575 0.35859375 0.0609375 0.084375
0 0.625 0.31484375 0.0625 0.084375
0 0.65625 0.38046875 0.0625 0.084375
0 0.70703125 0.33515625 0.0625 0.084375
0 0.7078125 0.41640625 0.0625 0.08125
0 0.60625 0.425 0.0625 0.084375
0 0.65859375 0.45859375 0.0609375 0.084375
0 0.70703125 0.50390625 0.0625 0.08125
0 0.6171875 0.51015625 0.0625 0.08125
0 0.70703125 0.58203125 0.0625 0.08125
0 0.60078125 0.5875 0.065625 0.084375
0 0.65625 0.62421875 0.0625 0.08125
0 0.7109375 0.6609375 0.0625 0.08125
0 0.7125 0.74296875 0.0625 0.08125
0 0.7109375 0.82265625 0.0625 0.084375
0 0.60625 0.665625 0.059375 0.078125
0 0.6578125 0.70234375 0.059375 0.084375
0 0.64375 0.78515625 0.065625 0.0875
0 0.65625 0.85859375 0.0625 0.084375
0 0.5984375 0.84296875 0.0625 0.084375
0 0.55859375 0.71171875 0.0625 0.084375
0 0.5515625 0.78671875 0.0625 0.084375
0 0.51484375 0.66171875 0.065625 0.084375
0 0.50390625 0.74296875 0.0640625 0.0875
0 0.459375 0.68984375 0.0625 0.0875
0 0.4890625 0.85234375 0.0609375 0.084375
0 0.4296875 0.8515625 0.0625 0.08125
0 0.40234375 0.7796875 0.0640625 0.084375
0 0.37109375 0.71484375 0.0625 0.08125
0 0.3109375 0.71328125 0.0640625 0.084375
0 0.2546875 0.6875 0.065625 0.084375
0 0.3421875 0.78046875 0.0625 0.08125
0 0.3703125 0.853125 0.0625 0.090625
0 0.309375 0.85234375 0.065625 0.084375
0 0.2796875 0.78203125 0.0625 0.0875
0 0.2515625 0.84765625 0.065625 0.084375
0 0.1796875 0.80390625 0.075 0.096875
0 0.1515625 0.871875 0.075 0.090625