0 0.64140625 0.7484375 0.078125 0.0625
0 0.5734375 0.7828125 0.08125 0.065625
0 0.571875 0.7140625 0.078125 0.0625
0 0.56796875 0.65546875 0.08125 0.0625
0 0.49921875 0.803125 0.084375 0.06875
0 0.50078125 0.740625 0.084375 0.0625
0 0.49453125 0.6796875 0.084375 0.0625
0 0.50234375 0.61875 0.08125 0.0625
0 0.41875 0.7859375 0.08125 0.06875
0 0.42421875 0.721875 0.084375 0.0625
0 0.43203125 0.64609375 0.08125 0.0640625
0 0.42578125 0.5859375 0.084375 0.0625
0 0.57578125 0.5609375 0.084375 0.0625
0 0.63515625 0.5203125 0.08125 0.059375
0 0.4953125 0.5609375 0.08125 0.059375
0 0.43125 0.528125 0.08125 0.0625
0 0.53046875 0.5078125 0.084375 0.0625
0 0.58984375 0.4703125 0.08125 0.059375
0 0.46484375 0.475 0.08125 0.0625
0 0.525 0.4375 0.084375 0.065625
0 0.64140625 0.425 0.084375 0.0609375
0 0.68515625 0.375 0.084375 0.0625
0 0.61953125 0.34375 0.084375 0.0625
0 0.66484375 0.29296875 0.084375 0.0625
0 0.58359375 0.2921875 0.08125 0.0625
0 0.575 0.39375 0.084375 0.0625
0 0.54140625 0.34140625 0.084375 0.0609375
0 0.49609375 0.29296875 0.08125 0.0625
0 0.48984375 0.3828125 0.08125 0.0625
0 0.41796875 0.29296875 0.08125 0.0625
0 0.4125 0.39921875 0.084375 0.065625
0 0.37578125 0.34375 0.08125 0.0625
0 0.3390625 0.2890625 0.08125 0.0625
0 0.25703125 0.2875 0.08125 0.0625
0 0.17734375 0.2890625 0.084375 0.0625
0 0.334375 0.39375 0.078125 0.059375
0 0.29765625 0.3421875 0.084375 0.059375
0 0.21484375 0.35625 0.0875 0.065625
0 0.14140625 0.34375 0.084375 0.0625
0 0.15703125 0.4015625 0.084375 0.0625
0 0.28828125 0.44140625 0.084375 0.0625
0 0.21328125 0.4484375 0.084375 0.0625
0 0.33828125 0.48515625 0.084375 0.065625
0 0.25703125 0.49609375 0.0875 0.0640625
0 0.31015625 0.540625 0.0875 0.0625
0 0.14765625 0.5109375 0.084375 0.0609375
0 0.1484375 0.5703125 0.08125 0.0625
0 0.2203125 0.59765625 0.084375 0.0640625
0 0.28515625 0.62890625 0.08125 0.0625
0 0.28671875 0.6890625 0.084375 0.0640625
0 0.3125 0.7453125 0.084375 0.065625
0 0.21953125 0.6578125 0.08125 0.0625
0 0.146875 0.6296875 0.090625 0.0625
0 0.14765625 0.690625 0.084375 0.065625
0 0.21796875 0.7203125 0.0875 0.0625
0 0.15234375 0.7484375 0.084375 0.065625
0 0.19609375 0.8203125 0.096875 0.075
0 0.128125 0.8484375 0.090625 0.075