0 0.64140625 0.2515625 0.078125 0.0625
0 0.5734375 0.2171875 0.08125 0.065625
0 0.571875 0.2859375 0.078125 0.0625
0 0.56796875 0.34453125 0.08125 0.0625
0 0.49921875 0.196875 0.084375 0.06875
0 0.50078125 0.259375 0.084375 0.0625
0 0.49453125 0.3203125 0.084375 0.0625
0 0.50234375 0.38125 0.08125 0.0625
0 0.41875 0.2140625 0.08125 0.06875
0 0.42421875 0.278125 0.084375 0.0625
0 0.43203125 0.35390625 0.08125 0.0640625
0 0.42578125 0.4140625 0.084375 0.0625
0 0.57578125 0.4390625 0.084375 0.0625
0 0.63515625 0.4796875 0.08125 0.059375
0 0.4953125 0.4390625 0.08125 0.059375
0 0.43125 0.471875 0.08125 0.0625
0 0.53046875 0.4921875 0.084375 0.0625
0 0.58984375 0.5296875 0.08125 0.059375
0 0.46484375 0.525 0.08125 0.0625
0 0.525 0.5625 0.084375 0.065625
0 0.64140625 0.575 0.084375 0.0609375
0 0.68515625 0.625 0.084375 0.0625
0 0.61953125 0.65625 0.084375 0.0625
0 0.66484375 0.70703125 0.084375 0.0625
0 0.58359375 0.7078125 0.08125 0.0625
0 0.575 0.60625 0.084375 0.0625
0 0.54140625 0.65859375 0.084375 0.0609375
0 0.49609375 0.70703125 0.08125 0.0625
0 0.48984375 0.6171875 0.08125 0.0625
0 0.41796875 0.70703125 0.08125 0.0625
0 0.4125 0.60078125 0.084375 0.065625
0 0.37578125 0.65625 0.08125 0.0625
0 0.3390625 0.7109375 0.08125 0.0625
0 0.25703125 0.7125 0.08125 0.0625
0 0.17734375 0.7109375 0.084375 0.0640625
0 0.334375 0.60625 0.078125 0.059375
0 0.29765625 0.6578125 0.084375 0.059375
0 0.21484375 0.64375 0.0875 0.065625
0 0.14140625 0.65625 0.084375 0.0625
0 0.15703125 0.5984375 0.084375 0.0625
0 0.28828125 0.55859375 0.084375 0.0625
0 0.21328125 0.5515625 0.084375 0.0625
0 0.33828125 0.51484375 0.084375 0.065625
0 0.25703125 0.50390625 0.0875 0.0640625
0 0.31015625 0.459375 0.0875 0.0625
0 0.14765625 0.4890625 0.084375 0.0609375
0 0.1484375 0.4296875 0.08125 0.0625
0 0.2203125 0.40234375 0.084375 0.0640625
0 0.28515625 0.37109375 0.08125 0.0625
0 0.28671875 0.3109375 0.084375 0.0640625
0 0.3125 0.2546875 0.084375 0.065625
0 0.21953125 0.3421875 0.08125 0.0625
0 0.146875 0.3703125 0.090625 0.0625
0 0.14765625 0.309375 0.084375 0.065625
0 0.21796875 0.2796875 0.0875 0.0625
0 0.15234375 0.2515625 0.084375 0.065625
0 0.19609375 0.1796875 0.096875 0.075
0 0.128125 0.1515625 0.090625 0.075