0 0.7390625 0.096875 0.04375 0.034375
0 0.68828125 0.0796875 0.04375 0.034375
0 0.61484375 0.07734375 0.040625 0.0328125
0 0.55703125 0.05859375 0.0453125 0.034375
0 0.48515625 0.06171875 0.0453125 0.0375
0 0.4109375 0.04609375 0.0453125 0.040625
0 0.3484375 0.06640625 0.05 0.0359375
0 0.31484375 0.0421875 0.040625 0.034375
0 0.24453125 0.02734375 0.0453125 0.034375
0 0.27734375 0.08046875 0.046875 0.0375
0 0.44453125 0.09921875 0.05 0.0375
0 0.51953125 0.0984375 0.046875 0.034375
0 0.5796875 0.11796875 0.046875 0.034375
0 0.6578125 0.1125 0.0453125 0.034375
0 0.7 0.13984375 0.04375 0.03125
0 0.66171875 0.17734375 0.0375 0.0328125
0 0.73203125 0.18046875 0.0375 0.0328125
0 0.6125 0.1609375 0.05 0.0359375
0 0.540625 0.1609375 0.0421875 0.0375
0 0.47734375 0.14921875 0.0421875 0.0375
0 0.51015625 0.196875 0.0390625 0.040625
0 0.4421875 0.22578125 0.046875 0.040625
0 0.41171875 0.18359375 0.04375 0.034375
0 0.38046875 0.14296875 0.040625 0.034375
0 0.3078125 0.2171875 0.0484375 0.0359375
0 0.34296875 0.171875 0.0484375 0.034375
0 0.3078125 0.12421875 0.0453125 0.0375
0 0.090625 0.0125 0.0546875 0.021875
0 0.16953125 0.01875 0.05 0.0375
0 0.20625 0.065625 0.046875 0.034375
0 0.24453125 0.13203125 0.04375 0.034375
0 0.1734375 0.12109375 0.046875 0.034375
0 0.14375 0.07890625 0.040625 0.0375
0 0.065625 0.06484375 0.046875 0.0375
0 0.11328125 0.12421875 0.04375 0.034375
0 0.0734375 0.16328125 0.04375 0.034375
0 0.14765625 0.1734375 0.04375 0.034375
0 0.2109375 0.1703125 0.046875 0.034375
0 0.278125 0.18203125 0.04375 0.0328125
0 0.1703125 0.2078125 0.0453125 0.0328125
0 0.11484375 0.21484375 0.04375 0.0328125
0 0.07109375 0.25234375 0.046875 0.034375
0 0.1421875 0.25390625 0.040625 0.034375
0 0.2046875 0.25625 0.046875 0.034375
0 0.24921875 0.22421875 0.04375 0.034375
0 0.27578125 0.2625 0.0453125 0.034375
0 0.24296875 0.30390625 0.0421875 0.03125
0 0.16640625 0.2953125 0.0453125 0.0359375
0 0.11015625 0.296875 0.04375 0.0328125
0 0.37734375 0.22890625 0.0453125 0.034375
0 0.34140625 0.2640625 0.04375 0.034375
0 0.30859375 0.30703125 0.040625 0.03125
0 0.37109375 0.3140625 0.040625 0.03125
0 0.40703125 0.271875 0.040625 0.034375
0 0.46875 0.275 0.04375 0.03125
0 0.68359375 0.22421875 0.040625 0.034375
0 0.628125 0.215625 0.04375 0.034375
0 0.56171875 0.21328125 0.040625 0.0359375
0 0.525 0.25703125 0.040625 0.03125
0 0.590625 0.25703125 0.0375 0.0328125
0 0.65234375 0.26171875 0.040625 0.034375
0 0.73203125 0.259375 0.040625 0.034375
0 0.6765625 0.30390625 0.04375 0.03125
0 0.61875 0.30078125 0.040625 0.03125
0 0.55 0.2984375 0.040625 0.03125
0 0.49375 0.31953125 0.0375 0.03125
0 0.434375 0.31328125 0.04375 0.03125
0 0.39765625 0.3546875 0.0421875 0.028125
0 0.7234375 0.34453125 0.040625 0.0328125
0 0.6328125 0.34375 0.0390625 0.028125
0 0.578125 0.3390625 0.0375 0.0296875
0 0.521875 0.359375 0.040625 0.028125
0 0.46328125 0.35625 0.040625 0.03125
0 0.3359375 0.35078125 0.04375 0.034375
0 0.278125 0.3484375 0.040625 0.034375
0 0.20390625 0.340625 0.04375 0.034375
0 0.23671875 0.3875 0.0390625 0.0328125
0 0.303125 0.38984375 0.04375 0.03125
0 0.365625 0.39296875 0.040625 0.03125
0 0.4296875 0.39609375 0.0453125 0.03125
0 0.490625 0.39765625 0.0390625 0.0296875
0 0.553125 0.40078125 0.04375 0.028125
0 0.60859375 0.3796875 0.034375 0.03125
0 0.66328125 0.38203125 0.040625 0.028125
0 0.690625 0.4234375 0.040625 0.03125
0 0.62421875 0.4203125 0.040625 0.028125
0 0.578125 0.4421875 0.0390625 0.03125
0 0.6625 0.4609375 0.040625 0.03125
0 0.69140625 0.50390625 0.0375 0.03125
0 0.621875 0.5171875 0.0390625 0.0296875
0 0.56953125 0.51875 0.0375 0.03125
0 0.54609375 0.48125 0.0375 0.03125
0 0.60078125 0.47734375 0.040625 0.028125
0 0.5109375 0.515625 0.040625 0.028125
0 0.4890625 0.4796875 0.040625 0.03125
0 0.5234375 0.440625 0.04375 0.028125
0 0.4578125 0.43671875 0.040625 0.03125
0 0.39765625 0.4375 0.040625 0.03125
0 0.4234375 0.47421875 0.0390625 0.028125
0 0.45390625 0.51640625 0.0390625 0.0296875
0 0.33125 0.43125 0.040625 0.03125
0 0.36328125 0.475 0.040625 0.03125
0 0.39140625 0.5109375 0.0375 0.034375
0 0.32890625 0.5140625 0.04375 0.0328125
0 0.3015625 0.47109375 0.04375 0.03125
0 0.2640625 0.4296875 0.04375 0.03125
0 0.23515625 0.46796875 0.0453125 0.03125
0 0.265625 0.5078125 0.040625 0.03125
0 0.06875 0.33359375 0.046875 0.034375
0 0.1375 0.33984375 0.0421875 0.03125
0 0.1671875 0.38359375 0.046875 0.034375
0 0.10625 0.38125 0.04375 0.0328125
0 0.20390625 0.425 0.04375 0.0296875
0 0.1296875 0.42578125 0.046875 0.0328125
0 0.0765625 0.41953125 0.040625 0.03125
0 0.1 0.4640625 0.04375 0.03125
0 0.1734375 0.46484375 0.0375 0.0296875
0 0.20078125 0.5078125 0.040625 0.03125
0 0.14453125 0.5015625 0.040625 0.03125
0 0.07109375 0.50078125 0.04375 0.03125
0 0.11875 0.59140625 0.04375 0.0296875
0 0.18515625 0.596875 0.04375 0.03125
0 0.2515625 0.59453125 0.040625 0.028125
0 0.315625 0.6046875 0.040625 0.0296875
0 0.38046875 0.5875 0.040625 0.03125
0 0.44140625 0.59765625 0.0359375 0.025
0 0.51328125 0.5859375 0.040625 0.028125
0 0.15078125 0.634375 0.0453125 0.03125
0 0.11640625 0.67578125 0.040625 0.0296875
0 0.184375 0.6703125 0.046875 0.03125
0 0.2140625 0.64921875 0.04375 0.0265625
0 0.2796875 0.63203125 0.04375 0.025
0 0.35 0.640625 0.040625 0.0265625
0 0.4078125 0.63046875 0.040625 0.028125
0 0.68125 0.59765625 0.0359375 0.0234375
0 0.64765625 0.61015625 0.040625 0.0296875
0 0.7046875 0.6375 0.0359375 0.028125
0 0.67109375 0.653125 0.0375 0.028125
0 0.603125 0.63984375 0.0375 0.028125
0 0.57734375 0.59296875 0.0390625 0.03125
0 0.528125 0.63359375 0.0375 0.028125
0 0.55 0.66171875 0.0375 0.0265625
0 0.5796875 0.7046875 0.0375 0.025
0 0.615625 0.67265625 0.0375 0.028125
0 0.63515625 0.7078125 0.034375 0.028125
0 0.690625 0.70390625 0.034375 0.025
0 0.6484375 0.72890625 0.0328125 0.025
0 0.49375 0.66484375 0.040625 0.028125
0 0.46484375 0.625 0.034375 0.0296875
0 0.43125 0.66171875 0.034375 0.028125
0 0.3765625 0.67421875 0.0421875 0.03125
0 0.403125 0.7015625 0.0375 0.028125
0 0.46328125 0.70546875 0.0375 0.028125
0 0.5203125 0.70234375 0.0375 0.025
0 0.540625 0.73046875 0.0359375 0.025
0 0.4875 0.73515625 0.0359375 0.0265625
0 0.453125 0.76328125 0.0375 0.0265625
0 0.6078125 0.7421875 0.034375 0.028125
0 0.678125 0.76640625 0.0328125 0.025
0 0.621875 0.76640625 0.034375 0.025
0 0.6375 0.7890625 0.034375 0.025
0 0.6640625 0.82578125 0.03125 0.025
0 0.4296875 0.73359375 0.0375 0.028125
0 0.37109375 0.740625 0.040625 0.0296875
0 0.34140625 0.70625 0.040625 0.028125
0 0.3140625 0.66484375 0.04375 0.025
0 0.31015625 0.73671875 0.0390625 0.028125
0 0.33828125 0.78125 0.040625 0.028125
0 0.51015625 0.76484375 0.0359375 0.028125
0 0.56640625 0.76640625 0.034375 0.025
0 0.5859375 0.79453125 0.034375 0.028125
0 0.60703125 0.82265625 0.0359375 0.025
0 0.6265625 0.85078125 0.03125 0.025
0 0.65703125 0.8875 0.034375 0.021875
0 0.59921875 0.8875 0.034375 0.025
0 0.63125 0.928125 0.0328125 0.021875
0 0.6453125 0.9484375 0.0296875 0.021875
0 0.59375 0.946875 0.034375 0.025
0 0.57421875 0.92734375 0.0328125 0.025
0 0.5515625 0.8953125 0.0375 0.025
0 0.5765625 0.85703125 0.034375 0.025
0 0.52578125 0.8640625 0.034375 0.0234375
0 0.5515625 0.821875 0.0359375 0.025
0 0.5328125 0.7984375 0.0328125 0.025
0 0.47890625 0.79609375 0.0375 0.0265625
0 0.4984375 0.8234375 0.0390625 0.025
0 0.5 0.90625 0.0375 0.025
0 0.52578125 0.93671875 0.0375 0.025
0 0.54453125 0.96015625 0.0359375 0.025
0 0.490625 0.96015625 0.0359375 0.021875
0 0.46953125 0.934375 0.0375 0.028125
0 0.46953125 0.8578125 0.0328125 0.025
0 0.4484375 0.834375 0.034375 0.025
0 0.42578125 0.8109375 0.0390625 0.025
0 0.41796875 0.875 0.0375 0.0265625
0 0.4421875 0.896875 0.0375 0.025
0 0.41328125 0.93671875 0.0390625 0.025
0 0.44140625 0.97421875 0.040625 0.025
0 0.39765625 0.7671875 0.040625 0.0265625
0 0.36796875 0.80859375 0.0390625 0.025
0 0.3921875 0.834375 0.0390625 0.028125
0 0.36328125 0.8828125 0.040625 0.025
0 0.38671875 0.90625 0.0375 0.028125
0 0.38359375 0.97265625 0.0375 0.025
0 0.3578125 0.94609375 0.040625 0.025
0 0.33046875 0.91484375 0.040625 0.025
0 0.3046875 0.884375 0.0375 0.025
0 0.33359375 0.8390625 0.0390625 0.028125
0 0.3046875 0.81328125 0.040625 0.028125
0 0.27578125 0.778125 0.0421875 0.028125
0 0.2484375 0.7421875 0.04375 0.0265625
0 0.18046875 0.753125 0.0375 0.028125
0 0.115625 0.75078125 0.046875 0.0296875
0 0.24140625 0.82578125 0.0421875 0.028125
0 0.21328125 0.78359375 0.04375 0.0328125
0 0.14453125 0.7921875 0.040625 0.028125
0 0.1140625 0.8265625 0.04375 0.028125
0 0.1453125 0.8640625 0.040625 0.028125
0 0.11328125 0.8953125 0.040625 0.028125
0 0.1453125 0.92578125 0.040625 0.025
0 0.18125 0.815625 0.0453125 0.028125
0 0.21015625 0.8484375 0.04375 0.0265625
0 0.27578125 0.846875 0.0375 0.028125
0 0.24140625 0.89296875 0.0421875 0.0265625
0 0.17890625 0.8875 0.040625 0.028125
0 0.21015625 0.9265625 0.040625 0.025
0 0.27265625 0.91484375 0.0390625 0.0265625
0 0.29921875 0.9609375 0.0390625 0.025
0 0.32734375 0.98359375 0.040625 0.025
0 0.240625 0.9578125 0.04375 0.03125
0 0.2671875 0.98125 0.0390625 0.0265625
0 0.2078125 0.9890625 0.040625 0.0203125
0 0.1796875 0.953125 0.0390625 0.025
0 0.1125 0.96875 0.040625 0.028125
0 0.14609375 0.98984375 0.040625 0.01875