0 0.903125 0.2609375 0.034375 0.04375
0 0.9203125 0.31171875 0.034375 0.04375
0 0.92265625 0.38515625 0.0328125 0.040625
0 0.94140625 0.44296875 0.034375 0.0453125
0 0.93828125 0.51484375 0.0375 0.0453125
0 0.95390625 0.5890625 0.040625 0.0453125
0 0.93359375 0.6515625 0.0359375 0.05
0 0.9578125 0.68515625 0.034375 0.040625
0 0.97265625 0.75546875 0.034375 0.0453125
0 0.91953125 0.72265625 0.0375 0.046875
0 0.90078125 0.55546875 0.0375 0.05
0 0.9015625 0.48046875 0.034375 0.046875
0 0.88203125 0.4203125 0.034375 0.046875
0 0.8875 0.3421875 0.034375 0.0453125
0 0.86015625 0.3 0.03125 0.04375
0 0.82265625 0.33828125 0.0328125 0.0375
0 0.81953125 0.26796875 0.0328125 0.0375
0 0.8390625 0.3875 0.0359375 0.05
0 0.8390625 0.459375 0.0375 0.0421875
0 0.85078125 0.52265625 0.0375 0.0421875
0 0.803125 0.48984375 0.040625 0.0390625
0 0.77421875 0.5578125 0.040625 0.046875
0 0.81640625 0.58828125 0.034375 0.04375
0 0.85703125 0.61953125 0.034375 0.0421875
0 0.7828125 0.6921875 0.0359375 0.0484375
0 0.828125 0.65703125 0.034375 0.0484375
0 0.87578125 0.6921875 0.0375 0.0453125
0 0.9875 0.909375 0.021875 0.0546875
0 0.98125 0.83046875 0.0375 0.05
0 0.934375 0.79375 0.034375 0.046875
0 0.86796875 0.75546875 0.034375 0.0453125
0 0.87890625 0.8265625 0.034375 0.046875
0 0.92109375 0.85625 0.0375 0.040625
0 0.93515625 0.934375 0.0375 0.046875
0 0.87578125 0.88671875 0.034375 0.04375
0 0.83671875 0.9265625 0.034375 0.04375
0 0.8265625 0.85234375 0.034375 0.04375
0 0.8296875 0.7890625 0.034375 0.046875
0 0.81796875 0.721875 0.0328125 0.04375
0 0.7921875 0.8296875 0.0328125 0.0453125
0 0.78515625 0.88515625 0.0328125 0.04375
0 0.74765625 0.92890625 0.034375 0.046875
0 0.74609375 0.8578125 0.034375 0.040625
0 0.74375 0.7953125 0.034375 0.046875
0 0.77578125 0.75078125 0.034375 0.04375
0 0.7375 0.72421875 0.034375 0.0453125
0 0.69609375 0.75703125 0.03125 0.0421875
0 0.7046875 0.83359375 0.0359375 0.0453125
0 0.703125 0.88984375 0.0328125 0.0421875
0 0.77109375 0.62265625 0.034375 0.0453125
0 0.7359375 0.65859375 0.034375 0.04375
0 0.69296875 0.69140625 0.03125 0.040625
0 0.6859375 0.62890625 0.03125 0.040625
0 0.728125 0.59296875 0.034375 0.040625
0 0.725 0.53125 0.03125 0.04375
0 0.77578125 0.31640625 0.034375 0.040625
0 0.784375 0.371875 0.034375 0.04375
0 0.78671875 0.43828125 0.0359375 0.040625
0 0.74296875 0.475 0.03125 0.040625
0 0.74296875 0.409375 0.0328125 0.0375
0 0.73828125 0.34765625 0.034375 0.040625
0 0.740625 0.26796875 0.034375 0.040625
0 0.69609375 0.3234375 0.03125 0.04375
0 0.69921875 0.38125 0.03125 0.040625
0 0.7015625 0.45 0.03125 0.040625
0 0.68046875 0.50625 0.03125 0.0375
0 0.68671875 0.565625 0.03125 0.04375
0 0.6453125 0.60234375 0.028125 0.0421875
0 0.65546875 0.2765625 0.0328125 0.040625
0 0.65625 0.3671875 0.028125 0.0390625
0 0.6609375 0.421875 0.0296875 0.0375
0 0.640625 0.478125 0.028125 0.040625
0 0.64375 0.53671875 0.03125 0.040625
0 0.64921875 0.6640625 0.034375 0.04375
0 0.6515625 0.721875 0.034375 0.040625
0 0.659375 0.79609375 0.034375 0.04375
0 0.6125 0.76328125 0.0328125 0.0390625
0 0.61015625 0.696875 0.03125 0.04375
0 0.60703125 0.634375 0.03125 0.040625
0 0.60390625 0.5703125 0.03125 0.0453125
0 0.60234375 0.509375 0.0296875 0.0390625
0 0.59921875 0.446875 0.028125 0.04375
0 0.6203125 0.39140625 0.03125 0.034375
0 0.61796875 0.33671875 0.028125 0.040625
0 0.5765625 0.309375 0.03125 0.040625
0 0.5796875 0.37578125 0.028125 0.040625
0 0.5578125 0.421875 0.03125 0.0390625
0 0.5390625 0.3375 0.03125 0.040625
0 0.49609375 0.30859375 0.03125 0.0375
0 0.4828125 0.378125 0.0296875 0.0390625
0 0.48125 0.43046875 0.03125 0.0375
0 0.51875 0.45390625 0.03125 0.0375
0 0.52265625 0.39921875 0.028125 0.040625
0 0.484375 0.4890625 0.028125 0.040625
0 0.5203125 0.5109375 0.03125 0.040625
0 0.559375 0.4765625 0.028125 0.04375
0 0.56328125 0.5421875 0.03125 0.040625
0 0.5625 0.60234375 0.03125 0.040625
0 0.52578125 0.5765625 0.028125 0.0390625
0 0.48359375 0.54609375 0.0296875 0.0390625
0 0.56875 0.66875 0.03125 0.040625
0 0.525 0.63671875 0.03125 0.040625
0 0.4890625 0.60859375 0.034375 0.0375
0 0.4859375 0.67109375 0.0328125 0.04375
0 0.52890625 0.6984375 0.03125 0.04375
0 0.5703125 0.7359375 0.03125 0.04375
0 0.53203125 0.76484375 0.03125 0.0453125
0 0.4921875 0.734375 0.03125 0.040625
0 0.66640625 0.93125 0.034375 0.046875
0 0.66015625 0.8625 0.03125 0.0421875
0 0.61640625 0.8328125 0.034375 0.046875
0 0.61875 0.89375 0.0328125 0.04375
0 0.575 0.79609375 0.0296875 0.04375
0 0.57421875 0.8703125 0.0328125 0.046875
0 0.58046875 0.9234375 0.03125 0.0421875
0 0.5359375 0.9 0.03125 0.04375
0 0.53515625 0.8265625 0.0296875 0.0375
0 0.4921875 0.79921875 0.03125 0.040625
0 0.4984375 0.85546875 0.03125 0.040625
0 0.49921875 0.92890625 0.03125 0.04375
0 0.40859375 0.88125 0.0296875 0.04375
0 0.403125 0.81484375 0.03125 0.04375
0 0.40546875 0.7484375 0.028125 0.040625
0 0.3953125 0.684375 0.0296875 0.040625
0 0.4125 0.61953125 0.03125 0.040625
0 0.40234375 0.55859375 0.025 0.0359375
0 0.4140625 0.48671875 0.028125 0.040625
0 0.365625 0.84921875 0.03125 0.0453125
0 0.32421875 0.88359375 0.0296875 0.0421875
0 0.3296875 0.815625 0.03125 0.046875
0 0.35078125 0.7859375 0.0265625 0.04375
0 0.36796875 0.7203125 0.025 0.04375
0 0.359375 0.65 0.0265625 0.040625
0 0.36953125 0.5921875 0.028125 0.040625
0 0.40234375 0.31875 0.0234375 0.0359375
0 0.38984375 0.35234375 0.0296875 0.040625
0 0.3625 0.2953125 0.028125 0.0359375
0 0.346875 0.32890625 0.028125 0.0375
0 0.36015625 0.396875 0.028125 0.0375
0 0.40703125 0.42265625 0.03125 0.0390625
0 0.36640625 0.471875 0.028125 0.0375
0 0.33828125 0.45 0.0265625 0.0375
0 0.2953125 0.4203125 0.025 0.0375
0 0.32734375 0.384375 0.028125 0.0375
0 0.2921875 0.36484375 0.028125 0.034375
0 0.29609375 0.309375 0.025 0.034375
0 0.27109375 0.3515625 0.025 0.0328125
0 0.33515625 0.50625 0.028125 0.040625
0 0.375 0.53515625 0.0296875 0.034375
0 0.33828125 0.56875 0.028125 0.034375
0 0.32578125 0.6234375 0.03125 0.0421875
0 0.2984375 0.596875 0.028125 0.0375
0 0.29453125 0.53671875 0.028125 0.0375
0 0.29765625 0.4796875 0.025 0.0375
0 0.26953125 0.459375 0.025 0.0359375
0 0.26484375 0.5125 0.0265625 0.0359375
0 0.23671875 0.546875 0.0265625 0.0375
0 0.2578125 0.3921875 0.028125 0.034375
0 0.23359375 0.321875 0.025 0.0328125
0 0.23359375 0.378125 0.025 0.034375
0 0.2109375 0.3625 0.025 0.034375
0 0.17421875 0.3359375 0.025 0.03125
0 0.26640625 0.5703125 0.028125 0.0375
0 0.259375 0.62890625 0.0296875 0.040625
0 0.29375 0.65859375 0.028125 0.040625
0 0.33515625 0.6859375 0.025 0.04375
0 0.26328125 0.68984375 0.028125 0.0390625
0 0.21875 0.66171875 0.028125 0.040625
0 0.23515625 0.48984375 0.028125 0.0359375
0 0.23359375 0.43359375 0.025 0.034375
0 0.20546875 0.4140625 0.028125 0.034375
0 0.17734375 0.39296875 0.025 0.0359375
0 0.14921875 0.3734375 0.025 0.03125
0 0.1125 0.34296875 0.021875 0.034375
0 0.1125 0.40078125 0.025 0.034375
0 0.071875 0.36875 0.021875 0.0328125
0 0.0515625 0.3546875 0.021875 0.0296875
0 0.053125 0.40625 0.025 0.034375
0 0.07265625 0.42578125 0.025 0.0328125
0 0.1046875 0.4484375 0.025 0.0375
0 0.14296875 0.4234375 0.025 0.034375
0 0.1359375 0.47421875 0.0234375 0.034375
0 0.178125 0.4484375 0.025 0.0359375
0 0.2015625 0.4671875 0.025 0.0328125
0 0.20390625 0.52109375 0.0265625 0.0375
0 0.1765625 0.5015625 0.025 0.0390625
0 0.09375 0.5 0.025 0.0375
0 0.06328125 0.47421875 0.025 0.0375
0 0.03984375 0.45546875 0.025 0.0359375
0 0.03984375 0.509375 0.021875 0.0359375
0 0.065625 0.53046875 0.028125 0.0375
0 0.1421875 0.53046875 0.025 0.0328125
0 0.165625 0.5515625 0.025 0.034375
0 0.1890625 0.57421875 0.025 0.0390625
0 0.125 0.58203125 0.0265625 0.0375
0 0.103125 0.5578125 0.025 0.0375
0 0.06328125 0.58671875 0.025 0.0390625
0 0.02578125 0.55859375 0.025 0.040625
0 0.2328125 0.60234375 0.0265625 0.040625
0 0.19140625 0.63203125 0.025 0.0390625
0 0.165625 0.6078125 0.028125 0.0390625
0 0.1171875 0.63671875 0.025 0.040625
0 0.09375 0.61328125 0.028125 0.0375
0 0.02734375 0.61640625 0.025 0.0375
0 0.05390625 0.6421875 0.025 0.040625
0 0.08515625 0.66953125 0.025 0.040625
0 0.115625 0.6953125 0.025 0.0375
0 0.1609375 0.66640625 0.028125 0.0390625
0 0.18671875 0.6953125 0.028125 0.040625
0 0.221875 0.72421875 0.028125 0.0421875
0 0.2578125 0.7515625 0.0265625 0.04375
0 0.246875 0.81953125 0.028125 0.0375
0 0.24921875 0.884375 0.0296875 0.046875
0 0.17421875 0.75859375 0.028125 0.0421875
0 0.21640625 0.78671875 0.0328125 0.04375
0 0.2078125 0.85546875 0.028125 0.040625
0 0.1734375 0.8859375 0.028125 0.04375
0 0.1359375 0.8546875 0.028125 0.040625
0 0.1046875 0.88671875 0.028125 0.040625
0 0.07421875 0.8546875 0.025 0.040625
0 0.184375 0.81875 0.028125 0.0453125
0 0.1515625 0.78984375 0.0265625 0.0421875
0 0.153125 0.72421875 0.028125 0.0375
0 0.10703125 0.75859375 0.0265625 0.0421875
0 0.1125 0.82109375 0.028125 0.040625
0 0.0734375 0.78984375 0.025 0.040625
0 0.08515625 0.72734375 0.0265625 0.0390625
0 0.0390625 0.70078125 0.025 0.0390625
0 0.01640625 0.67265625 0.025 0.040625
0 0.0421875 0.759375 0.03125 0.04375
0 0.01875 0.7328125 0.0265625 0.0390625
0 0.0109375 0.7921875 0.0203125 0.040625
0 0.046875 0.8203125 0.025 0.0390625
0 0.03125 0.8875 0.028125 0.0390625
0 0.01015625 0.85390625 0.01875 0.040625