0 0.096875 0.2609375 0.034375 0.04375
0 0.0796875 0.31171875 0.034375 0.04375
0 0.07734375 0.38515625 0.0328125 0.040625
0 0.05859375 0.44296875 0.034375 0.0453125
0 0.06171875 0.51484375 0.0375 0.0453125
0 0.04609375 0.5890625 0.040625 0.0453125
0 0.06640625 0.6515625 0.0359375 0.05
0 0.0421875 0.68515625 0.034375 0.040625
0 0.02734375 0.75546875 0.034375 0.0453125
0 0.08046875 0.72265625 0.0375 0.046875
0 0.09921875 0.55546875 0.0375 0.05
0 0.0984375 0.48046875 0.034375 0.046875
0 0.11796875 0.4203125 0.034375 0.046875
0 0.1125 0.3421875 0.034375 0.0453125
0 0.13984375 0.3 0.03125 0.04375
0 0.17734375 0.33828125 0.0328125 0.0375
0 0.18046875 0.26796875 0.0328125 0.0375
0 0.1609375 0.3875 0.0359375 0.05
0 0.1609375 0.459375 0.0375 0.0421875
0 0.14921875 0.52265625 0.0375 0.0421875
0 0.196875 0.48984375 0.040625 0.0390625
0 0.22578125 0.5578125 0.040625 0.046875
0 0.18359375 0.58828125 0.034375 0.04375
0 0.14296875 0.61953125 0.034375 0.0421875
0 0.2171875 0.6921875 0.0359375 0.0484375
0 0.171875 0.65703125 0.034375 0.0484375
0 0.12421875 0.6921875 0.0375 0.0453125
0 0.0125 0.909375 0.021875 0.0546875
0 0.01875 0.83046875 0.0375 0.05
0 0.065625 0.79375 0.034375 0.046875
0 0.13203125 0.75546875 0.034375 0.0453125
0 0.12109375 0.8265625 0.034375 0.046875
0 0.07890625 0.85625 0.0375 0.040625
0 0.06484375 0.934375 0.0375 0.046875
0 0.12421875 0.88671875 0.034375 0.04375
0 0.16328125 0.9265625 0.034375 0.04375
0 0.1734375 0.85234375 0.034375 0.04375
0 0.1703125 0.7890625 0.034375 0.046875
0 0.18203125 0.721875 0.0328125 0.04375
0 0.2078125 0.8296875 0.0328125 0.0453125
0 0.21484375 0.88515625 0.0328125 0.04375
0 0.25234375 0.92890625 0.034375 0.046875
0 0.25390625 0.8578125 0.034375 0.040625
0 0.25625 0.7953125 0.034375 0.046875
0 0.22421875 0.75078125 0.034375 0.04375
0 0.2625 0.72421875 0.034375 0.0453125
0 0.30390625 0.75703125 0.03125 0.0421875
0 0.2953125 0.83359375 0.0359375 0.0453125
0 0.296875 0.88984375 0.0328125 0.0421875
0 0.22890625 0.62265625 0.034375 0.0453125
0 0.2640625 0.65859375 0.034375 0.04375
0 0.30703125 0.69140625 0.03125 0.040625
0 0.3140625 0.62890625 0.03125 0.040625
0 0.271875 0.59296875 0.034375 0.040625
0 0.275 0.53125 0.03125 0.04375
0 0.22421875 0.31640625 0.034375 0.040625
0 0.215625 0.371875 0.034375 0.04375
0 0.21328125 0.43828125 0.0359375 0.040625
0 0.25703125 0.475 0.03125 0.040625
0 0.25703125 0.409375 0.0328125 0.0375
0 0.26171875 0.34765625 0.034375 0.040625
0 0.259375 0.26796875 0.034375 0.040625
0 0.30390625 0.3234375 0.03125 0.04375
0 0.30078125 0.38125 0.03125 0.040625
0 0.2984375 0.45 0.03125 0.040625
0 0.31953125 0.50625 0.03125 0.0375
0 0.31328125 0.565625 0.03125 0.04375
0 0.3546875 0.60234375 0.028125 0.0421875
0 0.34453125 0.2765625 0.0328125 0.040625
0 0.34375 0.3671875 0.028125 0.0390625
0 0.3390625 0.421875 0.0296875 0.0375
0 0.359375 0.478125 0.028125 0.040625
0 0.35625 0.53671875 0.03125 0.040625
0 0.35078125 0.6640625 0.034375 0.04375
0 0.3484375 0.721875 0.034375 0.040625
0 0.340625 0.79609375 0.034375 0.04375
0 0.3875 0.76328125 0.0328125 0.0390625
0 0.38984375 0.696875 0.03125 0.04375
0 0.39296875 0.634375 0.03125 0.040625
0 0.39609375 0.5703125 0.03125 0.0453125
0 0.39765625 0.509375 0.0296875 0.0390625
0 0.40078125 0.446875 0.028125 0.04375
0 0.3796875 0.39140625 0.03125 0.034375
0 0.38203125 0.33671875 0.028125 0.040625
0 0.4234375 0.309375 0.03125 0.040625
0 0.4203125 0.37578125 0.028125 0.040625
0 0.4421875 0.421875 0.03125 0.0390625
0 0.4609375 0.3375 0.03125 0.040625
0 0.50390625 0.30859375 0.03125 0.0375
0 0.5171875 0.378125 0.0296875 0.0390625
0 0.51875 0.43046875 0.03125 0.0375
0 0.48125 0.45390625 0.03125 0.0375
0 0.47734375 0.39921875 0.028125 0.040625
0 0.515625 0.4890625 0.028125 0.040625
0 0.4796875 0.5109375 0.03125 0.040625
0 0.440625 0.4765625 0.028125 0.04375
0 0.43671875 0.5421875 0.03125 0.040625
0 0.4375 0.60234375 0.03125 0.040625
0 0.47421875 0.5765625 0.028125 0.0390625
0 0.51640625 0.54609375 0.0296875 0.0390625
0 0.43125 0.66875 0.03125 0.040625
0 0.475 0.63671875 0.03125 0.040625
0 0.5109375 0.60859375 0.034375 0.0375
0 0.5140625 0.67109375 0.0328125 0.04375
0 0.47109375 0.6984375 0.03125 0.04375
0 0.4296875 0.7359375 0.03125 0.04375
0 0.46796875 0.76484375 0.03125 0.0453125
0 0.5078125 0.734375 0.03125 0.040625
0 0.33359375 0.93125 0.034375 0.046875
0 0.33984375 0.8625 0.03125 0.0421875
0 0.38359375 0.8328125 0.034375 0.046875
0 0.38125 0.89375 0.0328125 0.04375
0 0.425 0.79609375 0.0296875 0.04375
0 0.42578125 0.8703125 0.0328125 0.046875
0 0.41953125 0.9234375 0.03125 0.0421875
0 0.4640625 0.9 0.03125 0.04375
0 0.46484375 0.8265625 0.0296875 0.0375
0 0.5078125 0.79921875 0.03125 0.040625
0 0.5015625 0.85546875 0.03125 0.040625
0 0.50078125 0.92890625 0.03125 0.04375
0 0.59140625 0.88125 0.0296875 0.04375
0 0.596875 0.81484375 0.03125 0.04375
0 0.59453125 0.7484375 0.028125 0.040625
0 0.6046875 0.684375 0.0296875 0.040625
0 0.5875 0.61953125 0.03125 0.040625
0 0.59765625 0.55859375 0.025 0.0359375
0 0.5859375 0.48671875 0.028125 0.040625
0 0.634375 0.84921875 0.03125 0.0453125
0 0.67578125 0.88359375 0.0296875 0.0421875
0 0.6703125 0.815625 0.03125 0.046875
0 0.64921875 0.7859375 0.0265625 0.04375
0 0.63203125 0.7203125 0.025 0.04375
0 0.640625 0.65 0.0265625 0.040625
0 0.63046875 0.5921875 0.028125 0.040625
0 0.59765625 0.31875 0.0234375 0.0359375
0 0.61015625 0.35234375 0.0296875 0.040625
0 0.6375 0.2953125 0.028125 0.0359375
0 0.653125 0.32890625 0.028125 0.0375
0 0.63984375 0.396875 0.028125 0.0375
0 0.59296875 0.42265625 0.03125 0.0390625
0 0.63359375 0.471875 0.028125 0.0375
0 0.66171875 0.45 0.0265625 0.0375
0 0.7046875 0.4203125 0.025 0.0375
0 0.67265625 0.384375 0.028125 0.0375
0 0.7078125 0.36484375 0.028125 0.034375
0 0.70390625 0.309375 0.025 0.034375
0 0.72890625 0.3515625 0.025 0.0328125
0 0.66484375 0.50625 0.028125 0.040625
0 0.625 0.53515625 0.0296875 0.034375
0 0.66171875 0.56875 0.028125 0.034375
0 0.67421875 0.6234375 0.03125 0.0421875
0 0.7015625 0.596875 0.028125 0.0375
0 0.70546875 0.53671875 0.028125 0.0375
0 0.70234375 0.4796875 0.025 0.0375
0 0.73046875 0.459375 0.025 0.0359375
0 0.73515625 0.5125 0.0265625 0.0359375
0 0.76328125 0.546875 0.0265625 0.0375
0 0.7421875 0.3921875 0.028125 0.034375
0 0.76640625 0.321875 0.025 0.0328125
0 0.76640625 0.378125 0.025 0.034375
0 0.7890625 0.3625 0.025 0.034375
0 0.82578125 0.3359375 0.025 0.03125
0 0.73359375 0.5703125 0.028125 0.0375
0 0.740625 0.62890625 0.0296875 0.040625
0 0.70625 0.65859375 0.028125 0.040625
0 0.66484375 0.6859375 0.025 0.04375
0 0.73671875 0.68984375 0.028125 0.0390625
0 0.78125 0.66171875 0.028125 0.040625
0 0.76484375 0.48984375 0.028125 0.0359375
0 0.76640625 0.43359375 0.025 0.034375
0 0.79453125 0.4140625 0.028125 0.034375
0 0.82265625 0.39296875 0.025 0.0359375
0 0.85078125 0.3734375 0.025 0.03125
0 0.8875 0.34296875 0.021875 0.034375
0 0.8875 0.40078125 0.025 0.034375
0 0.928125 0.36875 0.021875 0.0328125
0 0.9484375 0.3546875 0.021875 0.0296875
0 0.946875 0.40625 0.025 0.034375
0 0.92734375 0.42578125 0.025 0.0328125
0 0.8953125 0.4484375 0.025 0.0375
0 0.85703125 0.4234375 0.025 0.034375
0 0.8640625 0.47421875 0.0234375 0.034375
0 0.821875 0.4484375 0.025 0.0359375
0 0.7984375 0.4671875 0.025 0.0328125
0 0.79609375 0.52109375 0.0265625 0.0375
0 0.8234375 0.5015625 0.025 0.0390625
0 0.90625 0.5 0.025 0.0375
0 0.93671875 0.47421875 0.025 0.0375
0 0.96015625 0.45546875 0.025 0.0359375
0 0.96015625 0.509375 0.021875 0.0359375
0 0.934375 0.53046875 0.028125 0.0375
0 0.8578125 0.53046875 0.025 0.0328125
0 0.834375 0.5515625 0.025 0.034375
0 0.8109375 0.57421875 0.025 0.0390625
0 0.875 0.58203125 0.0265625 0.0375
0 0.896875 0.5578125 0.025 0.0375
0 0.93671875 0.58671875 0.025 0.0390625
0 0.97421875 0.55859375 0.025 0.040625
0 0.7671875 0.60234375 0.0265625 0.040625
0 0.80859375 0.63203125 0.025 0.0390625
0 0.834375 0.6078125 0.028125 0.0390625
0 0.8828125 0.63671875 0.025 0.040625
0 0.90625 0.61328125 0.028125 0.0375
0 0.97265625 0.61640625 0.025 0.0375
0 0.94609375 0.6421875 0.025 0.040625
0 0.91484375 0.66953125 0.025 0.040625
0 0.884375 0.6953125 0.025 0.0375
0 0.8390625 0.66640625 0.028125 0.0390625
0 0.81328125 0.6953125 0.028125 0.040625
0 0.778125 0.72421875 0.028125 0.0421875
0 0.7421875 0.7515625 0.0265625 0.04375
0 0.753125 0.81953125 0.028125 0.0375
0 0.75078125 0.884375 0.0296875 0.046875
0 0.82578125 0.75859375 0.028125 0.0421875
0 0.78359375 0.78671875 0.0328125 0.04375
0 0.7921875 0.85546875 0.028125 0.040625
0 0.8265625 0.8859375 0.028125 0.04375
0 0.8640625 0.8546875 0.028125 0.040625
0 0.8953125 0.88671875 0.028125 0.040625
0 0.92578125 0.8546875 0.025 0.040625
0 0.815625 0.81875 0.028125 0.0453125
0 0.8484375 0.78984375 0.0265625 0.0421875
0 0.846875 0.72421875 0.028125 0.0375
0 0.89296875 0.75859375 0.0265625 0.0421875
0 0.8875 0.82109375 0.028125 0.040625
0 0.9265625 0.78984375 0.025 0.040625
0 0.91484375 0.72734375 0.0265625 0.0390625
0 0.9609375 0.70078125 0.025 0.0390625
0 0.98359375 0.67265625 0.025 0.040625
0 0.9578125 0.759375 0.03125 0.04375
0 0.98125 0.7328125 0.0265625 0.0390625
0 0.9890625 0.7921875 0.0203125 0.040625
0 0.953125 0.8203125 0.025 0.0390625
0 0.96875 0.8875 0.028125 0.0390625
0 0.98984375 0.85390625 0.01875 0.040625