0 0.790625 0.75859375 0.05625 0.1109375
0 0.7921875 0.6296875 0.05625 0.1125
0 0.64375 0.7640625 0.04375 0.09375
0 0.66796875 0.6953125 0.04375 0.09375
0 0.60078125 0.80546875 0.04375 0.096875
0 0.54296875 0.7953125 0.046875 0.1
0 0.5078125 0.74296875 0.040625 0.09375
0 0.4671875 0.78515625 0.0390625 0.090625
0 0.42421875 0.7734375 0.04375 0.090625
0 0.39296875 0.7203125 0.040625 0.0828125
0 0.35546875 0.76328125 0.040625 0.090625
0 0.32421875 0.71484375 0.0375 0.08125
0 0.68359375 0.578125 0.046875 0.1
0 0.6421875 0.6203125 0.046875 0.090625
0 0.615625 0.69375 0.04375 0.09375
0 0.57265625 0.7296875 0.040625 0.0828125
0 0.5734375 0.63828125 0.04375 0.0921875
0 0.53515625 0.68125 0.04375 0.084375
0 0.47109375 0.6921875 0.040625 0.0875
0 0.42734375 0.6859375 0.04375 0.090625
0 0.39609375 0.63984375 0.040625 0.0828125
0 0.36015625 0.678125 0.0375 0.08125
0 0.325 0.634375 0.0375 0.08125
0 0.5 0.63046875 0.040625 0.0875
0 0.4453125 0.60390625 0.040625 0.08125
0 0.41484375 0.56328125 0.0375 0.08125
0 0.3640625 0.59296875 0.040625 0.0875
0 0.32109375 0.553125 0.0375 0.0875
0 0.3015625 0.50390625 0.040625 0.08125
0 0.67578125 0.4453125 0.046875 0.090625
0 0.646875 0.521875 0.0484375 0.096875
0 0.60703125 0.56953125 0.046875 0.0875
0 0.60546875 0.4734375 0.046875 0.09375
0 0.56796875 0.5234375 0.04375 0.084375
0 0.53984375 0.590625 0.040625 0.0875
0 0.52578125 0.5078125 0.040625 0.078125
0 0.4859375 0.546875 0.046875 0.08125
0 0.44765625 0.5171875 0.0421875 0.078125
0 0.4125 0.5609375 0.040625 0.090625
0 0.38046875 0.5125 0.040625 0.0828125
0 0.33515625 0.46796875 0.0390625 0.0875
0 0.63828125 0.39375 0.05 0.090625
0 0.6625 0.3328125 0.05 0.096875
0 0.59609375 0.40078125 0.046875 0.0796875
0 0.55546875 0.44765625 0.04375 0.09375
0 0.559375 0.36640625 0.046875 0.0875
0 0.51640625 0.4296875 0.0421875 0.0875
0 0.4765625 0.465625 0.040625 0.0875
0 0.4828125 0.37734375 0.040625 0.075
0 0.446875 0.4265625 0.0390625 0.084375
0 0.41796875 0.4765625 0.0390625 0.08125
0 0.37421875 0.43828125 0.0375 0.084375
0 0.34296875 0.3890625 0.0375 0.08125
0 0.303125 0.4234375 0.0390625 0.084375
0 0.61796875 0.325 0.04375 0.09375
0 0.5796875 0.284375 0.046875 0.084375
0 0.51953125 0.34375 0.0390625 0.084375
0 0.45078125 0.3421875 0.0390625 0.0828125
0 0.409375 0.3984375 0.040625 0.08125
0 0.4125 0.315625 0.0375 0.08125
0 0.37890625 0.3515625 0.0375 0.078125
0 0.37890625 0.2765625 0.0375 0.078125
0 0.31015625 0.34375 0.0390625 0.0859375
0 0.33984375 0.3046875 0.040625 0.0875
0 0.3171875 0.27265625 0.0375 0.071875
0 0.64375 0.24921875 0.04375 0.08125
0 0.603125 0.21171875 0.040625 0.084375
0 0.540625 0.26484375 0.040625 0.0828125
0 0.48828125 0.29921875 0.04375 0.090625
0 0.4515625 0.25859375 0.04375 0.08125
0 0.4125 0.23203125 0.034375 0.0734375
0 0.38359375 0.19609375 0.040625 0.0828125
0 0.34765625 0.23203125 0.0375 0.08125
0 0.321875 0.20546875 0.0375 0.0875
0 0.5640625 0.1953125 0.04375 0.090625
0 0.50625 0.22578125 0.04375 0.084375
0 0.47109375 0.18359375 0.04375 0.090625
0 0.71796875 0.14765625 0.04375 0.09375
0 0.67890625 0.1953125 0.04375 0.084375
0 0.6765625 0.10703125 0.040625 0.0875
0 0.63984375 0.1640625 0.04375 0.075
0 0.61015625 0.10078125 0.046875 0.09375
0 0.5671875 0.10625 0.040625 0.090625
0 0.53046875 0.15 0.04375 0.084375
0 0.4953125 0.1078125 0.0390625 0.084375
0 0.4546875 0.11015625 0.04375 0.090625
0 0.41953125 0.15625 0.040625 0.0828125
0 0.384375 0.1109375 0.0390625 0.08125
0 0.35234375 0.15703125 0.034375 0.084375
0 0.3203125 0.11328125 0.0375 0.08125
0 0.290625 0.7515625 0.0375 0.0859375
0 0.28671875 0.671875 0.040625 0.0890625
0 0.290625 0.58203125 0.0375 0.0859375