0 0.209375 0.75859375 0.05625 0.1109375
0 0.2078125 0.6296875 0.05625 0.1125
0 0.35625 0.7640625 0.04375 0.09375
0 0.33203125 0.6953125 0.04375 0.09375
0 0.39921875 0.80546875 0.04375 0.096875
0 0.45703125 0.7953125 0.046875 0.1
0 0.4921875 0.74296875 0.040625 0.09375
0 0.5328125 0.78515625 0.0390625 0.090625
0 0.57578125 0.7734375 0.04375 0.090625
0 0.60703125 0.7203125 0.040625 0.0828125
0 0.64453125 0.76328125 0.040625 0.090625
0 0.67578125 0.71484375 0.0375 0.08125
0 0.31640625 0.578125 0.046875 0.1
0 0.3578125 0.6203125 0.046875 0.090625
0 0.384375 0.69375 0.04375 0.09375
0 0.42734375 0.7296875 0.040625 0.0828125
0 0.4265625 0.63828125 0.04375 0.0921875
0 0.46484375 0.68125 0.04375 0.084375
0 0.52890625 0.6921875 0.040625 0.0875
0 0.57265625 0.6859375 0.04375 0.090625
0 0.60390625 0.63984375 0.040625 0.0828125
0 0.63984375 0.678125 0.0375 0.08125
0 0.675 0.634375 0.0375 0.08125
0 0.5 0.63046875 0.040625 0.0875
0 0.5546875 0.60390625 0.040625 0.08125
0 0.58515625 0.56328125 0.0375 0.08125
0 0.6359375 0.59296875 0.040625 0.0875
0 0.67890625 0.553125 0.0375 0.0875
0 0.6984375 0.50390625 0.040625 0.08125
0 0.32421875 0.4453125 0.046875 0.090625
0 0.353125 0.521875 0.0484375 0.096875
0 0.39296875 0.56953125 0.046875 0.0875
0 0.39453125 0.4734375 0.046875 0.09375
0 0.43203125 0.5234375 0.04375 0.084375
0 0.46015625 0.590625 0.040625 0.0875
0 0.47421875 0.5078125 0.040625 0.078125
0 0.5140625 0.546875 0.046875 0.08125
0 0.55234375 0.5171875 0.0421875 0.078125
0 0.5875 0.5609375 0.040625 0.090625
0 0.61953125 0.5125 0.040625 0.0828125
0 0.66484375 0.46796875 0.0390625 0.0875
0 0.36171875 0.39375 0.05 0.090625
0 0.3375 0.3328125 0.05 0.096875
0 0.40390625 0.40078125 0.046875 0.0796875
0 0.44453125 0.44765625 0.04375 0.09375
0 0.440625 0.36640625 0.046875 0.0875
0 0.48359375 0.4296875 0.0421875 0.0875
0 0.5234375 0.465625 0.040625 0.0875
0 0.5171875 0.37734375 0.040625 0.075
0 0.553125 0.4265625 0.0390625 0.084375
0 0.58203125 0.4765625 0.0390625 0.08125
0 0.62578125 0.43828125 0.0375 0.084375
0 0.65703125 0.3890625 0.0375 0.08125
0 0.696875 0.4234375 0.0390625 0.084375
0 0.38203125 0.325 0.04375 0.09375
0 0.4203125 0.284375 0.046875 0.084375
0 0.48046875 0.34375 0.0390625 0.084375
0 0.54921875 0.3421875 0.0390625 0.0828125
0 0.590625 0.3984375 0.040625 0.08125
0 0.5875 0.315625 0.0375 0.08125
0 0.62109375 0.3515625 0.0375 0.078125
0 0.62109375 0.2765625 0.0375 0.078125
0 0.68984375 0.34375 0.0390625 0.0859375
0 0.66015625 0.3046875 0.040625 0.0875
0 0.6828125 0.27265625 0.0375 0.071875
0 0.35625 0.24921875 0.04375 0.08125
0 0.396875 0.21171875 0.040625 0.084375
0 0.459375 0.26484375 0.040625 0.0828125
0 0.51171875 0.29921875 0.04375 0.090625
0 0.5484375 0.25859375 0.04375 0.08125
0 0.5875 0.23203125 0.034375 0.0734375
0 0.61640625 0.19609375 0.040625 0.0828125
0 0.65234375 0.23203125 0.0375 0.08125
0 0.678125 0.20546875 0.0375 0.0875
0 0.4359375 0.1953125 0.04375 0.090625
0 0.49375 0.22578125 0.04375 0.084375
0 0.52890625 0.18359375 0.04375 0.090625
0 0.28203125 0.14765625 0.04375 0.09375
0 0.32109375 0.1953125 0.04375 0.084375
0 0.3234375 0.10703125 0.040625 0.0875
0 0.36015625 0.1640625 0.04375 0.075
0 0.38984375 0.10078125 0.046875 0.09375
0 0.4328125 0.10625 0.040625 0.090625
0 0.46953125 0.15 0.04375 0.084375
0 0.5046875 0.1078125 0.0390625 0.084375
0 0.5453125 0.11015625 0.04375 0.090625
0 0.58046875 0.15625 0.040625 0.0828125
0 0.615625 0.1109375 0.0390625 0.08125
0 0.64765625 0.15703125 0.034375 0.084375
0 0.6796875 0.11328125 0.0375 0.08125
0 0.709375 0.7515625 0.0375 0.0859375
0 0.71328125 0.671875 0.040625 0.0890625
0 0.709375 0.58203125 0.0375 0.0859375