0 0.9671875 0.26015625 0.065625 0.0609375
0 0.9625 0.31171875 0.0734375 0.046875
0 0.95234375 0.3546875 0.071875 0.05
0 0.93125 0.38828125 0.053125 0.0375
0 0.89921875 0.4265625 0.065625 0.05
0 0.9125 0.4765625 0.0640625 0.046875
0 0.85703125 0.5015625 0.059375 0.0421875
0 0.85 0.46171875 0.0640625 0.04375
0 0.90078125 0.2453125 0.075 0.059375
0 0.89296875 0.29609375 0.06875 0.053125
0 0.89921875 0.34453125 0.065625 0.05
0 0.8875 0.38515625 0.0625 0.04375
0 0.8078125 0.525 0.06875 0.040625
0 0.79765625 0.48671875 0.059375 0.04375
0 0.7890625 0.44609375 0.059375 0.040625
0 0.840625 0.421875 0.0625 0.04375
0 0.840625 0.37734375 0.06875 0.0484375
0 0.82421875 0.32421875 0.065625 0.0484375
0 0.8015625 0.27109375 0.06875 0.05
0 0.80703125 0.22265625 0.0734375 0.05625
0 0.73984375 0.20859375 0.075 0.0578125
0 0.715625 0.1546875 0.071875 0.0625
0 0.7515625 0.2625 0.071875 0.05
0 0.76015625 0.31171875 0.06875 0.05
0 0.7671875 0.35859375 0.06875 0.05
0 0.77421875 0.39765625 0.06875 0.0453125
0 0.6609375 0.1953125 0.06875 0.053125
0 0.67578125 0.24765625 0.06875 0.053125
0 0.68984375 0.29609375 0.06875 0.0515625
0 0.703125 0.34296875 0.065625 0.046875
0 0.70859375 0.38125 0.0625 0.0421875
0 0.72109375 0.42265625 0.059375 0.040625
0 0.73125 0.46171875 0.059375 0.0390625
0 0.73984375 0.5015625 0.0609375 0.0421875
0 0.92890625 0.41640625 0.034375 0.03125
0 0.8390625 0.5265625 0.053125 0.0296875
0 0.58125 0.18046875 0.065625 0.053125
0 0.52109375 0.16875 0.065625 0.053125
0 0.60234375 0.2328125 0.065625 0.05
0 0.6265625 0.28203125 0.06875 0.053125
0 0.6375 0.32890625 0.0640625 0.046875
0 0.6484375 0.36875 0.0625 0.04375
0 0.66484375 0.415625 0.0625 0.04375
0 0.66953125 0.4421875 0.059375 0.0375
0 0.6828125 0.48515625 0.059375 0.0421875
0 0.6921875 0.5203125 0.053125 0.0421875
0 0.5390625 0.21875 0.065625 0.053125
0 0.55390625 0.2671875 0.065625 0.05
0 0.5796875 0.3140625 0.06875 0.0515625
0 0.59453125 0.36015625 0.065625 0.046875
0 0.60703125 0.40078125 0.0625 0.046875
0 0.6125 0.425 0.05625 0.0390625
0 0.62890625 0.475 0.059375 0.04375
0 0.6421875 0.5125 0.059375 0.040625
0 0.65234375 0.54375 0.059375 0.040625
0 0.6453125 0.575 0.040625 0.0421875
0 0.45703125 0.1546875 0.065625 0.0515625
0 0.47734375 0.20546875 0.0671875 0.053125
0 0.49375 0.25546875 0.065625 0.05
0 0.50546875 0.296875 0.0625 0.0421875
0 0.53046875 0.33359375 0.05625 0.04375
0 0.54609375 0.38203125 0.0546875 0.040625
0 0.559375 0.4140625 0.0546875 0.0375
0 0.57421875 0.4578125 0.05625 0.0421875
0 0.58828125 0.50234375 0.059375 0.040625
0 0.59765625 0.52734375 0.05 0.028125
0 0.61171875 0.58046875 0.05625 0.0390625
0 0.41328125 0.1921875 0.06875 0.05
0 0.43203125 0.24296875 0.0640625 0.05
0 0.45390625 0.28203125 0.05625 0.040625
0 0.4640625 0.3375 0.065625 0.046875
0 0.4890625 0.38125 0.059375 0.046875
0 0.50625 0.4125 0.05625 0.0375
0 0.51953125 0.434375 0.0484375 0.03125
0 0.53828125 0.484375 0.05625 0.0375
0 0.54765625 0.53046875 0.05625 0.0375
0 0.56484375 0.5671875 0.05625 0.040625
0 0.52421875 0.57890625 0.0546875 0.0375
0 0.35234375 0.178125 0.0625 0.05
0 0.37265625 0.22578125 0.065625 0.053125
0 0.39296875 0.2734375 0.0625 0.0484375
0 0.40859375 0.315625 0.059375 0.0453125
0 0.425 0.36171875 0.059375 0.046875
0 0.45234375 0.3890625 0.053125 0.0359375
0 0.471875 0.4296875 0.05625 0.0390625
0 0.48515625 0.4640625 0.05 0.040625
0 0.496875 0.51015625 0.053125 0.034375
0 0.509375 0.5390625 0.0484375 0.0328125
0 0.46015625 0.534375 0.053125 0.0390625
0 0.47890625 0.5625 0.05625 0.0375
0 0.425 0.5546875 0.053125 0.0359375
0 0.30390625 0.215625 0.065625 0.05
0 0.33359375 0.2625 0.065625 0.05
0 0.26796875 0.2515625 0.065625 0.0515625
0 0.2859375 0.2984375 0.0625 0.05
0 0.36015625 0.2984375 0.0546875 0.0375
0 0.309375 0.3421875 0.059375 0.05
0 0.29140625 0.35703125 0.05 0.040625
0 0.39453125 0.38125 0.0453125 0.028125
0 0.34140625 0.36953125 0.05 0.03125
0 0.35859375 0.40703125 0.0515625 0.0390625
0 0.30546875 0.3984375 0.0546875 0.04375
0 0.4140625 0.42265625 0.05 0.0421875
0 0.43203125 0.44921875 0.0484375 0.0328125
0 0.45 0.48125 0.05 0.0375
0 0.415625 0.51171875 0.053125 0.0359375
0 0.37734375 0.5421875 0.05 0.034375
0 0.36171875 0.5109375 0.0515625 0.0390625
0 0.3296875 0.5328125 0.046875 0.0375
0 0.28984375 0.47578125 0.053125 0.0375
0 0.321875 0.4421875 0.0546875 0.0390625
0 0.34921875 0.4640625 0.0390625 0.03125
0 0.23828125 0.40546875 0.0625 0.04375
0 0.24921875 0.4484375 0.0546875 0.0421875
0 0.21171875 0.15390625 0.0671875 0.053125
0 0.27890625 0.16640625 0.065625 0.0484375
0 0.565625 0.13125 0.059375 0.053125
0 0.5046875 0.11796875 0.065625 0.053125
0 0.4375 0.10234375 0.06875 0.0546875
0 0.3578125 0.103125 0.0625 0.05
0 0.30234375 0.12109375 0.0640625 0.05
0 0.2390625 0.20546875 0.0625 0.05
0 0.18515625 0.1921875 0.0546875 0.05
0 0.14609375 0.22890625 0.0625 0.05
0 0.1109375 0.265625 0.0625 0.04375
0 0.1359375 0.3109375 0.0625 0.046875
0 0.175 0.27734375 0.059375 0.04375
0 0.20625 0.2390625 0.05625 0.046875
0 0.2578125 0.3234375 0.059375 0.0421875
0 0.23671875 0.28046875 0.05 0.040625
0 0.09765625 0.34453125 0.059375 0.046875
0 0.16953125 0.35078125 0.05625 0.046875
0 0.2 0.31796875 0.0625 0.046875
0 0.23359375 0.353125 0.0546875 0.0421875
0 0.18125 0.3953125 0.05625 0.04375
0 0.14765625 0.421875 0.05625 0.0453125
0 0.11953125 0.5078125 0.06875 0.053125
0 0.07578125 0.646875 0.09375 0.0703125