0 0.73984375 0.9671875 0.0609375 0.065625
0 0.68828125 0.9625 0.046875 0.0734375
0 0.6453125 0.95234375 0.05 0.071875
0 0.61171875 0.93125 0.0375 0.053125
0 0.5734375 0.89921875 0.05 0.0671875
0 0.5234375 0.9125 0.046875 0.0640625
0 0.4984375 0.85703125 0.0421875 0.059375
0 0.53828125 0.85 0.04375 0.0640625
0 0.7546875 0.90078125 0.059375 0.075
0 0.70390625 0.89296875 0.053125 0.06875
0 0.65546875 0.89921875 0.05 0.0671875
0 0.61484375 0.8875 0.04375 0.0625
0 0.475 0.8078125 0.040625 0.06875
0 0.51328125 0.79765625 0.04375 0.059375
0 0.55390625 0.7890625 0.040625 0.059375
0 0.578125 0.840625 0.04375 0.0625
0 0.62265625 0.840625 0.0484375 0.06875
0 0.67578125 0.82421875 0.0484375 0.0671875
0 0.72890625 0.8015625 0.05 0.0703125
0 0.77734375 0.80703125 0.05625 0.0734375
0 0.79140625 0.73984375 0.0578125 0.075
0 0.8453125 0.715625 0.0625 0.071875
0 0.7375 0.7515625 0.05 0.071875
0 0.68828125 0.76015625 0.05 0.06875
0 0.64140625 0.7671875 0.05 0.06875
0 0.60234375 0.77421875 0.0453125 0.06875
0 0.8046875 0.6609375 0.053125 0.06875
0 0.75234375 0.67578125 0.053125 0.06875
0 0.70390625 0.68984375 0.0515625 0.06875
0 0.65703125 0.703125 0.046875 0.065625
0 0.61875 0.70859375 0.0421875 0.0625
0 0.57734375 0.72109375 0.040625 0.059375
0 0.53828125 0.73125 0.0390625 0.059375
0 0.4984375 0.73984375 0.0421875 0.0609375
0 0.58359375 0.92890625 0.03125 0.034375
0 0.4734375 0.8390625 0.0296875 0.053125
0 0.81953125 0.58125 0.053125 0.065625
0 0.83125 0.52109375 0.053125 0.065625
0 0.7671875 0.60234375 0.05 0.065625
0 0.71796875 0.6265625 0.053125 0.06875
0 0.67109375 0.6375 0.046875 0.0640625
0 0.63125 0.6484375 0.04375 0.0625
0 0.584375 0.66484375 0.04375 0.0625
0 0.5578125 0.66953125 0.0375 0.059375
0 0.51484375 0.6828125 0.0421875 0.059375
0 0.4796875 0.6921875 0.0421875 0.053125
0 0.78125 0.5390625 0.053125 0.065625
0 0.7328125 0.55390625 0.05 0.065625
0 0.6859375 0.5796875 0.0515625 0.06875
0 0.63984375 0.59453125 0.046875 0.065625
0 0.59921875 0.60703125 0.046875 0.0625
0 0.575 0.6125 0.0390625 0.05625
0 0.525 0.62890625 0.04375 0.059375
0 0.4875 0.6421875 0.040625 0.059375
0 0.45625 0.65234375 0.040625 0.059375
0 0.425 0.6453125 0.0421875 0.040625
0 0.8453125 0.45703125 0.0515625 0.065625
0 0.79453125 0.47734375 0.053125 0.0671875
0 0.74453125 0.49375 0.05 0.065625
0 0.703125 0.50546875 0.0421875 0.0625
0 0.66640625 0.53046875 0.04375 0.05625
0 0.61796875 0.54609375 0.040625 0.0546875
0 0.5859375 0.559375 0.0375 0.0546875
0 0.5421875 0.57421875 0.0421875 0.05625
0 0.49765625 0.58828125 0.040625 0.059375
0 0.47265625 0.59765625 0.028125 0.05
0 0.41953125 0.61171875 0.0390625 0.05625
0 0.8078125 0.41328125 0.05 0.06875
0 0.75703125 0.43203125 0.05 0.0640625
0 0.71796875 0.45390625 0.040625 0.05625
0 0.6625 0.4640625 0.046875 0.065625
0 0.61875 0.4890625 0.046875 0.059375
0 0.5875 0.50625 0.0375 0.05625
0 0.565625 0.51953125 0.03125 0.0484375
0 0.515625 0.53828125 0.0375 0.05625
0 0.46953125 0.54765625 0.0375 0.05625
0 0.4328125 0.56484375 0.040625 0.05625
0 0.42109375 0.52421875 0.0375 0.0546875
0 0.821875 0.35234375 0.05 0.0625
0 0.77421875 0.37265625 0.053125 0.065625
0 0.7265625 0.39296875 0.0484375 0.0625
0 0.684375 0.40859375 0.0453125 0.059375
0 0.63828125 0.425 0.046875 0.059375
0 0.6109375 0.45234375 0.0359375 0.053125
0 0.5703125 0.471875 0.0390625 0.05625
0 0.5359375 0.48515625 0.040625 0.05
0 0.48984375 0.496875 0.034375 0.053125
0 0.4609375 0.509375 0.0328125 0.0484375
0 0.465625 0.46015625 0.0390625 0.053125
0 0.4375 0.47890625 0.0375 0.05625
0 0.4453125 0.425 0.0359375 0.053125
0 0.784375 0.30390625 0.05 0.065625
0 0.7375 0.33359375 0.05 0.065625
0 0.7484375 0.26796875 0.0515625 0.065625
0 0.7015625 0.2859375 0.05 0.0625
0 0.7015625 0.36015625 0.0375 0.0546875
0 0.6578125 0.309375 0.05 0.059375
0 0.64296875 0.29140625 0.040625 0.05
0 0.61875 0.39453125 0.028125 0.0453125
0 0.63046875 0.34140625 0.03125 0.05
0 0.59296875 0.35859375 0.0390625 0.0515625
0 0.6015625 0.30546875 0.04375 0.0546875
0 0.57734375 0.4140625 0.0421875 0.05
0 0.55078125 0.43203125 0.0328125 0.0484375
0 0.51875 0.45 0.0375 0.05
0 0.48828125 0.415625 0.0359375 0.053125
0 0.4578125 0.37734375 0.034375 0.05
0 0.4890625 0.36171875 0.0390625 0.0515625
0 0.4671875 0.3296875 0.0375 0.046875
0 0.52421875 0.28984375 0.0375 0.053125
0 0.5578125 0.321875 0.0390625 0.0546875
0 0.5359375 0.34921875 0.03125 0.0390625
0 0.59453125 0.23828125 0.04375 0.0625
0 0.5515625 0.24921875 0.0421875 0.0546875
0 0.84609375 0.21171875 0.053125 0.0671875
0 0.83359375 0.27890625 0.0484375 0.065625
0 0.86875 0.565625 0.053125 0.059375
0 0.88203125 0.5046875 0.053125 0.065625
0 0.89765625 0.4375 0.0546875 0.06875
0 0.896875 0.3578125 0.05 0.0625
0 0.87890625 0.30234375 0.05 0.0640625
0 0.79453125 0.2390625 0.05 0.0625
0 0.8078125 0.18515625 0.05 0.0546875
0 0.77109375 0.14609375 0.05 0.0625
0 0.734375 0.1109375 0.04375 0.0625
0 0.6890625 0.1359375 0.046875 0.0625
0 0.72265625 0.175 0.04375 0.059375
0 0.7609375 0.20625 0.046875 0.05625
0 0.6765625 0.2578125 0.0421875 0.059375
0 0.71953125 0.23671875 0.040625 0.05
0 0.65546875 0.09765625 0.046875 0.059375
0 0.64921875 0.16953125 0.046875 0.05625
0 0.68203125 0.2 0.046875 0.0625
0 0.646875 0.23359375 0.0421875 0.0546875
0 0.6046875 0.18125 0.04375 0.05625
0 0.578125 0.14765625 0.0453125 0.05625
0 0.4921875 0.11953125 0.053125 0.06875
0 0.353125 0.07578125 0.0703125 0.09375