0 0.90859375 0.80078125 0.04375 0.0328125
0 0.865625 0.80703125 0.0328125 0.028125
0 0.82109375 0.80546875 0.040625 0.0296875
0 0.77578125 0.8109375 0.04375 0.0328125
0 0.73046875 0.8109375 0.040625 0.0296875
0 0.6890625 0.8109375 0.0375 0.0296875
0 0.65 0.815625 0.0375 0.028125
0 0.6078125 0.81953125 0.040625 0.034375
0 0.55234375 0.8359375 0.04375 0.034375
0 0.51640625 0.86796875 0.04375 0.0359375
0 0.50546875 0.83203125 0.0421875 0.03125
0 0.45546875 0.84453125 0.046875 0.034375
0 0.421875 0.8734375 0.04375 0.034375
0 0.36953125 0.8734375 0.046875 0.034375
0 0.328125 0.8703125 0.046875 0.034375
0 0.2796875 0.87421875 0.046875 0.0375
0 0.22109375 0.87265625 0.046875 0.034375
0 0.16875 0.875 0.046875 0.0359375
0 0.1109375 0.8625 0.046875 0.0375
0 0.403125 0.8421875 0.040625 0.028125
0 0.3625 0.8390625 0.04375 0.03125
0 0.31328125 0.83828125 0.04375 0.034375
0 0.25546875 0.84375 0.040625 0.03125
0 0.20859375 0.83828125 0.04375 0.034375
0 0.14375 0.83828125 0.0421875 0.034375
0 0.0859375 0.82421875 0.04375 0.0375
0 0.92265625 0.7703125 0.0390625 0.0234375
0 0.88515625 0.77421875 0.040625 0.028125
0 0.85 0.78203125 0.0328125 0.0296875
0 0.8078125 0.78125 0.0375 0.0265625
0 0.76484375 0.78359375 0.0375 0.03125
0 0.721875 0.77890625 0.0375 0.025
0 0.6765625 0.7796875 0.0390625 0.0265625
0 0.63671875 0.78671875 0.0421875 0.028125
0 0.5875 0.79453125 0.040625 0.028125
0 0.53203125 0.803125 0.0421875 0.0328125
0 0.4859375 0.80546875 0.04375 0.03125
0 0.43671875 0.81328125 0.040625 0.0328125
0 0.3890625 0.81328125 0.04375 0.0359375
0 0.340625 0.809375 0.046875 0.0328125
0 0.29140625 0.80859375 0.04375 0.03125
0 0.2390625 0.8046875 0.046875 0.034375
0 0.1734375 0.8140625 0.0515625 0.0359375
0 0.1234375 0.79609375 0.040625 0.034375
0 0.08125 0.76484375 0.04375 0.034375
0 0.915625 0.74765625 0.0359375 0.025
0 0.9453125 0.72421875 0.034375 0.028125
0 0.903125 0.7234375 0.034375 0.028125
0 0.875 0.74921875 0.034375 0.03125
0 0.86015625 0.725 0.040625 0.0328125
0 0.83046875 0.7546875 0.034375 0.0296875
0 0.81328125 0.73046875 0.040625 0.03125
0 0.7859375 0.75390625 0.0390625 0.034375
0 0.7671875 0.73046875 0.0375 0.0296875
0 0.74140625 0.75859375 0.040625 0.0265625
0 0.7234375 0.728125 0.0359375 0.03125
0 0.70390625 0.75703125 0.0375 0.03125
0 0.65546875 0.75703125 0.0328125 0.028125
0 0.678125 0.73046875 0.0375 0.03125
0 0.63359375 0.73671875 0.0375 0.034375
0 0.609375 0.7671875 0.0390625 0.0296875
0 0.58828125 0.74140625 0.040625 0.0328125
0 0.5609375 0.7703125 0.040625 0.034375
0 0.5390625 0.73828125 0.04375 0.034375
0 0.51640625 0.771875 0.0390625 0.034375
0 0.46328125 0.7796875 0.046875 0.0328125
0 0.41953125 0.77890625 0.0515625 0.0328125
0 0.36953125 0.78203125 0.046875 0.0328125
0 0.3171875 0.78046875 0.04375 0.034375
0 0.27109375 0.77578125 0.046875 0.034375
0 0.2140625 0.77578125 0.046875 0.034375
0 0.1609375 0.76484375 0.04375 0.0328125
0 0.128125 0.7328125 0.053125 0.034375
0 0.92734375 0.69921875 0.0375 0.034375
0 0.95625 0.67421875 0.04375 0.028125
0 0.93828125 0.6484375 0.046875 0.034375
0 0.9640625 0.621875 0.046875 0.028125
0 0.97734375 0.59375 0.0359375 0.0296875
0 0.93203125 0.5921875 0.0375 0.0296875
0 0.90859375 0.61484375 0.034375 0.0296875
0 0.8859375 0.6453125 0.034375 0.0296875
0 0.9078125 0.66875 0.03125 0.028125
0 0.8875 0.69765625 0.0390625 0.0296875
0 0.8453125 0.696875 0.040625 0.0328125
0 0.79375 0.70078125 0.0421875 0.03125
0 0.746875 0.70390625 0.040625 0.03125
0 0.70078125 0.70234375 0.0375 0.028125
0 0.6609375 0.7046875 0.04375 0.0296875
0 0.6125 0.7078125 0.0390625 0.03125
0 0.56328125 0.7125 0.0421875 0.03125
0 0.48828125 0.746875 0.040625 0.0328125
0 0.5125 0.71171875 0.040625 0.0328125
0 0.47421875 0.7078125 0.0421875 0.0296875
0 0.4484375 0.74375 0.04375 0.03125
0 0.42109375 0.71796875 0.040625 0.028125
0 0.44921875 0.68515625 0.0421875 0.0296875
0 0.39609375 0.74921875 0.046875 0.034375
0 0.34453125 0.7484375 0.04375 0.034375
0 0.30390625 0.7390625 0.04375 0.034375
0 0.24375 0.74375 0.040625 0.034375
0 0.18671875 0.73828125 0.0484375 0.0375
0 0.07890625 0.703125 0.0515625 0.0375
0 0.1609375 0.70625 0.04375 0.0328125
0 0.21875 0.71171875 0.04375 0.0359375
0 0.37109375 0.7203125 0.04375 0.03125
0 0.3265625 0.70859375 0.05 0.034375
0 0.27421875 0.709375 0.04375 0.034375
0 0.86484375 0.66875 0.0390625 0.028125
0 0.82109375 0.67109375 0.0390625 0.03125
0 0.840625 0.64609375 0.040625 0.0296875
0 0.8703125 0.62109375 0.040625 0.03125
0 0.88359375 0.59375 0.0375 0.0296875
0 0.83828125 0.59921875 0.0421875 0.03125
0 0.81484375 0.621875 0.0375 0.0296875
0 0.79296875 0.6484375 0.0375 0.028125
0 0.77265625 0.67734375 0.0375 0.03125
0 0.721875 0.67578125 0.04375 0.034375
0 0.68359375 0.67578125 0.0421875 0.028125
0 0.63828125 0.67578125 0.0375 0.03125
0 0.58828125 0.68359375 0.04375 0.0296875
0 0.53671875 0.684375 0.040625 0.0328125
0 0.49375 0.68125 0.04375 0.034375
0 0.3984375 0.6890625 0.04375 0.034375
0 0.35234375 0.68046875 0.04375 0.034375
0 0.29375 0.68046875 0.04375 0.0328125
0 0.24765625 0.6796875 0.04375 0.0359375
0 0.19765625 0.67265625 0.046875 0.034375
0 0.12890625 0.67109375 0.046875 0.0359375
0 0.0734375 0.64140625 0.046875 0.034375
0 0.74609375 0.64453125 0.0421875 0.03125
0 0.7703125 0.61796875 0.0421875 0.028125
0 0.79140625 0.59375 0.0390625 0.03125
0 0.8140625 0.56953125 0.040625 0.028125
0 0.8578125 0.56875 0.0375 0.028125
0 0.90625 0.56796875 0.040625 0.0265625
0 0.95234375 0.56796875 0.034375 0.025
0 0.69765625 0.64921875 0.0421875 0.0328125
0 0.65625 0.6484375 0.040625 0.03125
0 0.61171875 0.65078125 0.0375 0.03125
0 0.56484375 0.65390625 0.0421875 0.03125
0 0.51796875 0.65234375 0.04375 0.034375
0 0.4671875 0.65703125 0.04375 0.0375
0 0.421875 0.6546875 0.0421875 0.034375
0 0.37578125 0.653125 0.04375 0.0375
0 0.3265625 0.6484375 0.040625 0.034375
0 0.2796875 0.64921875 0.04375 0.034375
0 0.2265625 0.6453125 0.0484375 0.034375
0 0.15703125 0.64296875 0.046875 0.034375
0 0.12265625 0.609375 0.04375 0.034375
0 0.7203125 0.61796875 0.0390625 0.03125
0 0.67890625 0.61953125 0.040625 0.034375
0 0.63203125 0.621875 0.0390625 0.03125
0 0.59140625 0.62421875 0.04375 0.03125
0 0.54296875 0.62109375 0.04375 0.0328125
0 0.4984375 0.62421875 0.04375 0.034375
0 0.44921875 0.62578125 0.04375 0.0296875
0 0.40078125 0.62578125 0.0390625 0.03125
0 0.3515625 0.6203125 0.0421875 0.034375
0 0.30703125 0.61875 0.04375 0.03125
0 0.25234375 0.6171875 0.04375 0.034375
0 0.1921875 0.61484375 0.046875 0.0359375
0 0.07890625 0.578125 0.0515625 0.034375
0 0.15078125 0.5796875 0.046875 0.03125
0 0.22734375 0.58515625 0.04375 0.034375
0 0.765625 0.565625 0.0375 0.0296875
0 0.74765625 0.5921875 0.0375 0.0296875
0 0.7 0.5953125 0.040625 0.03125
0 0.721875 0.5671875 0.0375 0.0328125
0 0.6734375 0.56328125 0.040625 0.03125
0 0.65390625 0.59140625 0.0375 0.03125
0 0.61015625 0.5953125 0.040625 0.0328125
0 0.565625 0.59609375 0.040625 0.0296875
0 0.5203125 0.59140625 0.0421875 0.028125
0 0.471875 0.5953125 0.04375 0.03125
0 0.425 0.59453125 0.0375 0.03125
0 0.37734375 0.59453125 0.046875 0.0328125
0 0.33359375 0.58984375 0.046875 0.03125
0 0.2796875 0.5828125 0.046875 0.0359375
0 0.6296875 0.5640625 0.0421875 0.0328125
0 0.5890625 0.56640625 0.0375 0.028125
0 0.54375 0.565625 0.0375 0.03125
0 0.49609375 0.56328125 0.040625 0.0296875
0 0.4515625 0.56875 0.0421875 0.03125
0 0.40625 0.56640625 0.0375 0.0296875
0 0.359375 0.56171875 0.046875 0.034375
0 0.309375 0.5578125 0.04375 0.03125
0 0.25234375 0.55546875 0.046875 0.0359375
0 0.1890625 0.5515625 0.046875 0.0375
0 0.11953125 0.54765625 0.046875 0.040625
0 0.075 0.5125 0.046875 0.0375
0 0.15703125 0.51640625 0.05 0.0359375
0 0.9703125 0.53515625 0.0421875 0.025
0 0.93125 0.54453125 0.0375 0.03125
0 0.8828125 0.5453125 0.0375 0.03125
0 0.8390625 0.54296875 0.040625 0.03125
0 0.7921875 0.5375 0.040625 0.028125
0 0.74609375 0.5390625 0.0359375 0.0328125
0 0.7015625 0.540625 0.0390625 0.0328125
0 0.65546875 0.534375 0.0421875 0.0328125
0 0.60859375 0.5359375 0.0359375 0.03125
0 0.56875 0.53671875 0.0390625 0.0296875
0 0.52109375 0.53359375 0.04375 0.0296875
0 0.4734375 0.5328125 0.040625 0.034375
0 0.42890625 0.53671875 0.04375 0.03125
0 0.384375 0.5375 0.040625 0.03125
0 0.3375 0.5296875 0.0421875 0.0328125
0 0.28203125 0.52421875 0.04375 0.0328125
0 0.21953125 0.52578125 0.04375 0.0375
0 0.95 0.5125 0.0375 0.025
0 0.9765625 0.4859375 0.0421875 0.028125
0 0.92421875 0.4890625 0.040625 0.028125
0 0.90546875 0.5171875 0.0390625 0.028125
0 0.8640625 0.51953125 0.040625 0.03125
0 0.88203125 0.4890625 0.040625 0.0328125
0 0.83671875 0.4859375 0.040625 0.028125
0 0.8125 0.515625 0.0375 0.0328125
0 0.7921875 0.484375 0.0375 0.03125
0 0.76640625 0.509375 0.0375 0.0296875
0 0.74296875 0.48125 0.040625 0.0296875
0 0.72109375 0.51015625 0.0375 0.03125
0 0.70234375 0.48359375 0.0375 0.034375
0 0.67734375 0.5078125 0.0375 0.028125
0 0.63359375 0.50859375 0.0375 0.034375
0 0.6578125 0.48125 0.04375 0.0328125
0 0.61171875 0.4765625 0.0375 0.034375
0 0.58828125 0.50703125 0.0375 0.0296875
0 0.54453125 0.509375 0.0375 0.0296875
0 0.56953125 0.48125 0.0375 0.0328125
0 0.52265625 0.47578125 0.0375 0.0296875
0 0.4984375 0.5046875 0.0375 0.03125
0 0.45390625 0.503125 0.0375 0.03125
0 0.47265625 0.47734375 0.0390625 0.034375
0 0.43046875 0.47578125 0.0375 0.03125
0 0.41015625 0.50703125 0.0375 0.028125
0 0.36640625 0.50546875 0.0421875 0.03125
0 0.38984375 0.475 0.0390625 0.028125
0 0.3390625 0.46953125 0.04375 0.034375
0 0.309375 0.4984375 0.04375 0.034375
0 0.2515625 0.49296875 0.04375 0.034375
0 0.1875 0.48984375 0.04375 0.034375
0 0.1203125 0.4828125 0.04375 0.0375
0 0.2203125 0.46328125 0.04375 0.034375
0 0.14921875 0.45234375 0.0421875 0.03125
0 0.06328125 0.44453125 0.046875 0.034375
0 0.27890625 0.4640625 0.046875 0.03125
0 0.94765625 0.46171875 0.040625 0.028125
0 0.97734375 0.43125 0.04375 0.0265625
0 0.928125 0.43359375 0.0421875 0.03125
0 0.90703125 0.4609375 0.040625 0.03125
0 0.88046875 0.434375 0.0390625 0.03125
0 0.85625 0.45859375 0.0390625 0.0296875
0 0.83515625 0.4328125 0.0421875 0.028125
0 0.8125 0.45703125 0.040625 0.028125
0 0.7875 0.42890625 0.040625 0.0265625
0 0.76796875 0.45546875 0.0375 0.03125
0 0.74296875 0.4265625 0.04375 0.03125
0 0.7234375 0.45625 0.0375 0.0296875
0 0.69921875 0.4234375 0.04375 0.03125
0 0.67734375 0.4515625 0.04375 0.03125
0 0.6578125 0.4234375 0.04375 0.0296875
0 0.63359375 0.4453125 0.040625 0.0296875
0 0.61328125 0.42109375 0.0390625 0.03125
0 0.590625 0.44765625 0.040625 0.03125
0 0.54375 0.44921875 0.0421875 0.03125
0 0.4984375 0.44765625 0.040625 0.0328125
0 0.45390625 0.43984375 0.040625 0.03125
0 0.5703125 0.4203125 0.0390625 0.0328125
0 0.5203125 0.4203125 0.04375 0.034375
0 0.47734375 0.41640625 0.040625 0.03125
0 0.4296875 0.40703125 0.0421875 0.03125
0 0.4109375 0.44609375 0.040625 0.03125
0 0.3625 0.440625 0.046875 0.03125
0 0.38671875 0.4125 0.0421875 0.0296875
0 0.3046875 0.4359375 0.04375 0.028125
0 0.334375 0.409375 0.0421875 0.03125
0 0.27890625 0.4015625 0.046875 0.034375
0 0.2484375 0.42421875 0.046875 0.0296875
0 0.184375 0.42265625 0.0453125 0.034375
0 0.2171875 0.39296875 0.046875 0.034375
0 0.1265625 0.41796875 0.0453125 0.0328125
0 0.05390625 0.3734375 0.05 0.0375
0 0.15390625 0.3890625 0.046875 0.034375
0 0.94921875 0.403125 0.040625 0.03125
0 0.96796875 0.37265625 0.040625 0.03125
0 0.9203125 0.37734375 0.0390625 0.0296875
0 0.90078125 0.403125 0.040625 0.03125
0 0.8546875 0.40390625 0.0421875 0.03125
0 0.8109375 0.4015625 0.040625 0.03125
0 0.765625 0.40234375 0.0390625 0.028125
0 0.7203125 0.396875 0.040625 0.03125
0 0.67578125 0.3921875 0.0421875 0.034375
0 0.63515625 0.39140625 0.040625 0.034375
0 0.59375 0.3875 0.040625 0.03125
0 0.5484375 0.38984375 0.04375 0.0328125
0 0.49921875 0.38671875 0.04375 0.0328125
0 0.4515625 0.37890625 0.0421875 0.03125
0 0.40546875 0.3796875 0.0421875 0.0328125
0 0.36015625 0.37890625 0.04375 0.03125
0 0.3 0.36640625 0.046875 0.03125
0 0.25 0.36328125 0.0453125 0.0328125
0 0.1859375 0.3609375 0.05 0.034375
0 0.12578125 0.35390625 0.0453125 0.0375
0 0.8765625 0.375 0.0390625 0.028125
0 0.94140625 0.34609375 0.034375 0.03125
0 0.89609375 0.34453125 0.0421875 0.0328125
0 0.85078125 0.34296875 0.040625 0.034375
0 0.83125 0.3734375 0.04375 0.0359375
0 0.80546875 0.34765625 0.040625 0.03125
0 0.7859375 0.37734375 0.0390625 0.028125
0 0.74375 0.3765625 0.0390625 0.034375
0 0.75859375 0.3484375 0.04375 0.03125
0 0.7171875 0.3453125 0.04375 0.03125
0 0.69609375 0.3703125 0.0390625 0.03125
0 0.653125 0.36640625 0.0421875 0.028125
0 0.67265625 0.33828125 0.040625 0.028125
0 0.6296875 0.33515625 0.040625 0.03125
0 0.6125 0.36328125 0.0421875 0.028125
0 0.5890625 0.3296875 0.0375 0.0296875
0 0.5703125 0.359375 0.040625 0.0296875
0 0.52265625 0.36015625 0.04375 0.03125
0 0.5421875 0.33125 0.0421875 0.03125
0 0.496875 0.3265625 0.040625 0.028125
0 0.475 0.35546875 0.0421875 0.03125
0 0.45 0.32109375 0.04375 0.03125
0 0.42734375 0.34765625 0.04375 0.0328125
0 0.4 0.3125 0.04375 0.0328125
0 0.3796875 0.34609375 0.04375 0.034375
0 0.32578125 0.3390625 0.0484375 0.0375
0 0.35078125 0.30234375 0.0453125 0.03125
0 0.27421875 0.3328125 0.04375 0.0359375
0 0.30078125 0.30703125 0.046875 0.034375
0 0.21484375 0.3296875 0.0484375 0.034375
0 0.24296875 0.29453125 0.04375 0.0328125
0 0.18671875 0.2953125 0.046875 0.0359375
0 0.1515625 0.321875 0.04375 0.0359375
0 0.128125 0.29140625 0.0453125 0.0359375
0 0.03984375 0.30234375 0.046875 0.034375
0 0.02578125 0.22578125 0.04375 0.0375
0 0.9609375 0.31953125 0.0421875 0.03125
0 0.93046875 0.2859375 0.040625 0.028125
0 0.91015625 0.3171875 0.04375 0.0296875
0 0.88828125 0.28359375 0.040625 0.0296875
0 0.86484375 0.315625 0.0390625 0.03125
0 0.83671875 0.2921875 0.040625 0.03125
0 0.821875 0.3203125 0.040625 0.03125
0 0.7796875 0.32109375 0.04375 0.0296875
0 0.7921875 0.29296875 0.040625 0.034375
0 0.809375 0.2609375 0.04375 0.03125
0 0.76640625 0.26015625 0.040625 0.03125
0 0.72421875 0.253125 0.0375 0.028125
0 0.7515625 0.290625 0.034375 0.028125
0 0.734375 0.31953125 0.0375 0.028125
0 0.7046875 0.28359375 0.0375 0.028125
0 0.68984375 0.3109375 0.040625 0.03125
0 0.66328125 0.2828125 0.0375 0.028125
0 0.6796875 0.25625 0.040625 0.0265625
0 0.63984375 0.2515625 0.0390625 0.028125
0 0.62265625 0.27890625 0.0421875 0.028125
0 0.60390625 0.30546875 0.040625 0.03125
0 0.57890625 0.275 0.040625 0.03125
0 0.59765625 0.25 0.040625 0.028125
0 0.55234375 0.24921875 0.0375 0.028125
0 0.53359375 0.2734375 0.040625 0.028125
0 0.56171875 0.30546875 0.0375 0.028125
0 0.5171875 0.3015625 0.040625 0.0265625
0 0.509375 0.24140625 0.0375 0.025
0 0.48828125 0.2640625 0.040625 0.028125
0 0.46796875 0.2953125 0.040625 0.03125
0 0.4390625 0.2578125 0.040625 0.028125
0 0.459375 0.2328125 0.04375 0.03125
0 0.4203125 0.2828125 0.046875 0.034375
0 0.36875 0.27265625 0.0421875 0.03125
0 0.38984375 0.24921875 0.0421875 0.03125
0 0.41015625 0.22109375 0.04375 0.03125
0 0.3609375 0.2140625 0.0390625 0.03125
0 0.33984375 0.240625 0.040625 0.028125
0 0.315625 0.265625 0.04375 0.0359375
0 0.2890625 0.23515625 0.0453125 0.034375
0 0.3125 0.2046875 0.040625 0.034375
0 0.2625 0.19921875 0.0453125 0.0328125
0 0.23828125 0.2328125 0.04375 0.034375
0 0.26953125 0.2703125 0.0453125 0.034375
0 0.21328125 0.2640625 0.046875 0.0359375
0 0.18125 0.2265625 0.046875 0.034375
0 0.209375 0.19296875 0.04375 0.03125
0 0.15390625 0.1921875 0.04375 0.0359375
0 0.08828125 0.190625 0.04375 0.034375
0 0.128125 0.22421875 0.04375 0.0359375
0 0.1546875 0.25703125 0.0421875 0.03125