0 0.7359375 0.071875 0.06875 0.0765625
0 0.66328125 0.07265625 0.06875 0.075
0 0.771875 0.14296875 0.0640625 0.0734375
0 0.70234375 0.14140625 0.0703125 0.075
0 0.63125 0.14609375 0.065625 0.078125
0 0.8109375 0.2 0.0703125 0.0796875
0 0.7375 0.20703125 0.071875 0.08125
0 0.84140625 0.2671875 0.071875 0.071875
0 0.88359375 0.32890625 0.0734375 0.075
0 0.91015625 0.3953125 0.071875 0.075
0 0.94375 0.45625 0.0703125 0.0734375
0 0.965625 0.5234375 0.06875 0.06875
0 0.9515625 0.59609375 0.071875 0.0703125
0 0.8984375 0.5390625 0.071875 0.071875
0 0.86875 0.47578125 0.0703125 0.071875
0 0.840625 0.40625 0.06875 0.075
0 0.87109375 0.6015625 0.065625 0.065625
0 0.92265625 0.659375 0.071875 0.071875
0 0.80859375 0.34296875 0.06875 0.0734375
0 0.77109375 0.27578125 0.06875 0.071875
0 0.70390625 0.27421875 0.06875 0.075
0 0.7375 0.34296875 0.0703125 0.0765625
0 0.76640625 0.4046875 0.06875 0.075
0 0.80078125 0.46875 0.071875 0.071875
0 0.83125 0.534375 0.071875 0.075
0 0.79921875 0.596875 0.06875 0.071875
0 0.84609375 0.66953125 0.071875 0.0703125
0 0.89375 0.72421875 0.0703125 0.071875
0 0.85546875 0.7828125 0.06875 0.0734375
0 0.81796875 0.83515625 0.0625 0.0703125
0 0.7796875 0.89453125 0.065625 0.06875
0 0.734375 0.94296875 0.065625 0.06875
0 0.596875 0.0484375 0.065625 0.08125
0 0.5328125 0.078125 0.06875 0.075
0 0.46484375 0.0765625 0.0734375 0.075
0 0.5640625 0.1515625 0.06875 0.078125
0 0.5984375 0.2140625 0.075 0.0765625
0 0.665625 0.2109375 0.071875 0.075
0 0.63359375 0.27734375 0.065625 0.0734375
0 0.66640625 0.3421875 0.071875 0.0765625
0 0.69921875 0.4046875 0.065625 0.075
0 0.7296875 0.46875 0.071875 0.075
0 0.7625 0.5328125 0.071875 0.0765625
0 0.73359375 0.59765625 0.06875 0.0734375
0 0.7765625 0.66796875 0.0734375 0.0765625
0 0.81015625 0.7265625 0.06875 0.0734375
0 0.771875 0.78515625 0.06875 0.06875
0 0.72421875 0.8296875 0.0640625 0.065625
0 0.68984375 0.88984375 0.065625 0.065625
0 0.66171875 0.94609375 0.0609375 0.065625
0 0.49609375 0.15078125 0.065625 0.0734375
0 0.53046875 0.21640625 0.065625 0.0703125
0 0.56328125 0.28125 0.0703125 0.0734375
0 0.59609375 0.340625 0.0640625 0.0703125
0 0.63046875 0.40703125 0.071875 0.075
0 0.66328125 0.471875 0.065625 0.075
0 0.69375 0.5328125 0.06875 0.071875
0 0.66171875 0.59375 0.0640625 0.06875
0 0.703125 0.65625 0.0625 0.071875
0 0.7375 0.71953125 0.071875 0.065625
0 0.40625 0.03671875 0.06875 0.0703125
0 0.428125 0.14609375 0.0625 0.06875
0 0.4609375 0.21328125 0.06875 0.06875
0 0.4953125 0.28125 0.06875 0.071875
0 0.528125 0.34296875 0.065625 0.071875
0 0.56171875 0.4078125 0.06875 0.0734375
0 0.59375 0.46875 0.06875 0.071875
0 0.62890625 0.5296875 0.06875 0.075
0 0.34140625 0.0734375 0.065625 0.08125
0 0.36015625 0.15 0.071875 0.075
0 0.39140625 0.2140625 0.065625 0.075
0 0.42734375 0.28125 0.065625 0.075
0 0.46015625 0.34296875 0.0640625 0.071875
0 0.496875 0.40625 0.071875 0.071875
0 0.528125 0.46640625 0.06875 0.071875
0 0.5609375 0.5296875 0.06875 0.075
0 0.59453125 0.59140625 0.0625 0.075
0 0.62890625 0.6515625 0.0625 0.071875
0 0.6609375 0.709375 0.065625 0.06875
0 0.69765625 0.77421875 0.065625 0.06875
0 0.275 0.07578125 0.065625 0.0765625
0 0.2921875 0.1484375 0.065625 0.0765625
0 0.325 0.21484375 0.065625 0.071875
0 0.36328125 0.28046875 0.0625 0.06875
0 0.3921875 0.34296875 0.065625 0.071875
0 0.42734375 0.40546875 0.065625 0.075
0 0.46171875 0.46875 0.065625 0.075
0 0.4953125 0.52578125 0.0640625 0.0703125
0 0.52734375 0.5890625 0.06875 0.075
0 0.5609375 0.6484375 0.065625 0.0703125
0 0.5921875 0.7109375 0.065625 0.06875
0 0.62578125 0.76796875 0.065625 0.071875
0 0.65546875 0.8296875 0.065625 0.0703125
0 0.22421875 0.1265625 0.06875 0.075
0 0.25546875 0.2109375 0.065625 0.075
0 0.290625 0.27578125 0.065625 0.071875
0 0.3265625 0.34296875 0.06875 0.075
0 0.3625 0.4046875 0.065625 0.071875
0 0.3921875 0.46875 0.06875 0.071875
0 0.42734375 0.52734375 0.065625 0.06875
0 0.46171875 0.5859375 0.065625 0.071875
0 0.49609375 0.646875 0.065625 0.06875
0 0.5265625 0.7109375 0.065625 0.06875
0 0.55703125 0.76796875 0.0640625 0.065625
0 0.590625 0.828125 0.0625 0.065625
0 0.6234375 0.8859375 0.0640625 0.065625
0 0.18359375 0.1890625 0.06875 0.0734375
0 0.221875 0.27421875 0.0609375 0.075
0 0.259375 0.34140625 0.06875 0.071875
0 0.29375 0.403125 0.071875 0.075
0 0.3265625 0.465625 0.06875 0.071875
0 0.36328125 0.528125 0.0625 0.075
0 0.38828125 0.59296875 0.06875 0.071875
0 0.43125 0.64765625 0.071875 0.06875
0 0.4625 0.7015625 0.0625 0.071875
0 0.49375 0.76796875 0.065625 0.06875
0 0.5265625 0.82265625 0.065625 0.06875
0 0.55859375 0.8890625 0.065625 0.075
0 0.6 0.95546875 0.071875 0.0734375
0 0.15859375 0.25703125 0.0703125 0.06875
0 0.19140625 0.33828125 0.065625 0.0734375
0 0.125 0.32109375 0.065625 0.0734375
0 0.09296875 0.38125 0.0640625 0.075
0 0.16171875 0.3984375 0.0625 0.0703125
0 0.22734375 0.403125 0.0640625 0.06875
0 0.26015625 0.46640625 0.0625 0.071875
0 0.2953125 0.5265625 0.06875 0.0703125
0 0.3265625 0.58671875 0.0640625 0.06875
0 0.35859375 0.65 0.0625 0.06875
0 0.39609375 0.70546875 0.065625 0.0734375
0 0.43125 0.7640625 0.065625 0.0703125
0 0.459375 0.8265625 0.0640625 0.06875
0 0.49453125 0.88046875 0.0625 0.06875
0 0.53359375 0.94140625 0.059375 0.06875
0 0.19375 0.46171875 0.065625 0.0703125
0 0.23046875 0.5265625 0.06875 0.071875
0 0.259375 0.58984375 0.06875 0.06875
0 0.290625 0.64921875 0.0625 0.065625
0 0.32421875 0.7109375 0.0625 0.06875
0 0.3640625 0.76484375 0.0640625 0.065625
0 0.396875 0.8234375 0.065625 0.06875
0 0.428125 0.88515625 0.065625 0.06875
0 0.46875 0.9421875 0.0640625 0.065625
0 0.128125 0.46015625 0.0625 0.0703125
0 0.16875 0.52578125 0.0625 0.06875
0 0.190625 0.59296875 0.06875 0.071875
0 0.2265625 0.6484375 0.0609375 0.065625
0 0.2578125 0.7109375 0.0625 0.06875
0 0.28984375 0.77109375 0.065625 0.065625
0 0.3328125 0.81875 0.0625 0.0703125
0 0.365625 0.88203125 0.0625 0.06875
0 0.40703125 0.94140625 0.0625 0.065625
0 0.0640625 0.44296875 0.065625 0.065625
0 0.040625 0.50625 0.0609375 0.0703125
0 0.1 0.51796875 0.0640625 0.06875
0 0.1265625 0.5859375 0.059375 0.0703125
0 0.0609375 0.58203125 0.0640625 0.071875
0 0.16171875 0.64609375 0.059375 0.06875
0 0.09609375 0.64140625 0.0625 0.06875
0 0.1296875 0.70859375 0.0640625 0.06875
0 0.1953125 0.70625 0.06875 0.065625
0 0.2265625 0.76953125 0.0625 0.06875
0 0.1640625 0.76875 0.0625 0.06875
0 0.2640625 0.82421875 0.0625 0.065625
0 0.1984375 0.83046875 0.0625 0.06875
0 0.23828125 0.8890625 0.065625 0.06875
0 0.30703125 0.871875 0.0640625 0.065625
0 0.34453125 0.94296875 0.0609375 0.06875
0 0.28125 0.9390625 0.0640625 0.065625