0 0.071875 0.2640625 0.0765625 0.06875
0 0.07265625 0.33671875 0.075 0.06875
0 0.14296875 0.228125 0.0734375 0.0640625
0 0.14140625 0.29765625 0.075 0.0703125
0 0.14609375 0.36875 0.078125 0.065625
0 0.2 0.1890625 0.0796875 0.0703125
0 0.20703125 0.2625 0.08125 0.071875
0 0.2671875 0.15859375 0.071875 0.071875
0 0.32890625 0.11640625 0.075 0.0734375
0 0.3953125 0.08984375 0.075 0.071875
0 0.45625 0.05625 0.0734375 0.0703125
0 0.5234375 0.034375 0.06875 0.06875
0 0.59609375 0.0484375 0.0703125 0.071875
0 0.5390625 0.1015625 0.071875 0.071875
0 0.47578125 0.13125 0.071875 0.0703125
0 0.40625 0.159375 0.075 0.06875
0 0.6015625 0.12890625 0.065625 0.065625
0 0.659375 0.07734375 0.071875 0.071875
0 0.34296875 0.19140625 0.0734375 0.06875
0 0.27578125 0.22890625 0.071875 0.06875
0 0.27421875 0.29609375 0.075 0.06875
0 0.34296875 0.2625 0.0765625 0.0703125
0 0.4046875 0.23359375 0.075 0.06875
0 0.46875 0.19921875 0.071875 0.071875
0 0.534375 0.16875 0.075 0.071875
0 0.596875 0.20078125 0.071875 0.06875
0 0.66953125 0.15390625 0.0703125 0.071875
0 0.72421875 0.10625 0.071875 0.0703125
0 0.7828125 0.14453125 0.0734375 0.06875
0 0.83515625 0.18203125 0.0703125 0.0625
0 0.89453125 0.2203125 0.06875 0.065625
0 0.94296875 0.265625 0.06875 0.065625
0 0.0484375 0.403125 0.08125 0.065625
0 0.078125 0.4671875 0.075 0.06875
0 0.0765625 0.53515625 0.075 0.0734375
0 0.1515625 0.4359375 0.078125 0.06875
0 0.2140625 0.4015625 0.0765625 0.075
0 0.2109375 0.334375 0.075 0.071875
0 0.27734375 0.36640625 0.0734375 0.065625
0 0.3421875 0.33359375 0.0765625 0.071875
0 0.4046875 0.30078125 0.075 0.065625
0 0.46875 0.2703125 0.075 0.071875
0 0.5328125 0.2375 0.0765625 0.071875
0 0.59765625 0.26640625 0.0734375 0.06875
0 0.66796875 0.2234375 0.0765625 0.0734375
0 0.7265625 0.18984375 0.0734375 0.06875
0 0.78515625 0.228125 0.06875 0.06875
0 0.8296875 0.27578125 0.065625 0.0640625
0 0.88984375 0.31015625 0.065625 0.065625
0 0.94609375 0.33828125 0.065625 0.0609375
0 0.15078125 0.50390625 0.0734375 0.065625
0 0.21640625 0.46953125 0.0703125 0.065625
0 0.28125 0.43671875 0.0734375 0.0703125
0 0.340625 0.40390625 0.0703125 0.0640625
0 0.40703125 0.36953125 0.075 0.071875
0 0.471875 0.33671875 0.075 0.065625
0 0.5328125 0.30625 0.071875 0.06875
0 0.59375 0.33828125 0.06875 0.0640625
0 0.65625 0.296875 0.071875 0.0625
0 0.71953125 0.2625 0.065625 0.071875
0 0.03671875 0.59375 0.0703125 0.06875
0 0.14609375 0.571875 0.06875 0.0640625
0 0.21328125 0.5390625 0.06875 0.06875
0 0.28125 0.5046875 0.071875 0.06875
0 0.34296875 0.471875 0.071875 0.065625
0 0.4078125 0.43828125 0.0734375 0.06875
0 0.46875 0.40625 0.071875 0.06875
0 0.5296875 0.37109375 0.075 0.06875
0 0.0734375 0.65859375 0.08125 0.065625
0 0.15 0.63984375 0.075 0.071875
0 0.2140625 0.60859375 0.075 0.065625
0 0.28125 0.57265625 0.075 0.065625
0 0.34296875 0.53984375 0.071875 0.0640625
0 0.40625 0.503125 0.071875 0.071875
0 0.46640625 0.471875 0.071875 0.06875
0 0.5296875 0.4390625 0.075 0.06875
0 0.59140625 0.40546875 0.075 0.0625
0 0.6515625 0.37109375 0.071875 0.0625
0 0.709375 0.3390625 0.06875 0.065625
0 0.77421875 0.30234375 0.06875 0.065625
0 0.07578125 0.725 0.0765625 0.065625
0 0.1484375 0.7078125 0.0765625 0.0671875
0 0.21484375 0.675 0.071875 0.065625
0 0.28046875 0.63671875 0.06875 0.0625
0 0.34296875 0.6078125 0.071875 0.065625
0 0.40546875 0.57265625 0.075 0.065625
0 0.46875 0.53828125 0.075 0.065625
0 0.52578125 0.5046875 0.0703125 0.0640625
0 0.5890625 0.47265625 0.075 0.06875
0 0.6484375 0.4390625 0.0703125 0.065625
0 0.7109375 0.4078125 0.06875 0.065625
0 0.76796875 0.37421875 0.071875 0.065625
0 0.8296875 0.34453125 0.0703125 0.065625
0 0.1265625 0.77578125 0.075 0.06875
0 0.2109375 0.74453125 0.075 0.065625
0 0.27578125 0.709375 0.071875 0.065625
0 0.34296875 0.6734375 0.075 0.06875
0 0.4046875 0.6375 0.071875 0.065625
0 0.46875 0.6078125 0.071875 0.06875
0 0.52734375 0.57265625 0.06875 0.065625
0 0.5859375 0.53828125 0.071875 0.065625
0 0.646875 0.50390625 0.06875 0.065625
0 0.7109375 0.4734375 0.06875 0.065625
0 0.76796875 0.44296875 0.065625 0.0640625
0 0.828125 0.409375 0.065625 0.0625
0 0.8859375 0.3765625 0.065625 0.0640625
0 0.1890625 0.81640625 0.0734375 0.06875
0 0.27421875 0.778125 0.075 0.0609375
0 0.34140625 0.740625 0.071875 0.06875
0 0.403125 0.70625 0.075 0.071875
0 0.465625 0.6734375 0.071875 0.06875
0 0.528125 0.63671875 0.075 0.0625
0 0.59296875 0.61171875 0.071875 0.06875
0 0.64765625 0.56875 0.06875 0.071875
0 0.7015625 0.5375 0.071875 0.0625
0 0.76796875 0.50625 0.06875 0.065625
0 0.82265625 0.4734375 0.06875 0.065625
0 0.8890625 0.44140625 0.075 0.065625
0 0.95546875 0.4 0.0734375 0.071875
0 0.25703125 0.84140625 0.06875 0.0703125
0 0.33828125 0.80859375 0.0734375 0.065625
0 0.32109375 0.875 0.0734375 0.065625
0 0.38125 0.90703125 0.075 0.0640625
0 0.3984375 0.83828125 0.0703125 0.0625
0 0.403125 0.77265625 0.06875 0.0640625
0 0.46640625 0.73984375 0.071875 0.0625
0 0.5265625 0.7046875 0.0703125 0.06875
0 0.58671875 0.6734375 0.06875 0.0640625
0 0.65 0.64140625 0.06875 0.0625
0 0.70546875 0.60390625 0.0734375 0.065625
0 0.7640625 0.56875 0.0703125 0.065625
0 0.8265625 0.540625 0.06875 0.0640625
0 0.88046875 0.50546875 0.06875 0.0625
0 0.94140625 0.46640625 0.06875 0.059375
0 0.46171875 0.80625 0.0703125 0.065625
0 0.5265625 0.76953125 0.071875 0.06875
0 0.58984375 0.740625 0.06875 0.06875
0 0.64921875 0.709375 0.065625 0.0625
0 0.7109375 0.67578125 0.06875 0.0625
0 0.76484375 0.6359375 0.065625 0.0640625
0 0.8234375 0.603125 0.06875 0.065625
0 0.88515625 0.571875 0.06875 0.065625
0 0.9421875 0.53125 0.065625 0.0640625
0 0.46015625 0.871875 0.0703125 0.0625
0 0.52578125 0.83125 0.06875 0.0625
0 0.59296875 0.809375 0.071875 0.06875
0 0.6484375 0.7734375 0.065625 0.0609375
0 0.7109375 0.7421875 0.06875 0.0625
0 0.77109375 0.71015625 0.065625 0.065625
0 0.81875 0.6671875 0.0703125 0.0625
0 0.88203125 0.634375 0.06875 0.0625
0 0.94140625 0.59296875 0.065625 0.0625
0 0.44296875 0.9359375 0.065625 0.065625
0 0.50625 0.959375 0.0703125 0.0609375
0 0.51796875 0.9 0.06875 0.0640625
0 0.5859375 0.8734375 0.0703125 0.059375
0 0.58203125 0.9390625 0.071875 0.0640625
0 0.64609375 0.83828125 0.06875 0.059375
0 0.64140625 0.90390625 0.06875 0.0625
0 0.70859375 0.8703125 0.06875 0.0640625
0 0.70625 0.8046875 0.065625 0.06875
0 0.76953125 0.7734375 0.06875 0.0609375
0 0.76875 0.8359375 0.06875 0.0625
0 0.82421875 0.7359375 0.065625 0.0625
0 0.83046875 0.8015625 0.06875 0.0625
0 0.8890625 0.76171875 0.06875 0.0671875
0 0.871875 0.69296875 0.065625 0.0640625
0 0.94296875 0.65546875 0.06875 0.0609375
0 0.9390625 0.71875 0.065625 0.0640625