0 0.928125 0.7359375 0.0765625 0.06875
0 0.92734375 0.66328125 0.075 0.06875
0 0.85703125 0.771875 0.0734375 0.0640625
0 0.85859375 0.70234375 0.075 0.0703125
0 0.85390625 0.63125 0.078125 0.065625
0 0.8 0.8109375 0.0796875 0.0703125
0 0.79296875 0.7375 0.08125 0.071875
0 0.7328125 0.84140625 0.071875 0.071875
0 0.67109375 0.88359375 0.075 0.0734375
0 0.6046875 0.91015625 0.075 0.0734375
0 0.54375 0.94375 0.0734375 0.0703125
0 0.4765625 0.965625 0.06875 0.06875
0 0.40390625 0.9515625 0.0703125 0.071875
0 0.4609375 0.8984375 0.071875 0.071875
0 0.52421875 0.86875 0.071875 0.0703125
0 0.59375 0.840625 0.075 0.06875
0 0.3984375 0.87109375 0.065625 0.065625
0 0.340625 0.92265625 0.071875 0.071875
0 0.65703125 0.80859375 0.0734375 0.06875
0 0.72421875 0.77109375 0.071875 0.06875
0 0.72578125 0.70390625 0.075 0.06875
0 0.65703125 0.7375 0.0765625 0.0703125
0 0.5953125 0.76640625 0.075 0.06875
0 0.53125 0.80078125 0.071875 0.071875
0 0.465625 0.83125 0.075 0.071875
0 0.403125 0.79921875 0.071875 0.06875
0 0.33046875 0.84609375 0.0703125 0.071875
0 0.27578125 0.89375 0.071875 0.0703125
0 0.2171875 0.85546875 0.0734375 0.06875
0 0.16484375 0.81796875 0.0703125 0.0640625
0 0.10546875 0.7796875 0.06875 0.0671875
0 0.05703125 0.734375 0.06875 0.065625
0 0.9515625 0.596875 0.08125 0.065625
0 0.921875 0.5328125 0.075 0.06875
0 0.9234375 0.46484375 0.075 0.0734375
0 0.8484375 0.5640625 0.078125 0.06875
0 0.7859375 0.5984375 0.0765625 0.075
0 0.7890625 0.665625 0.075 0.071875
0 0.72265625 0.63359375 0.0734375 0.065625
0 0.6578125 0.66640625 0.0765625 0.071875
0 0.5953125 0.69921875 0.075 0.065625
0 0.53125 0.7296875 0.075 0.071875
0 0.4671875 0.7625 0.0765625 0.071875
0 0.40234375 0.73359375 0.0734375 0.06875
0 0.33203125 0.7765625 0.0765625 0.0734375
0 0.2734375 0.81015625 0.0734375 0.0671875
0 0.21484375 0.771875 0.06875 0.06875
0 0.1703125 0.72421875 0.065625 0.0640625
0 0.11015625 0.68984375 0.065625 0.065625
0 0.05390625 0.66171875 0.065625 0.0609375
0 0.84921875 0.49609375 0.0734375 0.065625
0 0.78359375 0.53046875 0.0703125 0.065625
0 0.71875 0.56328125 0.0734375 0.0703125
0 0.659375 0.59609375 0.0703125 0.0640625
0 0.59296875 0.63046875 0.075 0.071875
0 0.528125 0.66328125 0.075 0.065625
0 0.4671875 0.69375 0.071875 0.06875
0 0.40625 0.66171875 0.06875 0.0640625
0 0.34375 0.703125 0.071875 0.0625
0 0.28046875 0.7375 0.065625 0.071875
0 0.96328125 0.40625 0.0703125 0.06875
0 0.85390625 0.428125 0.06875 0.0625
0 0.78671875 0.4609375 0.06875 0.06875
0 0.71875 0.4953125 0.071875 0.06875
0 0.65703125 0.528125 0.071875 0.065625
0 0.5921875 0.56171875 0.0734375 0.06875
0 0.53125 0.59375 0.071875 0.06875
0 0.4703125 0.62890625 0.075 0.06875
0 0.9265625 0.34140625 0.08125 0.065625
0 0.85 0.36015625 0.075 0.071875
0 0.7859375 0.39140625 0.075 0.065625
0 0.71875 0.42734375 0.075 0.065625
0 0.65703125 0.46015625 0.071875 0.0640625
0 0.59375 0.496875 0.071875 0.071875
0 0.53359375 0.528125 0.071875 0.06875
0 0.4703125 0.5609375 0.075 0.06875
0 0.40859375 0.59453125 0.075 0.0625
0 0.3484375 0.62890625 0.071875 0.0625
0 0.290625 0.6609375 0.06875 0.065625
0 0.22578125 0.69765625 0.06875 0.065625
0 0.92421875 0.275 0.0765625 0.065625
0 0.8515625 0.2921875 0.0765625 0.065625
0 0.78515625 0.325 0.071875 0.065625
0 0.71953125 0.36328125 0.06875 0.0625
0 0.65703125 0.3921875 0.071875 0.065625
0 0.59453125 0.42734375 0.075 0.065625
0 0.53125 0.46171875 0.075 0.065625
0 0.47421875 0.4953125 0.0703125 0.0640625
0 0.4109375 0.52734375 0.075 0.06875
0 0.3515625 0.5609375 0.0703125 0.065625
0 0.2890625 0.5921875 0.06875 0.065625
0 0.23203125 0.62578125 0.071875 0.065625
0 0.1703125 0.65546875 0.0703125 0.065625
0 0.8734375 0.22421875 0.075 0.06875
0 0.7890625 0.25546875 0.075 0.065625
0 0.72421875 0.290625 0.071875 0.065625
0 0.65703125 0.3265625 0.075 0.06875
0 0.5953125 0.3625 0.071875 0.065625
0 0.53125 0.3921875 0.071875 0.06875
0 0.47265625 0.42734375 0.06875 0.065625
0 0.4140625 0.46171875 0.071875 0.065625
0 0.353125 0.49609375 0.06875 0.065625
0 0.2890625 0.5265625 0.06875 0.065625
0 0.23203125 0.55703125 0.065625 0.0640625
0 0.171875 0.590625 0.065625 0.0625
0 0.1140625 0.6234375 0.065625 0.0640625
0 0.8109375 0.18359375 0.0734375 0.06875
0 0.72578125 0.221875 0.075 0.0609375
0 0.65859375 0.259375 0.071875 0.06875
0 0.596875 0.29375 0.075 0.071875
0 0.534375 0.3265625 0.071875 0.06875
0 0.471875 0.36328125 0.075 0.0625
0 0.40703125 0.38828125 0.071875 0.06875
0 0.35234375 0.43125 0.06875 0.071875
0 0.2984375 0.4625 0.071875 0.0625
0 0.23203125 0.49375 0.06875 0.065625
0 0.17734375 0.5265625 0.06875 0.065625
0 0.1109375 0.55859375 0.075 0.065625
0 0.04453125 0.6 0.0734375 0.071875
0 0.74296875 0.15859375 0.06875 0.0703125
0 0.66171875 0.19140625 0.0734375 0.065625
0 0.67890625 0.125 0.0734375 0.065625
0 0.61875 0.09296875 0.075 0.0640625
0 0.6015625 0.16171875 0.0703125 0.0625
0 0.596875 0.22734375 0.06875 0.0640625
0 0.53359375 0.26015625 0.071875 0.0625
0 0.4734375 0.2953125 0.0703125 0.06875
0 0.41328125 0.3265625 0.06875 0.0640625
0 0.35 0.35859375 0.06875 0.0625
0 0.29453125 0.39609375 0.0734375 0.065625
0 0.2359375 0.43125 0.0703125 0.065625
0 0.1734375 0.459375 0.06875 0.0640625
0 0.11953125 0.49453125 0.06875 0.0625
0 0.05859375 0.53359375 0.06875 0.059375
0 0.53828125 0.19375 0.0703125 0.065625
0 0.4734375 0.23046875 0.071875 0.06875
0 0.41015625 0.259375 0.06875 0.06875
0 0.35078125 0.290625 0.065625 0.0625
0 0.2890625 0.32421875 0.06875 0.0625
0 0.23515625 0.3640625 0.065625 0.0640625
0 0.1765625 0.396875 0.06875 0.065625
0 0.11484375 0.428125 0.06875 0.065625
0 0.0578125 0.46875 0.065625 0.0640625
0 0.53984375 0.128125 0.0703125 0.0625
0 0.47421875 0.16875 0.06875 0.0625
0 0.40703125 0.190625 0.071875 0.06875
0 0.3515625 0.2265625 0.065625 0.0609375
0 0.2890625 0.2578125 0.06875 0.0625
0 0.22890625 0.28984375 0.065625 0.065625
0 0.18125 0.3328125 0.0703125 0.0625
0 0.11796875 0.365625 0.06875 0.0625
0 0.05859375 0.40703125 0.065625 0.0625
0 0.55703125 0.0640625 0.065625 0.065625
0 0.49375 0.040625 0.0703125 0.0609375
0 0.48203125 0.1 0.06875 0.0640625
0 0.4140625 0.1265625 0.0703125 0.059375
0 0.41796875 0.0609375 0.071875 0.0640625
0 0.35390625 0.16171875 0.06875 0.059375
0 0.35859375 0.09609375 0.06875 0.0625
0 0.29140625 0.1296875 0.06875 0.0640625
0 0.29375 0.1953125 0.065625 0.06875
0 0.23046875 0.2265625 0.06875 0.0625
0 0.23125 0.1640625 0.06875 0.0625
0 0.17578125 0.2640625 0.065625 0.0625
0 0.16953125 0.1984375 0.06875 0.0625
0 0.1109375 0.23828125 0.06875 0.065625
0 0.128125 0.30703125 0.065625 0.0640625
0 0.05703125 0.34453125 0.06875 0.0609375
0 0.0609375 0.28125 0.065625 0.0640625