0 0.8046875 0.56875 0.05625 0.078125
0 0.66875 0.15703125 0.053125 0.078125
0 0.6125 0.13984375 0.0609375 0.071875
0 0.5578125 0.1265625 0.053125 0.075
0 0.50625 0.11484375 0.05625 0.071875
0 0.453125 0.1046875 0.05625 0.075
0 0.4 0.09921875 0.0515625 0.071875
0 0.35 0.09609375 0.053125 0.06875
0 0.6921875 0.22578125 0.0546875 0.06875
0 0.628125 0.21640625 0.05625 0.071875
0 0.5734375 0.19765625 0.059375 0.075
0 0.51953125 0.184375 0.05625 0.071875
0 0.465625 0.17578125 0.05625 0.075
0 0.4125 0.16640625 0.05625 0.071875
0 0.3578125 0.1640625 0.053125 0.075
0 0.3078125 0.14765625 0.05 0.06875
0 0.71640625 0.2875 0.059375 0.075
0 0.653125 0.28046875 0.05625 0.071875
0 0.590625 0.26796875 0.05625 0.075
0 0.5359375 0.253125 0.05625 0.06875
0 0.4828125 0.24140625 0.053125 0.065625
0 0.428125 0.23671875 0.05625 0.071875
0 0.3765625 0.23125 0.053125 0.071875
0 0.321875 0.2171875 0.05 0.06875
0 0.2703125 0.19765625 0.0515625 0.075
0 0.7328125 0.3625 0.0546875 0.071875
0 0.67578125 0.346875 0.053125 0.075
0 0.615625 0.3328125 0.05625 0.06875
0 0.559375 0.32734375 0.05625 0.071875
0 0.50390625 0.31328125 0.053125 0.078125
0 0.45 0.30546875 0.05 0.075
0 0.3953125 0.29921875 0.0546875 0.078125
0 0.3375 0.2859375 0.05625 0.06875
0 0.28359375 0.26953125 0.053125 0.071875
0 0.234375 0.25078125 0.0546875 0.075
0 0.7625 0.42421875 0.05625 0.071875
0 0.6953125 0.41875 0.0578125 0.071875
0 0.6375 0.40625 0.05625 0.078125
0 0.58125 0.39296875 0.0578125 0.075
0 0.525 0.38515625 0.05625 0.075
0 0.4703125 0.371875 0.053125 0.078125
0 0.41484375 0.365625 0.053125 0.071875
0 0.3609375 0.35234375 0.053125 0.06875
0 0.3015625 0.340625 0.053125 0.065625
0 0.25 0.3265625 0.05 0.065625
0 0.203125 0.30859375 0.05 0.065625
0 0.778125 0.49921875 0.0609375 0.071875
0 0.7171875 0.4875 0.0546875 0.075
0 0.66015625 0.47734375 0.05625 0.078125
0 0.603125 0.46484375 0.05625 0.075
0 0.5453125 0.45 0.053125 0.078125
0 0.490625 0.4453125 0.0546875 0.06875
0 0.4375 0.43359375 0.05625 0.071875
0 0.3828125 0.42265625 0.053125 0.075
0 0.328125 0.4109375 0.0578125 0.078125
0 0.2765625 0.39921875 0.053125 0.078125
0 0.225 0.38828125 0.05 0.06875
0 0.1765625 0.36953125 0.0515625 0.071875
0 0.740625 0.56171875 0.05625 0.075
0 0.6828125 0.54921875 0.0578125 0.078125
0 0.6265625 0.540625 0.059375 0.078125
0 0.56875 0.528125 0.05625 0.071875
0 0.5140625 0.5171875 0.053125 0.075
0 0.4578125 0.50546875 0.053125 0.06875
0 0.40390625 0.49453125 0.05 0.078125
0 0.35078125 0.48203125 0.0515625 0.078125
0 0.2953125 0.47265625 0.0578125 0.075
0 0.2453125 0.4640625 0.053125 0.06875
0 0.19375 0.45 0.0515625 0.06875
0 0.1421875 0.42890625 0.053125 0.06875
0 0.7703125 0.63671875 0.059375 0.078125
0 0.70859375 0.62578125 0.05625 0.078125
0 0.64921875 0.6109375 0.05625 0.078125
0 0.590625 0.59921875 0.05625 0.078125
0 0.534375 0.58671875 0.05625 0.078125
0 0.4796875 0.57421875 0.053125 0.071875
0 0.425 0.5640625 0.053125 0.075
0 0.36875 0.5515625 0.05625 0.075
0 0.3171875 0.54140625 0.053125 0.075
0 0.2671875 0.52890625 0.05 0.06875
0 0.215625 0.51796875 0.053125 0.06875
0 0.15625 0.503125 0.05625 0.071875
0 0.734375 0.696875 0.0578125 0.078125
0 0.6703125 0.68359375 0.059375 0.084375
0 0.6109375 0.67109375 0.059375 0.075
0 0.55703125 0.6578125 0.05625 0.08125
0 0.4984375 0.6421875 0.053125 0.075
0 0.44375 0.63203125 0.05 0.08125
0 0.3859375 0.621875 0.059375 0.08125
0 0.334375 0.61171875 0.0515625 0.071875
0 0.2796875 0.596875 0.053125 0.078125
0 0.228125 0.584375 0.0546875 0.084375
0 0.1734375 0.57421875 0.053125 0.078125
0 0.696875 0.75703125 0.0609375 0.078125
0 0.634375 0.7421875 0.05625 0.084375
0 0.5765625 0.73046875 0.059375 0.08125
0 0.51953125 0.71484375 0.059375 0.084375
0 0.4625 0.70546875 0.05625 0.084375
0 0.40625 0.69296875 0.05625 0.084375
0 0.35234375 0.68203125 0.05625 0.078125
0 0.2984375 0.66796875 0.053125 0.08125
0 0.2453125 0.6546875 0.053125 0.075
0 0.1921875 0.63984375 0.053125 0.078125
0 0.66640625 0.82109375 0.059375 0.078125
0 0.5984375 0.80546875 0.0578125 0.08125
0 0.540625 0.79140625 0.05625 0.078125
0 0.48359375 0.77890625 0.05625 0.075
0 0.4265625 0.76953125 0.0546875 0.08125
0 0.371875 0.75546875 0.05625 0.075
0 0.31796875 0.73671875 0.05625 0.078125
0 0.2640625 0.725 0.053125 0.071875
0 0.209375 0.71328125 0.05625 0.075
0 0.634375 0.88671875 0.05625 0.08125
0 0.5609375 0.865625 0.059375 0.08125
0 0.503125 0.853125 0.05625 0.0875
0 0.446875 0.8421875 0.05625 0.075
0 0.38984375 0.828125 0.053125 0.078125
0 0.3359375 0.81484375 0.053125 0.078125
0 0.28515625 0.79609375 0.0546875 0.075
0 0.2296875 0.78359375 0.0578125 0.075
0 0.58671875 0.93828125 0.0625 0.084375
0 0.525 0.92578125 0.0578125 0.08125
0 0.46640625 0.91640625 0.0625 0.0875
0 0.4078125 0.903125 0.053125 0.071875
0 0.35625 0.8875 0.05625 0.078125
0 0.3015625 0.8828125 0.0546875 0.078125
0 0.2484375 0.85703125 0.059375 0.078125