0 0.1953125 0.56875 0.05625 0.078125
0 0.33125 0.15703125 0.053125 0.078125
0 0.3875 0.13984375 0.0609375 0.071875
0 0.4421875 0.1265625 0.053125 0.075
0 0.49375 0.11484375 0.05625 0.071875
0 0.546875 0.1046875 0.05625 0.075
0 0.6 0.09921875 0.0515625 0.071875
0 0.65 0.09609375 0.053125 0.06875
0 0.3078125 0.22578125 0.0546875 0.06875
0 0.371875 0.21640625 0.05625 0.071875
0 0.4265625 0.19765625 0.059375 0.075
0 0.48046875 0.184375 0.05625 0.071875
0 0.534375 0.17578125 0.05625 0.075
0 0.5875 0.16640625 0.05625 0.071875
0 0.6421875 0.1640625 0.053125 0.075
0 0.6921875 0.14765625 0.05 0.06875
0 0.28359375 0.2875 0.059375 0.075
0 0.346875 0.28046875 0.05625 0.071875
0 0.409375 0.26796875 0.05625 0.075
0 0.4640625 0.253125 0.05625 0.06875
0 0.5171875 0.24140625 0.053125 0.065625
0 0.571875 0.23671875 0.05625 0.071875
0 0.6234375 0.23125 0.053125 0.071875
0 0.678125 0.2171875 0.05 0.06875
0 0.7296875 0.19765625 0.0515625 0.075
0 0.2671875 0.3625 0.0546875 0.071875
0 0.32421875 0.346875 0.053125 0.075
0 0.384375 0.3328125 0.05625 0.06875
0 0.440625 0.32734375 0.05625 0.071875
0 0.49609375 0.31328125 0.053125 0.078125
0 0.55 0.30546875 0.05 0.075
0 0.6046875 0.29921875 0.0546875 0.078125
0 0.6625 0.2859375 0.05625 0.06875
0 0.71640625 0.26953125 0.053125 0.071875
0 0.765625 0.25078125 0.0546875 0.075
0 0.2375 0.42421875 0.05625 0.071875
0 0.3046875 0.41875 0.0578125 0.071875
0 0.3625 0.40625 0.05625 0.078125
0 0.41875 0.39296875 0.0578125 0.075
0 0.475 0.38515625 0.05625 0.075
0 0.5296875 0.371875 0.053125 0.078125
0 0.58515625 0.365625 0.053125 0.071875
0 0.6390625 0.35234375 0.053125 0.06875
0 0.6984375 0.340625 0.053125 0.065625
0 0.75 0.3265625 0.05 0.065625
0 0.796875 0.30859375 0.05 0.065625
0 0.221875 0.49921875 0.0609375 0.071875
0 0.2828125 0.4875 0.0546875 0.075
0 0.33984375 0.47734375 0.05625 0.078125
0 0.396875 0.46484375 0.05625 0.075
0 0.4546875 0.45 0.053125 0.078125
0 0.509375 0.4453125 0.0546875 0.06875
0 0.5625 0.43359375 0.05625 0.071875
0 0.6171875 0.42265625 0.053125 0.075
0 0.671875 0.4109375 0.0578125 0.078125
0 0.7234375 0.39921875 0.053125 0.078125
0 0.775 0.38828125 0.05 0.06875
0 0.8234375 0.36953125 0.0515625 0.071875
0 0.259375 0.56171875 0.05625 0.075
0 0.3171875 0.54921875 0.0578125 0.078125
0 0.3734375 0.540625 0.059375 0.078125
0 0.43125 0.528125 0.05625 0.071875
0 0.4859375 0.5171875 0.053125 0.075
0 0.5421875 0.50546875 0.053125 0.06875
0 0.59609375 0.49453125 0.05 0.078125
0 0.64921875 0.48203125 0.0515625 0.078125
0 0.7046875 0.47265625 0.0578125 0.075
0 0.7546875 0.4640625 0.053125 0.06875
0 0.80625 0.45 0.0515625 0.06875
0 0.8578125 0.42890625 0.053125 0.06875
0 0.2296875 0.63671875 0.059375 0.078125
0 0.29140625 0.62578125 0.05625 0.078125
0 0.35078125 0.6109375 0.05625 0.078125
0 0.409375 0.59921875 0.05625 0.078125
0 0.465625 0.58671875 0.05625 0.078125
0 0.5203125 0.57421875 0.053125 0.071875
0 0.575 0.5640625 0.053125 0.075
0 0.63125 0.5515625 0.05625 0.075
0 0.6828125 0.54140625 0.053125 0.075
0 0.7328125 0.52890625 0.05 0.06875
0 0.784375 0.51796875 0.053125 0.06875
0 0.84375 0.503125 0.05625 0.071875
0 0.265625 0.696875 0.0578125 0.078125
0 0.3296875 0.68359375 0.059375 0.084375
0 0.3890625 0.67109375 0.059375 0.075
0 0.44296875 0.6578125 0.05625 0.08125
0 0.5015625 0.6421875 0.053125 0.075
0 0.55625 0.63203125 0.05 0.08125
0 0.6140625 0.621875 0.059375 0.08125
0 0.665625 0.61171875 0.0515625 0.071875
0 0.7203125 0.596875 0.053125 0.078125
0 0.771875 0.584375 0.0546875 0.084375
0 0.8265625 0.57421875 0.053125 0.078125
0 0.303125 0.75703125 0.0609375 0.078125
0 0.365625 0.7421875 0.05625 0.084375
0 0.4234375 0.73046875 0.059375 0.08125
0 0.48046875 0.71484375 0.059375 0.084375
0 0.5375 0.70546875 0.05625 0.084375
0 0.59375 0.69296875 0.05625 0.084375
0 0.64765625 0.68203125 0.05625 0.078125
0 0.7015625 0.66796875 0.053125 0.08125
0 0.7546875 0.6546875 0.053125 0.075
0 0.8078125 0.63984375 0.053125 0.078125
0 0.33359375 0.82109375 0.059375 0.078125
0 0.4015625 0.80546875 0.0578125 0.08125
0 0.459375 0.79140625 0.05625 0.078125
0 0.51640625 0.77890625 0.05625 0.075
0 0.5734375 0.76953125 0.0546875 0.08125
0 0.628125 0.75546875 0.05625 0.075
0 0.68203125 0.73671875 0.05625 0.078125
0 0.7359375 0.725 0.053125 0.071875
0 0.790625 0.71328125 0.05625 0.075
0 0.365625 0.88671875 0.05625 0.08125
0 0.4390625 0.865625 0.059375 0.08125
0 0.496875 0.853125 0.05625 0.0875
0 0.553125 0.8421875 0.05625 0.075
0 0.61015625 0.828125 0.053125 0.078125
0 0.6640625 0.81484375 0.053125 0.078125
0 0.71484375 0.79609375 0.0546875 0.075
0 0.7703125 0.78359375 0.0578125 0.075
0 0.41328125 0.93828125 0.0625 0.084375
0 0.475 0.92578125 0.0578125 0.08125
0 0.53359375 0.91640625 0.0625 0.0875
0 0.5921875 0.903125 0.053125 0.071875
0 0.64375 0.8875 0.05625 0.078125
0 0.6984375 0.8828125 0.0546875 0.078125
0 0.7515625 0.85703125 0.059375 0.078125