0 0.071875 0.4484375 0.121875 0.1703125
0 0.1890625 0.45546875 0.1234375 0.171875
0 0.30703125 0.459375 0.128125 0.16875
0 0.409375 0.409375 0.159375 0.19375
0 0.553125 0.38984375 0.128125 0.178125
0 0.6796875 0.3921875 0.134375 0.175
0 0.78828125 0.271875 0.146875 0.184375
0 0.909375 0.2703125 0.140625 0.184375
0 0.8 0.44921875 0.1296875 0.171875
0 0.9234375 0.4390625 0.13125 0.1625
0 0.13828125 0.5875 0.134375 0.159375
0 0.0859375 0.725 0.11875 0.159375
0 0.20546875 0.73359375 0.1265625 0.15625
0 0.32265625 0.7296875 0.121875 0.15
0 0.38203125 0.59375 0.125 0.1625
0 0.49140625 0.5265625 0.1203125 0.1546875
0 0.6125 0.525 0.125 0.1578125
0 0.55078125 0.66015625 0.121875 0.153125
0 0.4421875 0.72734375 0.121875 0.15
0 0.725 0.58359375 0.125 0.153125
0 0.86015625 0.59296875 0.1296875 0.1625
0 0.66875 0.728125 0.1140625 0.153125
0 0.78984375 0.73125 0.128125 0.159375
0 0.91484375 0.72890625 0.1328125 0.165625