0 0.6390625 0.97421875 0.03125 0.028125
0 0.67265625 0.98203125 0.03125 0.028125
0 0.70859375 0.96484375 0.034375 0.03125
0 0.73203125 0.95 0.034375 0.0296875
0 0.759375 0.93515625 0.0375 0.03125
0 0.7296875 0.91796875 0.034375 0.028125
0 0.66875 0.9453125 0.0328125 0.0265625
0 0.70078125 0.9375 0.0328125 0.028125
0 0.67734375 0.91796875 0.034375 0.0265625
0 0.67734375 0.89140625 0.03125 0.028125
0 0.6828125 0.865625 0.034375 0.028125
0 0.64765625 0.8390625 0.03125 0.028125
0 0.66171875 0.8046875 0.03125 0.025
0 0.64921875 0.7796875 0.03125 0.025
0 0.65859375 0.75546875 0.03125 0.0234375
0 0.67734375 0.82734375 0.0296875 0.025
0 0.6921875 0.8015625 0.0328125 0.025
0 0.709375 0.89453125 0.034375 0.0265625
0 0.71484375 0.86953125 0.0328125 0.0265625
0 0.7125 0.84375 0.03125 0.025
0 0.71640625 0.81953125 0.034375 0.025
0 0.75 0.8125 0.034375 0.0265625
0 0.78203125 0.803125 0.034375 0.025
0 0.78125 0.82890625 0.034375 0.025
0 0.75078125 0.84296875 0.03125 0.025
0 0.746875 0.86875 0.03125 0.028125
0 0.7453125 0.89609375 0.0296875 0.0265625
0 0.77578125 0.91171875 0.0328125 0.025
0 0.7765625 0.8890625 0.034375 0.0296875
0 0.78046875 0.8609375 0.034375 0.025
0 0.7234375 0.79140625 0.03125 0.025
0 0.69375 0.7765625 0.03125 0.025
0 0.671875 0.73359375 0.03125 0.021875
0 0.665625 0.709375 0.0296875 0.025
0 0.70078125 0.72734375 0.03125 0.021875
0 0.6953125 0.75078125 0.028125 0.0234375
0 0.7234375 0.76484375 0.0296875 0.025
0 0.72578125 0.7421875 0.03125 0.0234375
0 0.72734375 0.7171875 0.03125 0.025
0 0.75390625 0.73203125 0.0328125 0.028125
0 0.75234375 0.784375 0.0328125 0.025
0 0.753125 0.75625 0.03125 0.025
0 0.7828125 0.77578125 0.034375 0.025
0 0.78125 0.74921875 0.034375 0.0265625
0 0.78515625 0.72421875 0.034375 0.025
0 0.784375 0.69921875 0.034375 0.025
0 0.7515625 0.69921875 0.0359375 0.025
0 0.7203125 0.69296875 0.0328125 0.025
0 0.690625 0.69609375 0.0296875 0.0234375
0 0.66328125 0.684375 0.0328125 0.021875
0 0.653125 0.6453125 0.03125 0.021875
0 0.67734375 0.6578125 0.0296875 0.021875
0 0.7 0.675 0.03125 0.021875
0 0.73203125 0.66328125 0.0296875 0.0234375
0 0.7578125 0.67890625 0.034375 0.0234375
0 0.78515625 0.66875 0.0328125 0.025
0 0.759375 0.65234375 0.034375 0.021875
0 0.73359375 0.6390625 0.0328125 0.021875
0 0.70859375 0.62578125 0.0328125 0.021875
0 0.70546875 0.64765625 0.03125 0.0234375
0 0.67890625 0.63515625 0.0328125 0.021875
0 0.65390625 0.6203125 0.03125 0.021875
0 0.68125 0.61015625 0.03125 0.0234375
0 0.6640625 0.590625 0.028125 0.021875
0 0.6734375 0.5703125 0.028125 0.021875
0 0.6984375 0.59140625 0.0296875 0.01875
0 0.73359375 0.5890625 0.0296875 0.021875
0 0.73671875 0.6125 0.028125 0.0203125
0 0.765625 0.6046875 0.03125 0.021875
0 0.7625 0.6296875 0.03125 0.021875
0 0.78828125 0.64375 0.034375 0.0234375
0 0.78984375 0.61796875 0.034375 0.0234375
0 0.70546875 0.565625 0.03125 0.01875
0 0.69453125 0.5453125 0.028125 0.021875
0 0.72421875 0.54765625 0.028125 0.021875
0 0.73515625 0.5671875 0.03125 0.025
0 0.7609375 0.57890625 0.03125 0.021875
0 0.78984375 0.5875 0.0328125 0.021875
0 0.78984375 0.56328125 0.034375 0.021875
0 0.75390625 0.5484375 0.03125 0.01875
0 0.76640625 0.53046875 0.0296875 0.021875
0 0.79453125 0.54375 0.03125 0.021875
0 0.6859375 0.51875 0.028125 0.01875
0 0.66484375 0.50078125 0.028125 0.01875
0 0.71171875 0.52734375 0.028125 0.021875
0 0.73984375 0.5203125 0.0296875 0.021875
0 0.7671875 0.50625 0.03125 0.021875
0 0.796875 0.51953125 0.0328125 0.021875
0 0.796875 0.4953125 0.0328125 0.0234375
0 0.77421875 0.4796875 0.028125 0.021875
0 0.73671875 0.49765625 0.0296875 0.021875
0 0.71015625 0.50546875 0.0296875 0.021875
0 0.690625 0.48984375 0.028125 0.01875
0 0.6640625 0.478125 0.0296875 0.01875
0 0.66171875 0.45546875 0.028125 0.0203125
0 0.66015625 0.4359375 0.028125 0.021875
0 0.6875 0.46171875 0.028125 0.0203125
0 0.7125 0.47734375 0.028125 0.021875
0 0.71640625 0.45625 0.028125 0.021875
0 0.74296875 0.46875 0.0296875 0.0234375
0 0.76953125 0.45390625 0.0296875 0.021875
0 0.7953125 0.4640625 0.028125 0.021875
0 0.79765625 0.44296875 0.03125 0.021875
0 0.771875 0.43203125 0.0296875 0.0203125
0 0.74375 0.4265625 0.03125 0.021875
0 0.7453125 0.446875 0.0296875 0.01875
0 0.6890625 0.44140625 0.025 0.01875
0 0.68203125 0.41875 0.028125 0.01875
0 0.7125 0.4296875 0.028125 0.021875
0 0.7140625 0.41328125 0.0296875 0.01875
0 0.7734375 0.40859375 0.028125 0.021875
0 0.7984375 0.4171875 0.03125 0.021875
0 0.79921875 0.39921875 0.03125 0.021875
0 0.68984375 0.40234375 0.028125 0.0171875
0 0.69140625 0.38125 0.028125 0.01875
0 0.671875 0.3625 0.025 0.01875
0 0.68203125 0.31484375 0.028125 0.01875
0 0.696875 0.34453125 0.025 0.015625
0 0.696875 0.36640625 0.028125 0.0171875
0 0.715625 0.3921875 0.028125 0.01875
0 0.74453125 0.40234375 0.028125 0.01875
0 0.74453125 0.38046875 0.025 0.01875
0 0.7453125 0.36171875 0.028125 0.01875
0 0.72109375 0.35390625 0.028125 0.01875
0 0.71875 0.37265625 0.028125 0.0203125
0 0.771875 0.38984375 0.0296875 0.0203125
0 0.79921875 0.3765625 0.0296875 0.01875
0 0.796875 0.35859375 0.03125 0.01875
0 0.76796875 0.36875 0.028125 0.021875
0 0.771875 0.34921875 0.028125 0.0203125
0 0.740625 0.3390625 0.028125 0.01875
0 0.71796875 0.3296875 0.028125 0.01875
0 0.703125 0.303125 0.0265625 0.01875
0 0.72265625 0.31015625 0.0265625 0.01875
0 0.74375 0.32109375 0.028125 0.0203125
0 0.7671875 0.33125 0.028125 0.0203125
0 0.77109375 0.31171875 0.028125 0.01875
0 0.79921875 0.334375 0.028125 0.01875
0 0.7984375 0.31875 0.028125 0.01875
0 0.79921875 0.29765625 0.028125 0.01875
0 0.7734375 0.28828125 0.0265625 0.01875
0 0.7515625 0.2984375 0.028125 0.01875
0 0.728125 0.28984375 0.028125 0.01875
0 0.69921875 0.28515625 0.0265625 0.01875
0 0.7015625 0.265625 0.025 0.01875
0 0.728125 0.27578125 0.025 0.015625
0 0.74765625 0.26015625 0.0265625 0.01875
0 0.7515625 0.28203125 0.025 0.01875
0 0.7734375 0.26796875 0.0265625 0.01875
0 0.796875 0.271875 0.028125 0.01875
0 0.725 0.2546875 0.028125 0.0203125
0 0.7015625 0.240625 0.028125 0.015625
0 0.703125 0.22578125 0.025 0.015625
0 0.70703125 0.2109375 0.025 0.015625
0 0.721875 0.190625 0.025 0.015625
0 0.7265625 0.171875 0.0265625 0.015625
0 0.73203125 0.15390625 0.025 0.0171875
0 0.746875 0.13359375 0.0265625 0.0171875
0 0.72734375 0.12265625 0.0265625 0.01875
0 0.72734375 0.234375 0.028125 0.0171875
0 0.75 0.2421875 0.028125 0.01875
0 0.771875 0.246875 0.028125 0.0171875
0 0.80078125 0.25546875 0.0296875 0.0171875
0 0.77578125 0.228125 0.028125 0.0171875
0 0.8 0.23359375 0.028125 0.01875
0 0.77890625 0.21015625 0.0265625 0.01875
0 0.8015625 0.215625 0.028125 0.01875
0 0.8015625 0.19453125 0.028125 0.0171875
0 0.77890625 0.1859375 0.028125 0.01875
0 0.753125 0.2015625 0.025 0.01875
0 0.72890625 0.21640625 0.025 0.015625
0 0.7515625 0.221875 0.0265625 0.0171875
0 0.75546875 0.1671875 0.025 0.0171875
0 0.75 0.18515625 0.025 0.0171875
0 0.7796875 0.1703125 0.025 0.0171875
0 0.80234375 0.171875 0.028125 0.0171875
0 0.80390625 0.16015625 0.025 0.015625
0 0.7796875 0.1578125 0.025 0.015625
0 0.7578125 0.146875 0.025 0.0171875
0 0.7765625 0.1359375 0.0265625 0.0171875
0 0.8 0.1421875 0.028125 0.01875
0 0.80234375 0.128125 0.0265625 0.015625
0 0.76484375 0.11875 0.025 0.015625
0 0.75 0.1109375 0.028125 0.0171875
0 0.728125 0.09375 0.025 0.0171875
0 0.740625 0.07421875 0.025 0.0171875
0 0.72421875 0.05625 0.025 0.015625
0 0.73359375 0.04140625 0.025 0.015625
0 0.753125 0.04765625 0.025 0.015625
0 0.74765625 0.0625 0.025 0.0125
0 0.76640625 0.06875 0.0265625 0.0171875
0 0.771875 0.05390625 0.0234375 0.0171875
0 0.7890625 0.05625 0.025 0.0171875
0 0.75546875 0.0921875 0.0265625 0.01875
0 0.7796875 0.09609375 0.025 0.015625
0 0.78125 0.08203125 0.028125 0.0171875
0 0.8046875 0.10625 0.028125 0.01875
0 0.8046875 0.08984375 0.028125 0.0171875
0 0.8046875 0.0734375 0.0265625 0.0171875