0 0.3609375 0.02578125 0.03125 0.028125
0 0.32734375 0.01796875 0.03125 0.028125
0 0.29140625 0.03515625 0.034375 0.03125
0 0.26796875 0.05 0.034375 0.0296875
0 0.240625 0.06484375 0.0375 0.03125
0 0.2703125 0.08203125 0.034375 0.028125
0 0.33125 0.0546875 0.0328125 0.0265625
0 0.29921875 0.0625 0.0328125 0.028125
0 0.32265625 0.08203125 0.034375 0.0265625
0 0.32265625 0.10859375 0.03125 0.028125
0 0.3171875 0.134375 0.034375 0.028125
0 0.35234375 0.1609375 0.03125 0.028125
0 0.33828125 0.1953125 0.03125 0.025
0 0.35078125 0.2203125 0.03125 0.025
0 0.34140625 0.24453125 0.03125 0.0234375
0 0.32265625 0.17265625 0.0296875 0.025
0 0.3078125 0.1984375 0.0328125 0.025
0 0.290625 0.10546875 0.034375 0.0265625
0 0.28515625 0.13046875 0.0328125 0.0265625
0 0.2875 0.15625 0.03125 0.025
0 0.28359375 0.18046875 0.034375 0.025
0 0.25 0.1875 0.034375 0.028125
0 0.21796875 0.196875 0.034375 0.025
0 0.21875 0.17109375 0.034375 0.025
0 0.24921875 0.15703125 0.03125 0.025
0 0.253125 0.13125 0.03125 0.028125
0 0.2546875 0.10390625 0.0296875 0.0265625
0 0.22421875 0.08828125 0.0328125 0.025
0 0.2234375 0.1109375 0.034375 0.028125
0 0.21953125 0.1390625 0.034375 0.025
0 0.2765625 0.20859375 0.03125 0.025
0 0.30625 0.2234375 0.03125 0.025
0 0.328125 0.26640625 0.03125 0.021875
0 0.334375 0.290625 0.0296875 0.025
0 0.29921875 0.27265625 0.03125 0.021875
0 0.3046875 0.24921875 0.028125 0.0234375
0 0.2765625 0.23515625 0.0296875 0.025
0 0.27421875 0.2578125 0.03125 0.0234375
0 0.27265625 0.2828125 0.03125 0.025
0 0.24609375 0.26796875 0.0328125 0.028125
0 0.24765625 0.215625 0.0328125 0.025
0 0.246875 0.24375 0.03125 0.025
0 0.2171875 0.22421875 0.034375 0.025
0 0.21875 0.25078125 0.034375 0.0265625
0 0.21484375 0.27578125 0.034375 0.025
0 0.215625 0.30078125 0.034375 0.025
0 0.2484375 0.30078125 0.0359375 0.025
0 0.2796875 0.30703125 0.0328125 0.025
0 0.309375 0.30390625 0.0296875 0.0234375
0 0.33671875 0.315625 0.0328125 0.021875
0 0.346875 0.3546875 0.03125 0.021875
0 0.32265625 0.3421875 0.0296875 0.021875
0 0.3 0.325 0.03125 0.021875
0 0.26796875 0.33671875 0.0296875 0.0234375
0 0.2421875 0.32109375 0.034375 0.0234375
0 0.21484375 0.33125 0.0328125 0.025
0 0.240625 0.34765625 0.034375 0.021875
0 0.26640625 0.3609375 0.0328125 0.021875
0 0.29140625 0.37421875 0.0328125 0.021875
0 0.29453125 0.35234375 0.03125 0.0234375
0 0.32109375 0.36484375 0.0328125 0.021875
0 0.34609375 0.3796875 0.03125 0.021875
0 0.31875 0.38984375 0.03125 0.0234375
0 0.3359375 0.409375 0.028125 0.021875
0 0.3265625 0.4296875 0.028125 0.021875
0 0.3015625 0.40859375 0.0296875 0.01875
0 0.26640625 0.4109375 0.0296875 0.021875
0 0.26328125 0.3875 0.028125 0.0203125
0 0.234375 0.3953125 0.03125 0.021875
0 0.2375 0.3703125 0.03125 0.021875
0 0.21171875 0.35625 0.034375 0.0234375
0 0.21015625 0.38203125 0.034375 0.0234375
0 0.29453125 0.434375 0.03125 0.01875
0 0.30546875 0.4546875 0.028125 0.021875
0 0.27578125 0.45234375 0.028125 0.021875
0 0.26484375 0.4328125 0.03125 0.025
0 0.2390625 0.42109375 0.03125 0.021875
0 0.21015625 0.4125 0.0328125 0.021875
0 0.21015625 0.43671875 0.034375 0.021875
0 0.24609375 0.4515625 0.03125 0.01875
0 0.23359375 0.46953125 0.0296875 0.021875
0 0.20546875 0.45625 0.03125 0.021875
0 0.3140625 0.48125 0.028125 0.01875
0 0.33515625 0.49921875 0.028125 0.01875
0 0.28828125 0.47265625 0.028125 0.021875
0 0.26015625 0.4796875 0.0296875 0.021875
0 0.2328125 0.49375 0.03125 0.021875
0 0.203125 0.48046875 0.0328125 0.021875
0 0.203125 0.5046875 0.0328125 0.0234375
0 0.22578125 0.5203125 0.028125 0.021875
0 0.26328125 0.50234375 0.0296875 0.021875
0 0.28984375 0.49453125 0.0296875 0.021875
0 0.309375 0.51015625 0.028125 0.01875
0 0.3359375 0.521875 0.0296875 0.01875
0 0.33828125 0.54453125 0.028125 0.0203125
0 0.33984375 0.5640625 0.028125 0.021875
0 0.3125 0.53828125 0.028125 0.0203125
0 0.2875 0.52265625 0.028125 0.021875
0 0.28359375 0.54375 0.028125 0.021875
0 0.25703125 0.53125 0.0296875 0.0234375
0 0.23046875 0.54609375 0.0296875 0.021875
0 0.2046875 0.5359375 0.028125 0.021875
0 0.20234375 0.55703125 0.03125 0.021875
0 0.228125 0.56796875 0.0296875 0.0203125
0 0.25625 0.5734375 0.03125 0.021875
0 0.2546875 0.553125 0.0296875 0.01875
0 0.3109375 0.55859375 0.025 0.01875
0 0.31796875 0.58125 0.028125 0.01875
0 0.2875 0.5703125 0.028125 0.021875
0 0.2859375 0.58671875 0.0296875 0.01875
0 0.2265625 0.59140625 0.028125 0.021875
0 0.2015625 0.5828125 0.03125 0.021875
0 0.20078125 0.60078125 0.03125 0.021875
0 0.31015625 0.59765625 0.028125 0.0171875
0 0.30859375 0.61875 0.028125 0.01875
0 0.328125 0.6375 0.025 0.01875
0 0.31796875 0.68515625 0.028125 0.01875
0 0.303125 0.65546875 0.025 0.015625
0 0.303125 0.63359375 0.028125 0.0171875
0 0.284375 0.6078125 0.028125 0.01875
0 0.25546875 0.59765625 0.028125 0.01875
0 0.25546875 0.61953125 0.025 0.01875
0 0.2546875 0.63828125 0.028125 0.01875
0 0.27890625 0.64609375 0.028125 0.01875
0 0.28125 0.62734375 0.028125 0.0203125
0 0.228125 0.61015625 0.0296875 0.0203125
0 0.20078125 0.6234375 0.0296875 0.01875
0 0.203125 0.64140625 0.03125 0.01875
0 0.23203125 0.63125 0.028125 0.021875
0 0.228125 0.65078125 0.028125 0.0203125
0 0.259375 0.6609375 0.028125 0.01875
0 0.28203125 0.6703125 0.028125 0.01875
0 0.296875 0.696875 0.0265625 0.01875
0 0.27734375 0.68984375 0.0265625 0.01875
0 0.25625 0.67890625 0.028125 0.0203125
0 0.2328125 0.66875 0.028125 0.0203125
0 0.22890625 0.68828125 0.028125 0.01875
0 0.20078125 0.665625 0.028125 0.01875
0 0.2015625 0.68125 0.028125 0.01875
0 0.20078125 0.70234375 0.028125 0.01875
0 0.2265625 0.71171875 0.0265625 0.01875
0 0.2484375 0.7015625 0.028125 0.01875
0 0.271875 0.71015625 0.028125 0.01875
0 0.30078125 0.71484375 0.0265625 0.01875
0 0.2984375 0.734375 0.025 0.01875
0 0.271875 0.72421875 0.025 0.015625
0 0.25234375 0.73984375 0.0265625 0.01875
0 0.2484375 0.71796875 0.025 0.01875
0 0.2265625 0.73203125 0.0265625 0.01875
0 0.203125 0.728125 0.028125 0.01875
0 0.275 0.7453125 0.028125 0.0203125
0 0.2984375 0.759375 0.028125 0.015625
0 0.296875 0.77421875 0.025 0.015625
0 0.29296875 0.7890625 0.025 0.015625
0 0.278125 0.809375 0.025 0.015625
0 0.2734375 0.828125 0.0265625 0.015625
0 0.26796875 0.84609375 0.025 0.0171875
0 0.253125 0.86640625 0.0265625 0.0171875
0 0.27265625 0.87734375 0.0265625 0.01875
0 0.27265625 0.765625 0.028125 0.0171875
0 0.25 0.7578125 0.028125 0.01875
0 0.228125 0.753125 0.028125 0.0171875
0 0.19921875 0.74453125 0.0296875 0.0171875
0 0.22421875 0.771875 0.028125 0.0171875
0 0.2 0.76640625 0.028125 0.01875
0 0.22109375 0.78984375 0.0265625 0.01875
0 0.1984375 0.784375 0.028125 0.01875
0 0.1984375 0.80546875 0.028125 0.0171875
0 0.22109375 0.8140625 0.028125 0.01875
0 0.246875 0.7984375 0.025 0.01875
0 0.27109375 0.78359375 0.025 0.015625
0 0.2484375 0.778125 0.0265625 0.0171875
0 0.24453125 0.8328125 0.025 0.0171875
0 0.25 0.81484375 0.025 0.0171875
0 0.2203125 0.8296875 0.025 0.0171875
0 0.19765625 0.828125 0.028125 0.0171875
0 0.19609375 0.83984375 0.025 0.015625
0 0.2203125 0.8421875 0.025 0.015625
0 0.2421875 0.853125 0.025 0.0171875
0 0.2234375 0.8640625 0.0265625 0.0171875
0 0.2 0.8578125 0.028125 0.01875
0 0.19765625 0.871875 0.0265625 0.015625
0 0.23515625 0.88125 0.025 0.015625
0 0.25 0.8890625 0.028125 0.0171875
0 0.271875 0.90625 0.025 0.0171875
0 0.259375 0.92578125 0.025 0.0171875
0 0.27578125 0.94375 0.025 0.015625
0 0.26640625 0.95859375 0.025 0.015625
0 0.246875 0.95234375 0.025 0.015625
0 0.25234375 0.9375 0.025 0.0125
0 0.23359375 0.93125 0.0265625 0.0171875
0 0.228125 0.94609375 0.0234375 0.0171875
0 0.2109375 0.94375 0.025 0.0171875
0 0.24453125 0.9078125 0.0265625 0.01875
0 0.2203125 0.90390625 0.025 0.015625
0 0.21875 0.91796875 0.028125 0.0171875
0 0.1953125 0.89375 0.028125 0.01875
0 0.1953125 0.91015625 0.028125 0.0171875
0 0.1953125 0.9265625 0.0265625 0.0171875