0 0.3609375 0.97421875 0.03125 0.028125
0 0.32734375 0.98203125 0.03125 0.028125
0 0.29140625 0.96484375 0.034375 0.03125
0 0.26796875 0.95 0.034375 0.0296875
0 0.240625 0.93515625 0.0375 0.03125
0 0.2703125 0.91796875 0.034375 0.028125
0 0.33125 0.9453125 0.0328125 0.0265625
0 0.29921875 0.9375 0.0328125 0.028125
0 0.32265625 0.91796875 0.034375 0.0265625
0 0.32265625 0.89140625 0.03125 0.028125
0 0.3171875 0.865625 0.034375 0.028125
0 0.35234375 0.8390625 0.03125 0.028125
0 0.33828125 0.8046875 0.03125 0.025
0 0.35078125 0.7796875 0.03125 0.025
0 0.34140625 0.75546875 0.03125 0.0234375
0 0.32265625 0.82734375 0.0296875 0.025
0 0.3078125 0.8015625 0.0328125 0.025
0 0.290625 0.89453125 0.034375 0.0265625
0 0.28515625 0.86953125 0.0328125 0.0265625
0 0.2875 0.84375 0.03125 0.025
0 0.28359375 0.81953125 0.034375 0.025
0 0.25 0.8125 0.034375 0.0265625
0 0.21796875 0.803125 0.034375 0.025
0 0.21875 0.82890625 0.034375 0.025
0 0.24921875 0.84296875 0.03125 0.025
0 0.253125 0.86875 0.03125 0.028125
0 0.2546875 0.89609375 0.0296875 0.0265625
0 0.22421875 0.91171875 0.0328125 0.025
0 0.2234375 0.8890625 0.034375 0.0296875
0 0.21953125 0.8609375 0.034375 0.025
0 0.2765625 0.79140625 0.03125 0.025
0 0.30625 0.7765625 0.03125 0.025
0 0.328125 0.73359375 0.03125 0.021875
0 0.334375 0.709375 0.0296875 0.025
0 0.29921875 0.72734375 0.03125 0.021875
0 0.3046875 0.75078125 0.028125 0.0234375
0 0.2765625 0.76484375 0.0296875 0.025
0 0.27421875 0.7421875 0.03125 0.0234375
0 0.27265625 0.7171875 0.03125 0.025
0 0.24609375 0.73203125 0.0328125 0.028125
0 0.24765625 0.784375 0.0328125 0.025
0 0.246875 0.75625 0.03125 0.025
0 0.2171875 0.77578125 0.034375 0.025
0 0.21875 0.74921875 0.034375 0.0265625
0 0.21484375 0.72421875 0.034375 0.025
0 0.215625 0.69921875 0.034375 0.025
0 0.2484375 0.69921875 0.0359375 0.025
0 0.2796875 0.69296875 0.0328125 0.025
0 0.309375 0.69609375 0.0296875 0.0234375
0 0.33671875 0.684375 0.0328125 0.021875
0 0.346875 0.6453125 0.03125 0.021875
0 0.32265625 0.6578125 0.0296875 0.021875
0 0.3 0.675 0.03125 0.021875
0 0.26796875 0.66328125 0.0296875 0.0234375
0 0.2421875 0.67890625 0.034375 0.0234375
0 0.21484375 0.66875 0.0328125 0.025
0 0.240625 0.65234375 0.034375 0.021875
0 0.26640625 0.6390625 0.0328125 0.021875
0 0.29140625 0.62578125 0.0328125 0.021875
0 0.29453125 0.64765625 0.03125 0.0234375
0 0.32109375 0.63515625 0.0328125 0.021875
0 0.34609375 0.6203125 0.03125 0.021875
0 0.31875 0.61015625 0.03125 0.0234375
0 0.3359375 0.590625 0.028125 0.021875
0 0.3265625 0.5703125 0.028125 0.021875
0 0.3015625 0.59140625 0.0296875 0.01875
0 0.26640625 0.5890625 0.0296875 0.021875
0 0.26328125 0.6125 0.028125 0.0203125
0 0.234375 0.6046875 0.03125 0.021875
0 0.2375 0.6296875 0.03125 0.021875
0 0.21171875 0.64375 0.034375 0.0234375
0 0.21015625 0.61796875 0.034375 0.0234375
0 0.29453125 0.565625 0.03125 0.01875
0 0.30546875 0.5453125 0.028125 0.021875
0 0.27578125 0.54765625 0.028125 0.021875
0 0.26484375 0.5671875 0.03125 0.025
0 0.2390625 0.57890625 0.03125 0.021875
0 0.21015625 0.5875 0.0328125 0.021875
0 0.21015625 0.56328125 0.034375 0.021875
0 0.24609375 0.5484375 0.03125 0.01875
0 0.23359375 0.53046875 0.0296875 0.021875
0 0.20546875 0.54375 0.03125 0.021875
0 0.3140625 0.51875 0.028125 0.01875
0 0.33515625 0.50078125 0.028125 0.01875
0 0.28828125 0.52734375 0.028125 0.021875
0 0.26015625 0.5203125 0.0296875 0.021875
0 0.2328125 0.50625 0.03125 0.021875
0 0.203125 0.51953125 0.0328125 0.021875
0 0.203125 0.4953125 0.0328125 0.0234375
0 0.22578125 0.4796875 0.028125 0.021875
0 0.26328125 0.49765625 0.0296875 0.021875
0 0.28984375 0.50546875 0.0296875 0.021875
0 0.309375 0.48984375 0.028125 0.01875
0 0.3359375 0.478125 0.0296875 0.01875
0 0.33828125 0.45546875 0.028125 0.0203125
0 0.33984375 0.4359375 0.028125 0.021875
0 0.3125 0.46171875 0.028125 0.0203125
0 0.2875 0.47734375 0.028125 0.021875
0 0.28359375 0.45625 0.028125 0.021875
0 0.25703125 0.46875 0.0296875 0.0234375
0 0.23046875 0.45390625 0.0296875 0.021875
0 0.2046875 0.4640625 0.028125 0.021875
0 0.20234375 0.44296875 0.03125 0.021875
0 0.228125 0.43203125 0.0296875 0.0203125
0 0.25625 0.4265625 0.03125 0.021875
0 0.2546875 0.446875 0.0296875 0.01875
0 0.3109375 0.44140625 0.025 0.01875
0 0.31796875 0.41875 0.028125 0.01875
0 0.2875 0.4296875 0.028125 0.021875
0 0.2859375 0.41328125 0.0296875 0.01875
0 0.2265625 0.40859375 0.028125 0.021875
0 0.2015625 0.4171875 0.03125 0.021875
0 0.20078125 0.39921875 0.03125 0.021875
0 0.31015625 0.40234375 0.028125 0.0171875
0 0.30859375 0.38125 0.028125 0.01875
0 0.328125 0.3625 0.025 0.01875
0 0.31796875 0.31484375 0.028125 0.01875
0 0.303125 0.34453125 0.025 0.015625
0 0.303125 0.36640625 0.028125 0.0171875
0 0.284375 0.3921875 0.028125 0.01875
0 0.25546875 0.40234375 0.028125 0.01875
0 0.25546875 0.38046875 0.025 0.01875
0 0.2546875 0.36171875 0.028125 0.01875
0 0.27890625 0.35390625 0.028125 0.01875
0 0.28125 0.37265625 0.028125 0.0203125
0 0.228125 0.38984375 0.0296875 0.0203125
0 0.20078125 0.3765625 0.0296875 0.01875
0 0.203125 0.35859375 0.03125 0.01875
0 0.23203125 0.36875 0.028125 0.021875
0 0.228125 0.34921875 0.028125 0.0203125
0 0.259375 0.3390625 0.028125 0.01875
0 0.28203125 0.3296875 0.028125 0.01875
0 0.296875 0.303125 0.0265625 0.01875
0 0.27734375 0.31015625 0.0265625 0.01875
0 0.25625 0.32109375 0.028125 0.0203125
0 0.2328125 0.33125 0.028125 0.0203125
0 0.22890625 0.31171875 0.028125 0.01875
0 0.20078125 0.334375 0.028125 0.01875
0 0.2015625 0.31875 0.028125 0.01875
0 0.20078125 0.29765625 0.028125 0.01875
0 0.2265625 0.28828125 0.0265625 0.01875
0 0.2484375 0.2984375 0.028125 0.01875
0 0.271875 0.28984375 0.028125 0.01875
0 0.30078125 0.28515625 0.0265625 0.01875
0 0.2984375 0.265625 0.025 0.01875
0 0.271875 0.27578125 0.025 0.015625
0 0.25234375 0.26015625 0.0265625 0.01875
0 0.2484375 0.28203125 0.025 0.01875
0 0.2265625 0.26796875 0.0265625 0.01875
0 0.203125 0.271875 0.028125 0.01875
0 0.275 0.2546875 0.028125 0.0203125
0 0.2984375 0.240625 0.028125 0.015625
0 0.296875 0.22578125 0.025 0.015625
0 0.29296875 0.2109375 0.025 0.015625
0 0.278125 0.190625 0.025 0.015625
0 0.2734375 0.171875 0.0265625 0.015625
0 0.26796875 0.15390625 0.025 0.0171875
0 0.253125 0.13359375 0.0265625 0.0171875
0 0.27265625 0.12265625 0.0265625 0.01875
0 0.27265625 0.234375 0.028125 0.0171875
0 0.25 0.2421875 0.028125 0.01875
0 0.228125 0.246875 0.028125 0.0171875
0 0.19921875 0.25546875 0.0296875 0.0171875
0 0.22421875 0.228125 0.028125 0.0171875
0 0.2 0.23359375 0.028125 0.01875
0 0.22109375 0.21015625 0.0265625 0.01875
0 0.1984375 0.215625 0.028125 0.01875
0 0.1984375 0.19453125 0.028125 0.0171875
0 0.22109375 0.1859375 0.028125 0.01875
0 0.246875 0.2015625 0.025 0.01875
0 0.27109375 0.21640625 0.025 0.015625
0 0.2484375 0.221875 0.0265625 0.0171875
0 0.24453125 0.1671875 0.025 0.0171875
0 0.25 0.18515625 0.025 0.0171875
0 0.2203125 0.1703125 0.025 0.0171875
0 0.19765625 0.171875 0.028125 0.0171875
0 0.19609375 0.16015625 0.025 0.015625
0 0.2203125 0.1578125 0.025 0.015625
0 0.2421875 0.146875 0.025 0.0171875
0 0.2234375 0.1359375 0.0265625 0.0171875
0 0.2 0.1421875 0.028125 0.01875
0 0.19765625 0.128125 0.0265625 0.015625
0 0.23515625 0.11875 0.025 0.015625
0 0.25 0.1109375 0.028125 0.0171875
0 0.271875 0.09375 0.025 0.0171875
0 0.259375 0.07421875 0.025 0.0171875
0 0.27578125 0.05625 0.025 0.015625
0 0.26640625 0.04140625 0.025 0.015625
0 0.246875 0.04765625 0.025 0.015625
0 0.25234375 0.0625 0.025 0.0125
0 0.23359375 0.06875 0.0265625 0.0171875
0 0.228125 0.05390625 0.0234375 0.0171875
0 0.2109375 0.05625 0.025 0.0171875
0 0.24453125 0.0921875 0.0265625 0.01875
0 0.2203125 0.09609375 0.025 0.015625
0 0.21875 0.08203125 0.028125 0.0171875
0 0.1953125 0.10625 0.028125 0.01875
0 0.1953125 0.08984375 0.028125 0.0171875
0 0.1953125 0.0734375 0.0265625 0.0171875