0 0.56875 0.94375 0.034375 0.0265625
0 0.59609375 0.9484375 0.0375 0.0296875
0 0.6265625 0.925 0.034375 0.03125
0 0.65390625 0.9328125 0.034375 0.028125
0 0.6828125 0.9125 0.03125 0.028125
0 0.71015625 0.9203125 0.034375 0.025
0 0.7125 0.89375 0.034375 0.0296875
0 0.56875 0.9140625 0.0375 0.03125
0 0.59765625 0.91796875 0.0375 0.0296875
0 0.56875 0.8828125 0.0375 0.028125
0 0.59765625 0.88984375 0.034375 0.03125
0 0.62578125 0.896875 0.034375 0.0265625
0 0.65625 0.9078125 0.034375 0.028125
0 0.65546875 0.878125 0.034375 0.028125
0 0.68359375 0.8875 0.03125 0.0265625
0 0.6859375 0.859375 0.03125 0.028125
0 0.71171875 0.8671875 0.03125 0.025
0 0.56640625 0.8546875 0.034375 0.0296875
0 0.62734375 0.86875 0.034375 0.025
0 0.59765625 0.8609375 0.034375 0.0296875
0 0.59765625 0.8328125 0.034375 0.028125
0 0.5671875 0.82578125 0.0375 0.0296875
0 0.62578125 0.84140625 0.034375 0.028125
0 0.65546875 0.84921875 0.034375 0.028125
0 0.6859375 0.8328125 0.034375 0.028125
0 0.7109375 0.8390625 0.03125 0.028125
0 0.53671875 0.7890625 0.034375 0.03125
0 0.60078125 0.80625 0.034375 0.0296875
0 0.6546875 0.821875 0.03125 0.028125
0 0.684375 0.8046875 0.028125 0.028125
0 0.7109375 0.81171875 0.03125 0.0296875
0 0.53828125 0.759375 0.0375 0.0296875
0 0.60234375 0.7765625 0.034375 0.028125
0 0.56953125 0.7984375 0.034375 0.028125
0 0.5703125 0.76875 0.0375 0.028125
0 0.65546875 0.7953125 0.03125 0.028125
0 0.684375 0.77734375 0.03125 0.0296875
0 0.71171875 0.784375 0.03125 0.028125
0 0.53984375 0.73125 0.0375 0.03125
0 0.50859375 0.72109375 0.0375 0.03125
0 0.50703125 0.6890625 0.0375 0.03125
0 0.5078125 0.6578125 0.0375 0.0328125
0 0.5078125 0.6265625 0.0375 0.03125
0 0.50703125 0.59375 0.040625 0.03125
0 0.5078125 0.5625 0.040625 0.03125
0 0.5078125 0.53125 0.04375 0.0328125
0 0.5078125 0.4984375 0.04375 0.034375
0 0.5078125 0.4671875 0.04375 0.034375
0 0.50625 0.4328125 0.040625 0.034375
0 0.50703125 0.3984375 0.040625 0.0375
0 0.50546875 0.36484375 0.040625 0.034375
0 0.5046875 0.33125 0.04375 0.0375
0 0.50390625 0.296875 0.04375 0.034375
0 0.50390625 0.2609375 0.04375 0.0359375
0 0.50390625 0.115625 0.040625 0.0375
0 0.50234375 0.0765625 0.04375 0.040625
0 0.53984375 0.69921875 0.0375 0.0328125
0 0.53984375 0.66875 0.0375 0.0328125
0 0.53984375 0.6375 0.0375 0.0328125
0 0.5390625 0.60625 0.0375 0.0328125
0 0.53984375 0.5765625 0.0375 0.034375
0 0.54140625 0.5453125 0.0375 0.034375
0 0.54140625 0.51328125 0.0375 0.0328125
0 0.540625 0.48125 0.040625 0.034375
0 0.54140625 0.4484375 0.040625 0.034375
0 0.53984375 0.41484375 0.0375 0.03125
0 0.53984375 0.3828125 0.0375 0.034375
0 0.54140625 0.35 0.0375 0.0359375
0 0.5375 0.315625 0.040625 0.034375
0 0.53828125 0.28125 0.040625 0.034375
0 0.53828125 0.246875 0.040625 0.034375
0 0.53828125 0.2109375 0.040625 0.0359375
0 0.53984375 0.1734375 0.040625 0.0375
0 0.53984375 0.1375 0.040625 0.0359375
0 0.5421875 0.1 0.04375 0.0375
0 0.53984375 0.06328125 0.040625 0.0390625
0 0.50546875 0.22421875 0.040625 0.034375
0 0.5046875 0.1890625 0.040625 0.034375
0 0.5046875 0.15234375 0.04375 0.0359375
0 0.571875 0.7390625 0.034375 0.03125
0 0.57265625 0.709375 0.0375 0.03125
0 0.5703125 0.67890625 0.0375 0.0328125
0 0.5703125 0.6484375 0.0375 0.03125
0 0.56953125 0.61875 0.034375 0.03125
0 0.56953125 0.5875 0.0375 0.03125
0 0.57265625 0.5578125 0.0375 0.0328125
0 0.57265625 0.5265625 0.034375 0.03125
0 0.5734375 0.4953125 0.0375 0.0328125
0 0.57265625 0.4625 0.034375 0.0296875
0 0.57109375 0.43125 0.0375 0.034375
0 0.571875 0.3984375 0.0375 0.0328125
0 0.57265625 0.365625 0.0375 0.03125
0 0.571875 0.3328125 0.0375 0.034375
0 0.57265625 0.3 0.0375 0.034375
0 0.5734375 0.2640625 0.040625 0.034375
0 0.57421875 0.23046875 0.040625 0.034375
0 0.575 0.1953125 0.040625 0.0359375
0 0.57578125 0.159375 0.040625 0.0359375
0 0.57265625 0.12421875 0.0375 0.034375
0 0.571875 0.0890625 0.0375 0.0375
0 0.60078125 0.7484375 0.0375 0.028125
0 0.62734375 0.8140625 0.034375 0.028125
0 0.62734375 0.7859375 0.03125 0.028125
0 0.6015625 0.7203125 0.0375 0.028125
0 0.6015625 0.690625 0.0375 0.03125
0 0.60234375 0.6609375 0.034375 0.0296875
0 0.603125 0.63125 0.034375 0.03125
0 0.60234375 0.6 0.0375 0.03125
0 0.60234375 0.5703125 0.0375 0.03125
0 0.60234375 0.53984375 0.034375 0.03125
0 0.603125 0.509375 0.034375 0.0328125
0 0.60390625 0.47890625 0.0375 0.034375
0 0.59921875 0.446875 0.034375 0.03125
0 0.60546875 0.4140625 0.0375 0.03125
0 0.60234375 0.3828125 0.0375 0.0328125
0 0.60625 0.35 0.0375 0.0328125
0 0.60625 0.31640625 0.0375 0.0328125
0 0.60625 0.284375 0.0375 0.034375
0 0.60703125 0.25 0.0375 0.034375
0 0.60703125 0.215625 0.0375 0.034375
0 0.60703125 0.18125 0.0375 0.034375
0 0.61015625 0.1453125 0.040625 0.034375
0 0.60859375 0.109375 0.040625 0.034375
0 0.60546875 0.0765625 0.040625 0.034375
0 0.62890625 0.75703125 0.034375 0.0296875
0 0.63125 0.7296875 0.034375 0.03125
0 0.63125 0.7015625 0.034375 0.0296875
0 0.63203125 0.671875 0.0375 0.03125
0 0.63046875 0.6421875 0.034375 0.0328125
0 0.63046875 0.6125 0.034375 0.03125
0 0.63046875 0.5828125 0.03125 0.0296875
0 0.63359375 0.553125 0.034375 0.03125
0 0.634375 0.521875 0.034375 0.03125
0 0.634375 0.4921875 0.034375 0.03125
0 0.63671875 0.46171875 0.034375 0.0328125
0 0.6328125 0.4296875 0.0375 0.03125
0 0.63515625 0.3984375 0.034375 0.03125
0 0.63359375 0.3671875 0.0375 0.034375
0 0.63515625 0.334375 0.034375 0.034375
0 0.63515625 0.303125 0.034375 0.03125
0 0.6359375 0.26953125 0.0375 0.03125
0 0.63671875 0.2359375 0.0375 0.03125
0 0.6390625 0.2015625 0.0375 0.034375
0 0.64140625 0.1671875 0.0375 0.0328125
0 0.6421875 0.13203125 0.0375 0.034375
0 0.6390625 0.096875 0.0375 0.034375
0 0.65859375 0.76875 0.034375 0.03125
0 0.66015625 0.7390625 0.034375 0.03125
0 0.66015625 0.7109375 0.034375 0.03125
0 0.6625 0.68359375 0.034375 0.03125
0 0.6578125 0.65234375 0.034375 0.028125
0 0.66015625 0.6234375 0.034375 0.028125
0 0.66015625 0.59375 0.034375 0.03125
0 0.66015625 0.565625 0.034375 0.028125
0 0.659375 0.5359375 0.03125 0.03125
0 0.66015625 0.50546875 0.03125 0.0296875
0 0.66328125 0.475 0.034375 0.03125
0 0.66328125 0.44453125 0.034375 0.0296875
0 0.66328125 0.4140625 0.034375 0.03125
0 0.66640625 0.3828125 0.034375 0.03125
0 0.6640625 0.3515625 0.034375 0.03125
0 0.66484375 0.3203125 0.034375 0.03125
0 0.66640625 0.2875 0.034375 0.0328125
0 0.66484375 0.25625 0.034375 0.03125
0 0.66953125 0.22265625 0.034375 0.0328125
0 0.66953125 0.1890625 0.03125 0.03125
0 0.6703125 0.1546875 0.034375 0.0359375
0 0.6734375 0.11953125 0.0375 0.034375
0 0.66953125 0.0859375 0.0375 0.034375
0 0.68671875 0.7484375 0.028125 0.028125
0 0.68671875 0.72109375 0.028125 0.028125
0 0.68984375 0.69375 0.03125 0.028125
0 0.6890625 0.665625 0.03125 0.028125
0 0.6859375 0.634375 0.03125 0.028125
0 0.6875 0.60625 0.03125 0.028125
0 0.6890625 0.578125 0.03125 0.028125
0 0.69140625 0.55 0.034375 0.03125
0 0.69140625 0.51875 0.034375 0.03125
0 0.6921875 0.4890625 0.03125 0.0296875
0 0.69375 0.459375 0.03125 0.028125
0 0.69453125 0.4296875 0.034375 0.0296875
0 0.69296875 0.3984375 0.034375 0.03125
0 0.6921875 0.36796875 0.03125 0.03125
0 0.69375 0.3375 0.034375 0.03125
0 0.69375 0.30625 0.034375 0.03125
0 0.69453125 0.27421875 0.034375 0.0328125
0 0.69453125 0.24140625 0.034375 0.0328125
0 0.69609375 0.209375 0.034375 0.03125
0 0.69921875 0.17578125 0.034375 0.0328125
0 0.70234375 0.14140625 0.034375 0.034375
0 0.70234375 0.10625 0.034375 0.034375
0 0.71171875 0.75625 0.03125 0.028125
0 0.71484375 0.73125 0.03125 0.025
0 0.71640625 0.703125 0.034375 0.028125
0 0.71796875 0.675 0.03125 0.028125
0 0.71796875 0.64765625 0.03125 0.0296875
0 0.71640625 0.6171875 0.034375 0.028125
0 0.7171875 0.58984375 0.03125 0.0296875
0 0.71953125 0.5625 0.03125 0.03125
0 0.7203125 0.5328125 0.034375 0.03125
0 0.7203125 0.503125 0.03125 0.03125
0 0.72109375 0.4734375 0.03125 0.0296875
0 0.72265625 0.4421875 0.034375 0.03125
0 0.72265625 0.4140625 0.034375 0.028125
0 0.7234375 0.3828125 0.034375 0.03125
0 0.72265625 0.353125 0.034375 0.03125
0 0.72265625 0.321875 0.034375 0.03125
0 0.72265625 0.29140625 0.034375 0.0328125
0 0.7234375 0.2609375 0.034375 0.03125
0 0.72578125 0.228125 0.03125 0.0296875
0 0.72734375 0.1953125 0.03125 0.0328125
0 0.72890625 0.1609375 0.034375 0.034375
0 0.7328125 0.128125 0.034375 0.03125
0 0.73359375 0.09375 0.034375 0.034375