0 0.2625 0.65546875 0.078125 0.0609375
0 0.23515625 0.60390625 0.090625 0.0625
0 0.64609375 0.9484375 0.0875 0.078125
0 0.62109375 0.875 0.0671875 0.05
0 0.67109375 0.88828125 0.0640625 0.059375
0 0.4296875 0.80234375 0.075 0.059375
0 0.3484375 0.71953125 0.078125 0.059375
0 0.41015625 0.74453125 0.0734375 0.059375
0 0.5390625 0.796875 0.075 0.065625
0 0.60390625 0.81953125 0.075 0.0640625
0 0.66015625 0.828125 0.065625 0.059375
0 0.73125 0.846875 0.0625 0.059375
0 0.78984375 0.853125 0.059375 0.05625
0 0.3671875 0.66796875 0.084375 0.065625
0 0.45 0.703125 0.08125 0.0640625
0 0.43828125 0.62578125 0.084375 0.065625
0 0.509375 0.6546875 0.0796875 0.065625
0 0.578125 0.67578125 0.075 0.065625
0 0.5234375 0.7375 0.078125 0.0640625
0 0.59296875 0.7484375 0.0734375 0.065625
0 0.65234375 0.77109375 0.06875 0.059375
0 0.7234375 0.7890625 0.06875 0.0578125
0 0.7796875 0.8015625 0.065625 0.05625
0 0.83125 0.8046875 0.05625 0.05625
0 0.86328125 0.75546875 0.05 0.0546875
0 0.89609375 0.71171875 0.05 0.0578125
0 0.846875 0.70234375 0.0546875 0.05625
0 0.8171875 0.753125 0.059375 0.05625
0 0.76328125 0.73828125 0.0625 0.059375
0 0.7046875 0.7234375 0.065625 0.059375
0 0.79453125 0.68671875 0.05625 0.05625
0 0.83515625 0.646875 0.05625 0.0546875
0 0.7875 0.63046875 0.0578125 0.053125
0 0.7453125 0.6734375 0.059375 0.0578125
0 0.690625 0.65 0.0671875 0.059375
0 0.64296875 0.6984375 0.06875 0.0625
0 0.23203125 0.525 0.09375 0.071875
0 0.315625 0.559375 0.0890625 0.06875
0 0.33828125 0.6171875 0.0828125 0.0625
0 0.40703125 0.565625 0.0859375 0.0671875
0 0.49140625 0.57109375 0.08125 0.0671875
0 0.56328125 0.603125 0.075 0.0640625
0 0.62890625 0.6296875 0.06875 0.0625
0 0.68125 0.58984375 0.0671875 0.0578125
0 0.7328125 0.6140625 0.0625 0.05625
0 0.78359375 0.57734375 0.0609375 0.0546875
0 0.8296875 0.59375 0.05625 0.05625
0 0.8359375 0.540625 0.05625 0.053125
0 0.79140625 0.521875 0.059375 0.053125
0 0.83515625 0.4875 0.05625 0.053125
0 0.7328125 0.559375 0.0625 0.05625
0 0.73515625 0.50078125 0.0640625 0.0578125
0 0.7359375 0.44296875 0.065625 0.059375
0 0.24765625 0.45078125 0.1 0.075
0 0.2453125 0.37890625 0.1 0.06875
0 0.2703125 0.31328125 0.09375 0.071875
0 0.33203125 0.4859375 0.0875 0.06875
0 0.3328125 0.409375 0.090625 0.071875
0 0.353125 0.3453125 0.0875 0.0671875
0 0.33515625 0.28046875 0.0875 0.06875
0 0.4203125 0.49921875 0.0875 0.065625
0 0.41953125 0.43359375 0.084375 0.06875
0 0.4375 0.36953125 0.0828125 0.065625
0 0.4234375 0.30390625 0.08125 0.065625
0 0.3984375 0.23203125 0.084375 0.06875
0 0.42890625 0.17734375 0.084375 0.0671875
0 0.47734375 0.2390625 0.0765625 0.0671875
0 0.503125 0.1578125 0.078125 0.06875
0 0.50390625 0.49609375 0.078125 0.0640625
0 0.50390625 0.428125 0.078125 0.0640625
0 0.5234375 0.365625 0.078125 0.065625
0 0.50546875 0.3015625 0.078125 0.0625
0 0.55859375 0.5390625 0.071875 0.0640625
0 0.56640625 0.4640625 0.078125 0.0625
0 0.54921875 0.21484375 0.075 0.0640625
0 0.58203125 0.1703125 0.071875 0.0625
0 0.61796875 0.23125 0.0703125 0.059375
0 0.56953125 0.2765625 0.075 0.059375
0 0.5828125 0.33828125 0.0703125 0.0609375
0 0.59140625 0.4015625 0.075 0.0640625
0 0.62421875 0.50625 0.075 0.0625
0 0.621875 0.56875 0.071875 0.059375
0 0.68203125 0.53046875 0.0671875 0.059375
0 0.67578125 0.471875 0.071875 0.059375
0 0.65703125 0.4140625 0.06875 0.059375
0 0.65546875 0.3515625 0.0671875 0.059375
0 0.63984375 0.290625 0.06875 0.0578125
0 0.65078125 0.18984375 0.065625 0.0609375
0 0.6890625 0.25859375 0.0671875 0.059375
0 0.70859375 0.21171875 0.065625 0.05625
0 0.70390625 0.31640625 0.0625 0.059375
0 0.75 0.28671875 0.0625 0.05625
0 0.76796875 0.2390625 0.0625 0.05625
0 0.71328125 0.38671875 0.0640625 0.059375
0 0.78359375 0.46640625 0.059375 0.05625
0 0.7828125 0.409375 0.065625 0.059375
0 0.8265625 0.43203125 0.05625 0.0546875
0 0.86328125 0.4453125 0.046875 0.05625
0 0.8671875 0.5546875 0.040625 0.053125
0 0.878125 0.653125 0.04375 0.0546875
0 0.87109375 0.3890625 0.05625 0.0546875
0 0.8609375 0.33671875 0.059375 0.05625
0 0.815625 0.37890625 0.05625 0.05625
0 0.75859375 0.35234375 0.065625 0.059375
0 0.80234375 0.3234375 0.0625 0.0578125
0 0.82421875 0.27578125 0.0625 0.05625
0 0.50625 0.1171875 0.071875 0.0484375
0 0.51953125 0.0484375 0.06875 0.065625
0 0.58984375 0.0625 0.0625 0.05625
0 0.7046875 0.046875 0.05625 0.0515625