0 0.55 0.0046875 0.040625 0.009375
0 0.5625 0.0171875 0.053125 0.028125
0 0.56171875 0.090625 0.046875 0.025
0 0.63984375 0.04375 0.059375 0.0265625
0 0.684375 0.0203125 0.05625 0.028125
0 0.7234375 0.02734375 0.0390625 0.028125
0 0.709375 0.0484375 0.0375 0.025
0 0.6984375 0.06875 0.05625 0.034375
0 0.81015625 0.009375 0.0578125 0.01875
0 0.834375 0.03125 0.053125 0.028125
0 0.771875 0.0796875 0.053125 0.03125
0 0.79375 0.090625 0.0375 0.028125
0 0.85703125 0.07421875 0.05 0.0296875
0 0.85546875 0.11875 0.05 0.03125
0 0.85703125 0.15703125 0.05625 0.0296875
0 0.83671875 0.1703125 0.071875 0.040625
0 0.775 0.134375 0.046875 0.028125
0 0.71328125 0.1125 0.0515625 0.0265625
0 0.72734375 0.1515625 0.0515625 0.028125
0 0.62109375 0.153125 0.053125 0.028125
0 0.66171875 0.165625 0.0484375 0.028125
0 0.57265625 0.16484375 0.053125 0.028125
0 0.60078125 0.1953125 0.059375 0.0296875
0 0.70078125 0.20390625 0.0515625 0.0296875
0 0.77421875 0.18125 0.040625 0.028125
0 0.68984375 0.23828125 0.053125 0.03125
0 0.80078125 0.2265625 0.0375 0.028125
0 0.834375 0.234375 0.04375 0.0265625
0 0.82421875 0.2671875 0.071875 0.0359375
0 0.60546875 0.278125 0.05625 0.03125
0 0.61953125 0.2375 0.05625 0.034375
0 0.5453125 0.2234375 0.05625 0.03125
0 0.4515625 0.1734375 0.0390625 0.028125
0 0.4734375 0.178125 0.053125 0.03125
0 0.50859375 0.17421875 0.04375 0.0296875
0 0.475 0.225 0.05625 0.028125
0 0.403125 0.19921875 0.05625 0.0296875
0 0.36953125 0.23125 0.05625 0.03125
0 0.3328125 0.259375 0.065625 0.0328125
0 0.340625 0.303125 0.065625 0.0375
0 0.40859375 0.3015625 0.05625 0.0296875
0 0.4375 0.2921875 0.04375 0.01875
0 0.4546875 0.3125 0.053125 0.0359375
0 0.4875 0.29375 0.0640625 0.034375
0 0.54921875 0.2734375 0.053125 0.034375
0 0.5234375 0.334375 0.05625 0.03125
0 0.578125 0.33671875 0.053125 0.0296875
0 0.58515625 0.3578125 0.059375 0.034375
0 0.63203125 0.3625 0.046875 0.03125
0 0.66015625 0.3609375 0.0515625 0.0296875
0 0.790625 0.315625 0.040625 0.025
0 0.7890625 0.371875 0.05 0.028125
0 0.8421875 0.35625 0.0515625 0.03125
0 0.8328125 0.4234375 0.053125 0.03125
0 0.925 0.43984375 0.0640625 0.040625
0 0.221875 0.2890625 0.0515625 0.03125
0 0.271875 0.28828125 0.059375 0.03125
0 0.25546875 0.3359375 0.065625 0.0375
0 0.215625 0.33515625 0.04375 0.0296875
0 0.2 0.390625 0.05625 0.034375
0 0.22265625 0.4046875 0.053125 0.03125
0 0.278125 0.39296875 0.0640625 0.03125
0 0.34296875 0.3953125 0.0609375 0.034375
0 0.39921875 0.4015625 0.053125 0.034375
0 0.42109375 0.4375 0.065625 0.034375
0 0.45234375 0.415625 0.0484375 0.028125
0 0.525 0.3828125 0.059375 0.034375
0 0.590625 0.39296875 0.059375 0.03125
0 0.58359375 0.42421875 0.0609375 0.0328125
0 0.65234375 0.4 0.053125 0.034375
0 0.640625 0.425 0.059375 0.034375
0 0.67578125 0.4515625 0.05625 0.034375
0 0.67734375 0.428125 0.04375 0.0328125
0 0.50625 0.42890625 0.059375 0.0359375
0 0.4484375 0.484375 0.05625 0.03125
0 0.128125 0.4890625 0.059375 0.034375
0 0.178125 0.4359375 0.065625 0.034375
0 0.184375 0.5078125 0.059375 0.034375
0 0.184375 0.5515625 0.065625 0.0375
0 0.2125 0.48828125 0.05625 0.034375
0 0.25390625 0.47421875 0.053125 0.025
0 0.2984375 0.4890625 0.059375 0.034375
0 0.3484375 0.4953125 0.05625 0.025
0 0.3890625 0.5109375 0.03125 0.021875
0 0.42265625 0.515625 0.059375 0.0359375
0 0.33828125 0.51484375 0.0515625 0.0296875
0 0.29765625 0.5296875 0.053125 0.03125
0 0.2328125 0.5359375 0.059375 0.034375
0 0.2484375 0.575 0.0609375 0.0359375
0 0.265625 0.6140625 0.0609375 0.0375
0 0.31953125 0.59453125 0.0609375 0.034375
0 0.3078125 0.5484375 0.0625 0.0375
0 0.41171875 0.5609375 0.059375 0.034375
0 0.48828125 0.5234375 0.0625 0.034375
0 0.525 0.49921875 0.05625 0.034375
0 0.5640625 0.45078125 0.0640625 0.0359375
0 0.603125 0.4859375 0.059375 0.034375
0 0.70625 0.4828125 0.05625 0.03125
0 0.7671875 0.46328125 0.053125 0.034375
0 0.80234375 0.515625 0.0625 0.0328125
0 0.7109375 0.5140625 0.053125 0.03125
0 0.66875 0.53984375 0.059375 0.0328125
0 0.59921875 0.5328125 0.05625 0.034375
0 0.52265625 0.54765625 0.053125 0.034375
0 0.496875 0.5671875 0.053125 0.0359375
0 0.46015625 0.5703125 0.0625 0.0359375
0 0.371875 0.609375 0.046875 0.028125
0 0.29453125 0.6421875 0.071875 0.0421875
0 0.2984375 0.6890625 0.0609375 0.0375
0 0.35546875 0.65546875 0.06875 0.040625
0 0.3921875 0.646875 0.0515625 0.0375
0 0.46328125 0.6515625 0.059375 0.034375
0 0.49453125 0.603125 0.0640625 0.034375
0 0.5671875 0.62265625 0.065625 0.0375
0 0.578125 0.58046875 0.0609375 0.0359375
0 0.8046875 0.56875 0.065625 0.0375
0 0.790625 0.5875 0.046875 0.01875
0 0.83125 0.6203125 0.0515625 0.034375
0 0.78046875 0.62109375 0.065625 0.034375
0 0.709375 0.6359375 0.06875 0.0375
0 0.7 0.6078125 0.05 0.0296875
0 0.64609375 0.6359375 0.06875 0.040625
0 0.5078125 0.6734375 0.053125 0.0375
0 0.378125 0.7015625 0.06875 0.040625
0 0.4359375 0.7203125 0.06875 0.0375
0 0.4796875 0.74765625 0.065625 0.040625
0 0.55 0.725 0.06875 0.0375
0 0.6109375 0.6890625 0.0640625 0.04375
0 0.63828125 0.69375 0.046875 0.03125
0 0.659375 0.67421875 0.0515625 0.0328125
0 0.6921875 0.6609375 0.0515625 0.028125
0 0.71328125 0.6890625 0.0484375 0.028125
0 0.746875 0.6546875 0.053125 0.03125
0 0.81328125 0.65390625 0.046875 0.03125
0 0.77890625 0.6734375 0.05625 0.03125
0 0.7453125 0.69140625 0.0375 0.028125
0 0.7765625 0.70625 0.05 0.028125
0 0.709375 0.7109375 0.059375 0.0359375
0 0.71640625 0.725 0.05 0.028125
0 0.659375 0.72734375 0.0609375 0.0375
0 0.57734375 0.7484375 0.059375 0.0328125
0 0.58125 0.7890625 0.071875 0.0421875
0 0.65703125 0.77265625 0.05625 0.03125
0 0.7421875 0.7671875 0.05625 0.03125
0 0.8109375 0.79375 0.05 0.03125
0 0.8921875 0.60234375 0.053125 0.03125
0 0.890625 0.64375 0.053125 0.03125
0 0.88125 0.67578125 0.053125 0.03125
0 0.30390625 0.7421875 0.065625 0.04375
0 0.36640625 0.74140625 0.065625 0.040625
0 0.3421875 0.78125 0.0625 0.0375
0 0.328125 0.8234375 0.0625 0.0359375
0 0.328125 0.8625 0.065625 0.0390625
0 0.4125 0.815625 0.06875 0.040625
0 0.42265625 0.77421875 0.0625 0.040625
0 0.49765625 0.79375 0.065625 0.040625
0 0.465625 0.8265625 0.0625 0.0375
0 0.42734375 0.8671875 0.0765625 0.0421875
0 0.3640625 0.9078125 0.0640625 0.0390625
0 0.328125 0.975 0.071875 0.0453125
0 0.32265625 0.9921875 0.084375 0.0140625
0 0.38828125 0.9765625 0.06875 0.0421875
0 0.4203125 0.9546875 0.0625 0.0390625
0 0.521875 0.9765625 0.075 0.04375
0 0.484375 0.88125 0.0640625 0.04375
0 0.434375 0.909375 0.065625 0.0375
0 0.515625 0.9109375 0.06875 0.046875
0 0.58125 0.9453125 0.059375 0.0359375
0 0.53984375 0.9515625 0.03125 0.021875
0 0.565625 0.9640625 0.034375 0.0265625
0 0.61640625 0.8296875 0.05625 0.03125
0 0.61796875 0.8640625 0.06875 0.0390625
0 0.6453125 0.8921875 0.059375 0.040625
0 0.65234375 0.92421875 0.0484375 0.0296875
0 0.61875 0.93984375 0.0484375 0.0390625
0 0.721875 0.825 0.053125 0.034375
0 0.746875 0.8453125 0.046875 0.03125
0 0.7546875 0.8140625 0.040625 0.0296875
0 0.7265625 0.884375 0.05 0.03125
0 0.68203125 0.853125 0.053125 0.034375
0 0.69453125 0.9203125 0.04375 0.03125
0 0.76796875 0.9890625 0.05 0.0203125
0 0.73046875 0.9140625 0.040625 0.03125
0 0.78359375 0.8890625 0.04375 0.0296875
0 0.81875 0.87421875 0.0515625 0.034375
0 0.82265625 0.940625 0.0515625 0.0296875
0 0.8421875 0.9921875 0.0625 0.0140625