0 0.55 0.9953125 0.040625 0.009375
0 0.5625 0.9828125 0.053125 0.028125
0 0.56171875 0.909375 0.046875 0.025
0 0.63984375 0.95625 0.059375 0.0265625
0 0.684375 0.9796875 0.05625 0.028125
0 0.7234375 0.97265625 0.0390625 0.028125
0 0.709375 0.9515625 0.0375 0.025
0 0.6984375 0.93125 0.05625 0.034375
0 0.81015625 0.990625 0.0578125 0.01875
0 0.834375 0.96875 0.053125 0.028125
0 0.771875 0.9203125 0.053125 0.03125
0 0.79375 0.909375 0.0375 0.028125
0 0.85703125 0.92578125 0.05 0.0296875
0 0.85546875 0.88125 0.05 0.03125
0 0.85703125 0.84296875 0.05625 0.0296875
0 0.83671875 0.8296875 0.071875 0.040625
0 0.775 0.865625 0.046875 0.028125
0 0.71328125 0.8875 0.0515625 0.0265625
0 0.72734375 0.8484375 0.0515625 0.028125
0 0.62109375 0.846875 0.053125 0.028125
0 0.66171875 0.834375 0.0484375 0.028125
0 0.57265625 0.83515625 0.053125 0.028125
0 0.60078125 0.8046875 0.059375 0.0296875
0 0.70078125 0.79609375 0.0515625 0.0296875
0 0.77421875 0.81875 0.040625 0.028125
0 0.68984375 0.76171875 0.053125 0.03125
0 0.80078125 0.7734375 0.0375 0.028125
0 0.834375 0.765625 0.04375 0.0265625
0 0.82421875 0.7328125 0.071875 0.0359375
0 0.60546875 0.721875 0.05625 0.03125
0 0.61953125 0.7625 0.05625 0.034375
0 0.5453125 0.7765625 0.05625 0.03125
0 0.4515625 0.8265625 0.0390625 0.028125
0 0.4734375 0.821875 0.053125 0.03125
0 0.50859375 0.82578125 0.04375 0.0296875
0 0.475 0.775 0.05625 0.028125
0 0.403125 0.80078125 0.05625 0.0296875
0 0.36953125 0.76875 0.05625 0.03125
0 0.3328125 0.740625 0.065625 0.0328125
0 0.340625 0.696875 0.065625 0.0375
0 0.40859375 0.6984375 0.05625 0.0296875
0 0.4375 0.7078125 0.04375 0.01875
0 0.4546875 0.6875 0.053125 0.0359375
0 0.4875 0.70625 0.0640625 0.034375
0 0.54921875 0.7265625 0.053125 0.034375
0 0.5234375 0.665625 0.05625 0.03125
0 0.578125 0.66328125 0.053125 0.0296875
0 0.58515625 0.6421875 0.059375 0.034375
0 0.63203125 0.6375 0.046875 0.03125
0 0.66015625 0.6390625 0.0515625 0.0296875
0 0.790625 0.684375 0.040625 0.025
0 0.7890625 0.628125 0.05 0.028125
0 0.8421875 0.64375 0.0515625 0.03125
0 0.8328125 0.5765625 0.053125 0.03125
0 0.925 0.56015625 0.0640625 0.040625
0 0.221875 0.7109375 0.0515625 0.03125
0 0.271875 0.71171875 0.059375 0.03125
0 0.25546875 0.6640625 0.065625 0.0375
0 0.215625 0.66484375 0.04375 0.0296875
0 0.2 0.609375 0.05625 0.034375
0 0.22265625 0.5953125 0.053125 0.03125
0 0.278125 0.60703125 0.0640625 0.03125
0 0.34296875 0.6046875 0.0609375 0.034375
0 0.39921875 0.5984375 0.053125 0.034375
0 0.42109375 0.5625 0.065625 0.034375
0 0.45234375 0.584375 0.0484375 0.028125
0 0.525 0.6171875 0.059375 0.034375
0 0.590625 0.60703125 0.059375 0.03125
0 0.58359375 0.57578125 0.0609375 0.0328125
0 0.65234375 0.6 0.053125 0.034375
0 0.640625 0.575 0.059375 0.034375
0 0.67578125 0.5484375 0.05625 0.034375
0 0.67734375 0.571875 0.04375 0.0328125
0 0.50625 0.57109375 0.059375 0.0359375
0 0.4484375 0.515625 0.05625 0.03125
0 0.128125 0.5109375 0.059375 0.034375
0 0.178125 0.5640625 0.065625 0.034375
0 0.184375 0.4921875 0.059375 0.034375
0 0.184375 0.4484375 0.065625 0.0375
0 0.2125 0.51171875 0.05625 0.034375
0 0.25390625 0.52578125 0.053125 0.025
0 0.2984375 0.5109375 0.059375 0.034375
0 0.3484375 0.5046875 0.05625 0.025
0 0.3890625 0.4890625 0.03125 0.021875
0 0.42265625 0.484375 0.059375 0.0359375
0 0.33828125 0.48515625 0.0515625 0.0296875
0 0.29765625 0.4703125 0.053125 0.03125
0 0.2328125 0.4640625 0.059375 0.034375
0 0.2484375 0.425 0.0609375 0.0359375
0 0.265625 0.3859375 0.0609375 0.0375
0 0.31953125 0.40546875 0.0609375 0.034375
0 0.3078125 0.4515625 0.0625 0.0375
0 0.41171875 0.4390625 0.059375 0.034375
0 0.48828125 0.4765625 0.0625 0.034375
0 0.525 0.50078125 0.05625 0.034375
0 0.5640625 0.54921875 0.0640625 0.0359375
0 0.603125 0.5140625 0.059375 0.034375
0 0.70625 0.5171875 0.05625 0.03125
0 0.7671875 0.53671875 0.053125 0.034375
0 0.80234375 0.484375 0.0625 0.0328125
0 0.7109375 0.4859375 0.053125 0.03125
0 0.66875 0.46015625 0.059375 0.0328125
0 0.59921875 0.4671875 0.05625 0.034375
0 0.52265625 0.45234375 0.053125 0.034375
0 0.496875 0.4328125 0.053125 0.0359375
0 0.46015625 0.4296875 0.0625 0.0359375
0 0.371875 0.390625 0.046875 0.028125
0 0.29453125 0.3578125 0.071875 0.0421875
0 0.2984375 0.3109375 0.0609375 0.0375
0 0.35546875 0.34453125 0.06875 0.040625
0 0.3921875 0.353125 0.0515625 0.0375
0 0.46328125 0.3484375 0.059375 0.034375
0 0.49453125 0.396875 0.0640625 0.034375
0 0.5671875 0.37734375 0.065625 0.0375
0 0.578125 0.41953125 0.0609375 0.0359375
0 0.8046875 0.43125 0.065625 0.0375
0 0.790625 0.4125 0.046875 0.01875
0 0.83125 0.3796875 0.0515625 0.034375
0 0.78046875 0.37890625 0.065625 0.034375
0 0.709375 0.3640625 0.06875 0.0375
0 0.7 0.3921875 0.05 0.0296875
0 0.64609375 0.3640625 0.06875 0.040625
0 0.5078125 0.3265625 0.053125 0.0375
0 0.378125 0.2984375 0.06875 0.040625
0 0.4359375 0.2796875 0.06875 0.0375
0 0.4796875 0.25234375 0.065625 0.040625
0 0.55 0.275 0.06875 0.0375
0 0.6109375 0.3109375 0.0640625 0.04375
0 0.63828125 0.30625 0.046875 0.03125
0 0.659375 0.32578125 0.0515625 0.0328125
0 0.6921875 0.3390625 0.0515625 0.028125
0 0.71328125 0.3109375 0.0484375 0.028125
0 0.746875 0.3453125 0.053125 0.03125
0 0.81328125 0.34609375 0.046875 0.03125
0 0.77890625 0.3265625 0.05625 0.03125
0 0.7453125 0.30859375 0.0375 0.028125
0 0.7765625 0.29375 0.05 0.028125
0 0.709375 0.2890625 0.059375 0.0359375
0 0.71640625 0.275 0.05 0.028125
0 0.659375 0.27265625 0.0609375 0.0375
0 0.57734375 0.2515625 0.059375 0.0328125
0 0.58125 0.2109375 0.071875 0.0421875
0 0.65703125 0.22734375 0.05625 0.03125
0 0.7421875 0.2328125 0.05625 0.03125
0 0.8109375 0.20625 0.05 0.03125
0 0.8921875 0.39765625 0.053125 0.03125
0 0.890625 0.35625 0.053125 0.03125
0 0.88125 0.32421875 0.053125 0.03125
0 0.30390625 0.2578125 0.065625 0.04375
0 0.36640625 0.25859375 0.065625 0.040625
0 0.3421875 0.21875 0.0625 0.0375
0 0.328125 0.1765625 0.0625 0.034375
0 0.328125 0.1375 0.065625 0.0375
0 0.4125 0.184375 0.06875 0.040625
0 0.42265625 0.22578125 0.0625 0.040625
0 0.49765625 0.20625 0.065625 0.040625
0 0.465625 0.1734375 0.0625 0.0375
0 0.42734375 0.1328125 0.0765625 0.0421875
0 0.3640625 0.0921875 0.0640625 0.0375
0 0.328125 0.025 0.071875 0.04375
0 0.32265625 0.0078125 0.084375 0.0140625
0 0.38828125 0.0234375 0.06875 0.040625
0 0.4203125 0.0453125 0.0625 0.0390625
0 0.521875 0.0234375 0.075 0.04375
0 0.484375 0.11875 0.0640625 0.04375
0 0.434375 0.090625 0.065625 0.0375
0 0.515625 0.0890625 0.06875 0.046875
0 0.58125 0.0546875 0.059375 0.0359375
0 0.53984375 0.0484375 0.03125 0.021875
0 0.565625 0.0359375 0.034375 0.0265625
0 0.61640625 0.1703125 0.05625 0.03125
0 0.61796875 0.1359375 0.06875 0.0390625
0 0.6453125 0.1078125 0.059375 0.040625
0 0.65234375 0.07578125 0.0484375 0.0296875
0 0.61875 0.06015625 0.0484375 0.0390625
0 0.721875 0.175 0.053125 0.034375
0 0.746875 0.1546875 0.046875 0.03125
0 0.7546875 0.1859375 0.040625 0.0296875
0 0.7265625 0.115625 0.05 0.03125
0 0.68203125 0.146875 0.053125 0.034375
0 0.69453125 0.0796875 0.04375 0.03125
0 0.76796875 0.0109375 0.05 0.01875
0 0.73046875 0.0859375 0.040625 0.03125
0 0.78359375 0.1109375 0.04375 0.028125
0 0.81875 0.12578125 0.0515625 0.034375
0 0.82265625 0.059375 0.0515625 0.028125
0 0.8421875 0.0078125 0.0625 0.0140625