0 0.4015625 0.2609375 0.0203125 0.034375
0 0.38203125 0.27265625 0.021875 0.03125
0 0.36953125 0.271875 0.0171875 0.03125
0 0.3578125 0.28828125 0.021875 0.0296875
0 0.3453125 0.28359375 0.01875 0.0234375
0 0.3390625 0.3078125 0.021875 0.0296875
0 0.32265625 0.29765625 0.021875 0.028125
0 0.303125 0.31015625 0.025 0.034375
0 0.4796875 0.07734375 0.028125 0.040625
0 0.4546875 0.1109375 0.028125 0.0390625
0 0.43984375 0.14375 0.028125 0.0375
0 0.428125 0.17890625 0.028125 0.0390625
0 0.4359375 0.21484375 0.0296875 0.04375
0 0.45078125 0.24921875 0.028125 0.040625
0 0.46484375 0.21484375 0.0265625 0.0421875
0 0.4796875 0.246875 0.0265625 0.0390625
0 0.4875 0.28203125 0.03125 0.040625
0 0.51015625 0.32421875 0.028125 0.0375
0 0.5203125 0.0625 0.028125 0.0375
0 0.5515625 0.059375 0.025 0.040625
0 0.534375 0.09375 0.028125 0.0375
0 0.51953125 0.12421875 0.028125 0.04375
0 0.54609375 0.125 0.0265625 0.0390625
0 0.48828125 0.12109375 0.0296875 0.040625
0 0.47109375 0.14765625 0.028125 0.0359375
0 0.45625 0.17890625 0.028125 0.0375
0 0.484375 0.18203125 0.0296875 0.040625
0 0.5015625 0.1515625 0.028125 0.0375
0 0.5296875 0.16328125 0.0296875 0.0390625
0 0.5140625 0.1890625 0.03125 0.040625
0 0.4953125 0.21484375 0.0296875 0.040625
0 0.50859375 0.253125 0.028125 0.04375
0 0.5171875 0.28984375 0.028125 0.040625
0 0.534375 0.340625 0.0296875 0.0375
0 0.54140625 0.303125 0.0296875 0.040625
0 0.559375 0.33515625 0.028125 0.0421875
0 0.578125 0.30625 0.028125 0.0390625
0 0.55859375 0.27734375 0.03125 0.040625
0 0.534375 0.2609375 0.0296875 0.0390625
0 0.52421875 0.228125 0.0265625 0.0375
0 0.5859375 0.26640625 0.028125 0.0390625
0 0.61015625 0.2734375 0.028125 0.040625
0 0.55234375 0.23125 0.0296875 0.0390625
0 0.54453125 0.1953125 0.028125 0.040625
0 0.55859375 0.159375 0.0296875 0.0375
0 0.5828125 0.05390625 0.028125 0.0375
0 0.56328125 0.08359375 0.03125 0.040625
0 0.59296875 0.103125 0.028125 0.0375
0 0.575 0.12734375 0.028125 0.0390625
0 0.62578125 0.08515625 0.028125 0.040625
0 0.65078125 0.1078125 0.028125 0.0390625
0 0.6703125 0.1375 0.0265625 0.0375
0 0.68046875 0.17265625 0.028125 0.0375
0 0.68203125 0.20859375 0.028125 0.040625
0 0.653125 0.22421875 0.025 0.0375
0 0.634375 0.24765625 0.028125 0.040625
0 0.6078125 0.2359375 0.028125 0.040625
0 0.58046875 0.2296875 0.028125 0.040625
0 0.5734375 0.19296875 0.0296875 0.04375
0 0.58828125 0.16171875 0.028125 0.0375
0 0.609375 0.1390625 0.028125 0.0375
0 0.6390625 0.15546875 0.028125 0.040625
0 0.61796875 0.17578125 0.028125 0.040625
0 0.62890625 0.20859375 0.03125 0.040625
0 0.65078125 0.1859375 0.0296875 0.040625
0 0.4203125 0.27421875 0.021875 0.0296875
0 0.4421875 0.30546875 0.0203125 0.03125
0 0.40078125 0.28984375 0.021875 0.03125
0 0.41953125 0.30078125 0.025 0.03125
0 0.2828125 0.3515625 0.0234375 0.0328125
0 0.37734375 0.3 0.021875 0.0328125
0 0.3953125 0.31796875 0.021875 0.03125
0 0.415625 0.3296875 0.021875 0.03125
0 0.43671875 0.33125 0.021875 0.03125
0 0.45625 0.35 0.021875 0.0296875
0 0.45859375 0.31953125 0.0203125 0.03125
0 0.48671875 0.365625 0.021875 0.03125
0 0.30234375 0.33984375 0.025 0.03125
0 0.32109375 0.3234375 0.0234375 0.0296875
0 0.34140625 0.33515625 0.025 0.034375
0 0.31953125 0.35390625 0.021875 0.028125
0 0.3015625 0.36875 0.0234375 0.03125
0 0.2671875 0.371875 0.025 0.03125
0 0.28671875 0.3875 0.025 0.028125
0 0.26328125 0.4 0.0203125 0.028125
0 0.27890625 0.41640625 0.0234375 0.03125
0 0.259375 0.42890625 0.0234375 0.03125
0 0.28203125 0.44375 0.021875 0.03125
0 0.30390625 0.4453125 0.021875 0.03125
0 0.30234375 0.4109375 0.021875 0.0328125
0 0.315625 0.38984375 0.021875 0.03125
0 0.340625 0.36875 0.021875 0.028125
0 0.3375 0.39765625 0.021875 0.03125
0 0.36484375 0.43515625 0.021875 0.0296875
0 0.325 0.41953125 0.021875 0.03125
0 0.34453125 0.425 0.021875 0.03125
0 0.35859375 0.31796875 0.021875 0.03125
0 0.37734375 0.33203125 0.021875 0.034375
0 0.36015625 0.3484375 0.021875 0.03125
0 0.3609375 0.37890625 0.021875 0.03125
0 0.3609375 0.40625 0.021875 0.03125
0 0.396875 0.34765625 0.0203125 0.03125
0 0.37890625 0.36328125 0.021875 0.03125
0 0.38046875 0.39140625 0.021875 0.03125
0 0.3984375 0.37578125 0.0234375 0.03125
0 0.415625 0.359375 0.0203125 0.03125
0 0.4375 0.3609375 0.021875 0.03125
0 0.465625 0.375 0.021875 0.028125
0 0.446875 0.3859375 0.021875 0.028125
0 0.425 0.38515625 0.021875 0.03125
0 0.4078125 0.40078125 0.021875 0.03125
0 0.38984375 0.4171875 0.021875 0.0296875
0 0.384375 0.4453125 0.021875 0.03125
0 0.409375 0.42890625 0.021875 0.03125
0 0.43203125 0.41171875 0.021875 0.03125
0 0.45390625 0.4125 0.021875 0.03125
0 0.4734375 0.4015625 0.021875 0.03125
0 0.49375 0.3921875 0.021875 0.03125
0 0.49140625 0.4203125 0.021875 0.0296875
0 0.2609375 0.45703125 0.025 0.0296875
0 0.26875 0.48515625 0.025 0.028125
0 0.28984375 0.47109375 0.0234375 0.03125
0 0.2890625 0.49921875 0.021875 0.028125
0 0.3109375 0.49921875 0.021875 0.03125
0 0.3125 0.4703125 0.021875 0.0296875
0 0.325 0.4484375 0.021875 0.028125
0 0.334375 0.47578125 0.0234375 0.028125
0 0.334375 0.50234375 0.0234375 0.0296875
0 0.34765625 0.45390625 0.021875 0.03125
0 0.35234375 0.490625 0.021875 0.0296875
0 0.35234375 0.52265625 0.021875 0.03125
0 0.3734375 0.525 0.021875 0.03125
0 0.3734375 0.496875 0.021875 0.03125
0 0.36640625 0.46953125 0.021875 0.03125
0 0.38828125 0.47421875 0.021875 0.0296875
0 0.39453125 0.50703125 0.0234375 0.03125
0 0.39375 0.53671875 0.0234375 0.0296875
0 0.41640625 0.53671875 0.021875 0.028125
0 0.43515625 0.525 0.0234375 0.0296875
0 0.41953125 0.50859375 0.0234375 0.028125
0 0.4078125 0.48515625 0.0234375 0.0296875
0 0.4046875 0.45625 0.021875 0.03125
0 0.425 0.4671875 0.021875 0.028125
0 0.43671875 0.48984375 0.021875 0.03125
0 0.4515625 0.50859375 0.0234375 0.03125
0 0.42890625 0.43984375 0.021875 0.03125
0 0.45078125 0.4390625 0.021875 0.028125
0 0.47109375 0.4296875 0.021875 0.03125
0 0.4875 0.446875 0.021875 0.03125
0 0.4671875 0.45703125 0.021875 0.0296875
0 0.48359375 0.47578125 0.021875 0.028125
0 0.4640625 0.48515625 0.021875 0.028125
0 0.446875 0.46640625 0.021875 0.03125
0 0.1984375 0.55390625 0.03125 0.0375
0 0.21484375 0.58125 0.028125 0.0375
0 0.16484375 0.57265625 0.028125 0.0390625
0 0.1875 0.59453125 0.03125 0.040625
0 0.1609375 0.60859375 0.03125 0.0375
0 0.12890625 0.5984375 0.028125 0.0375
0 0.11484375 0.61796875 0.028125 0.0375
0 0.09765625 0.64765625 0.028125 0.0390625
0 0.13984375 0.63125 0.0265625 0.034375
0 0.125 0.653125 0.01875 0.0359375
0 0.09765625 0.6859375 0.028125 0.0375
0 0.146875 0.66796875 0.028125 0.034375
0 0.13046875 0.690625 0.028125 0.0359375
0 0.115625 0.7125 0.0265625 0.034375
0 0.090625 0.703125 0.028125 0.0296875
0 0.09453125 0.7359375 0.0296875 0.0328125
0 0.1703125 0.640625 0.0265625 0.0375
0 0.1921875 0.63125 0.028125 0.0375
0 0.221875 0.6171875 0.028125 0.0375
0 0.2421875 0.5640625 0.028125 0.0375
0 0.26640625 0.57578125 0.028125 0.0375
0 0.29375 0.57890625 0.028125 0.0375
0 0.25234375 0.60625 0.028125 0.0375
0 0.278125 0.609375 0.028125 0.0390625
0 0.30703125 0.61015625 0.0296875 0.0375
0 0.2953125 0.640625 0.0265625 0.040625
0 0.26015625 0.64296875 0.028125 0.0375
0 0.23203125 0.65078125 0.028125 0.034375
0 0.2046875 0.66328125 0.03125 0.0375
0 0.17734375 0.67734375 0.028125 0.0359375
0 0.15703125 0.7 0.0296875 0.034375
0 0.18203125 0.7125 0.028125 0.0375
0 0.221875 0.6890625 0.028125 0.040625
0 0.215625 0.72265625 0.0296875 0.034375
0 0.24296875 0.7125 0.028125 0.0375
0 0.25234375 0.67578125 0.028125 0.0375
0 0.27578125 0.6734375 0.028125 0.0359375
0 0.26640625 0.70703125 0.028125 0.0390625
0 0.1078125 0.7578125 0.028125 0.0359375
0 0.0984375 0.775 0.0296875 0.034375
0 0.1375 0.7234375 0.0265625 0.0375
0 0.1453125 0.76015625 0.0296875 0.0375
0 0.1078125 0.80859375 0.028125 0.0375
0 0.14609375 0.84609375 0.028125 0.0359375
0 0.1375 0.81171875 0.025 0.034375
0 0.128125 0.78046875 0.025 0.034375
0 0.15078125 0.79609375 0.0265625 0.0359375
0 0.16015625 0.82734375 0.028125 0.034375
0 0.1703125 0.85625 0.028125 0.034375
0 0.1890625 0.834375 0.028125 0.0359375
0 0.2 0.8625 0.0265625 0.0296875
0 0.18125 0.8 0.028125 0.034375
0 0.17265625 0.76640625 0.028125 0.0375
0 0.1640625 0.7359375 0.028125 0.0375
0 0.18984375 0.74765625 0.028125 0.0375
0 0.19609375 0.784375 0.028125 0.0359375
0 0.22890625 0.753125 0.0296875 0.0375
0 0.2234375 0.78671875 0.0296875 0.0359375
0 0.20859375 0.8109375 0.028125 0.034375
0 0.215625 0.84375 0.0265625 0.034375
0 0.228125 0.875 0.028125 0.0359375
0 0.25625 0.86796875 0.0265625 0.034375
0 0.2421875 0.83828125 0.025 0.0359375
0 0.246875 0.809375 0.0296875 0.034375
0 0.253125 0.77734375 0.025 0.0359375
0 0.2796875 0.86484375 0.0265625 0.034375
0 0.30703125 0.86484375 0.028125 0.034375
0 0.26875 0.82890625 0.025 0.028125
0 0.27265625 0.80234375 0.028125 0.0359375
0 0.290625 0.82578125 0.025 0.034375
0 0.33515625 0.85625 0.0265625 0.0359375
0 0.35859375 0.85078125 0.0296875 0.0375
0 0.31796875 0.83359375 0.028125 0.034375
0 0.259375 0.7390625 0.025 0.0375
0 0.2828125 0.7359375 0.028125 0.0375
0 0.27890625 0.76953125 0.028125 0.0375
0 0.29921875 0.79140625 0.028125 0.0359375
0 0.3265625 0.7984375 0.028125 0.0375
0 0.3453125 0.81953125 0.028125 0.034375
0 0.37578125 0.81875 0.028125 0.034375
0 0.3359375 0.60625 0.0265625 0.0375
0 0.321875 0.63984375 0.0265625 0.0375
0 0.35546875 0.63046875 0.028125 0.0359375
0 0.37421875 0.6546875 0.028125 0.0359375
0 0.3859375 0.6890625 0.028125 0.0375
0 0.39375 0.7234375 0.028125 0.0375
0 0.39296875 0.75703125 0.028125 0.034375
0 0.38671875 0.790625 0.028125 0.0375
0 0.35859375 0.7953125 0.0296875 0.0359375
0 0.3390625 0.7703125 0.0296875 0.034375
0 0.36484375 0.76171875 0.028125 0.0359375
0 0.31171875 0.76015625 0.028125 0.0375
0 0.31328125 0.72421875 0.028125 0.0359375
0 0.2921875 0.70234375 0.0265625 0.0375
0 0.33046875 0.70234375 0.0265625 0.0375
0 0.340625 0.73046875 0.028125 0.034375
0 0.36640625 0.7265625 0.028125 0.0359375
0 0.36015625 0.690625 0.028125 0.0359375
0 0.3421875 0.66640625 0.028125 0.040625
0 0.31640625 0.66875 0.028125 0.0359375
0 0.4640625 0.53125 0.0203125 0.028125
0 0.484375 0.53515625 0.0203125 0.0265625
0 0.47109375 0.55625 0.0203125 0.028125
0 0.45 0.55 0.021875 0.028125
0 0.44453125 0.5953125 0.021875 0.0296875
0 0.43828125 0.56953125 0.0203125 0.0265625
0 0.440625 0.63046875 0.0203125 0.0265625
0 0.45859375 0.575 0.0203125 0.0296875
0 0.478125 0.58125 0.021875 0.03125
0 0.46484375 0.60078125 0.0203125 0.0265625
0 0.4859375 0.6046875 0.021875 0.028125
0 0.49609375 0.51484375 0.021875 0.028125
0 0.51640625 0.5171875 0.0203125 0.028125
0 0.53828125 0.525 0.021875 0.028125
0 0.55859375 0.52890625 0.0203125 0.028125
0 0.5234375 0.540625 0.021875 0.028125
0 0.503125 0.5375 0.01875 0.028125
0 0.49140625 0.56015625 0.021875 0.03125
0 0.51171875 0.5640625 0.0203125 0.0296875
0 0.4984375 0.58203125 0.01875 0.025
0 0.51640625 0.5859375 0.01875 0.028125
0 0.50546875 0.60546875 0.0203125 0.0265625
0 0.525 0.60703125 0.0171875 0.028125
0 0.53671875 0.58828125 0.0203125 0.028125
0 0.53046875 0.565625 0.021875 0.028125
0 0.5484375 0.55078125 0.01875 0.028125
0 0.5671875 0.5578125 0.021875 0.028125
0 0.57734375 0.534375 0.01875 0.028125
0 0.55546875 0.578125 0.0203125 0.028125
0 0.59453125 0.54921875 0.021875 0.028125
0 0.58359375 0.57421875 0.021875 0.0296875
0 0.5703125 0.59375 0.0203125 0.028125
0 0.59375 0.59609375 0.021875 0.028125
0 0.60234375 0.57109375 0.021875 0.0296875
0 0.61328125 0.59453125 0.0203125 0.028125
0 0.63203125 0.5921875 0.01875 0.0296875
0 0.64375 0.61171875 0.01875 0.028125
0 0.60859375 0.6171875 0.021875 0.028125
0 0.5859375 0.6171875 0.01875 0.028125
0 0.56796875 0.62109375 0.021875 0.0296875
0 0.5453125 0.61484375 0.0203125 0.0265625
0 0.4734375 0.6265625 0.021875 0.0296875
0 0.459375 0.64453125 0.0203125 0.0265625
0 0.44609375 0.6625 0.01875 0.028125
0 0.45390625 0.68515625 0.0203125 0.028125
0 0.46171875 0.70703125 0.01875 0.028125
0 0.4796875 0.6515625 0.021875 0.0265625
0 0.4671875 0.66953125 0.0203125 0.025
0 0.4765625 0.69140625 0.0203125 0.028125
0 0.48125 0.71484375 0.01875 0.025
0 0.48984375 0.7390625 0.021875 0.025
0 0.50078125 0.71953125 0.021875 0.03125
0 0.49609375 0.69453125 0.0203125 0.0265625
0 0.48828125 0.6734375 0.01875 0.0265625
0 0.5015625 0.65234375 0.01875 0.0265625
0 0.49296875 0.62734375 0.0203125 0.028125
0 0.51328125 0.63125 0.021875 0.028125
0 0.53203125 0.634375 0.0203125 0.0296875
0 0.5203125 0.65625 0.0203125 0.028125
0 0.5078125 0.67578125 0.0203125 0.028125
0 0.528125 0.67890625 0.021875 0.0265625
0 0.51640625 0.6984375 0.021875 0.025
0 0.5203125 0.72109375 0.01875 0.0265625
0 0.50859375 0.7453125 0.01875 0.025
0 0.55078125 0.63359375 0.01875 0.025
0 0.5390625 0.65546875 0.01875 0.025
0 0.56171875 0.6578125 0.021875 0.0296875
0 0.55 0.67890625 0.0203125 0.025
0 0.5375 0.6984375 0.0203125 0.0265625
0 0.53828125 0.721875 0.01875 0.025
0 0.52734375 0.74453125 0.01875 0.028125
0 0.546875 0.74453125 0.01875 0.025
0 0.565625 0.7421875 0.0203125 0.0265625
0 0.5578125 0.7234375 0.01875 0.025
0 0.55859375 0.696875 0.01875 0.025
0 0.57265625 0.6796875 0.01875 0.0265625
0 0.57734375 0.64453125 0.01875 0.028125
0 0.58828125 0.6625 0.0203125 0.0265625
0 0.59765625 0.640625 0.01875 0.0265625
0 0.61875 0.63984375 0.0203125 0.0265625
0 0.640625 0.63828125 0.0203125 0.028125
0 0.628125 0.6625 0.0203125 0.028125
0 0.609375 0.6625 0.021875 0.03125
0 0.59765625 0.6828125 0.021875 0.0265625
0 0.61875 0.68515625 0.0203125 0.03125
0 0.58203125 0.6984375 0.01875 0.0265625
0 0.57734375 0.72421875 0.01875 0.028125
0 0.5859375 0.75 0.0203125 0.0265625
0 0.60625 0.75078125 0.0203125 0.0265625
0 0.59609375 0.7234375 0.01875 0.028125
0 0.61640625 0.7265625 0.01875 0.025
0 0.60703125 0.70546875 0.01875 0.028125
0 0.628125 0.7078125 0.01875 0.0296875
0 0.6359375 0.72421875 0.015625 0.025
0 0.65078125 0.71171875 0.021875 0.028125
0 0.6375 0.68359375 0.01875 0.0265625
0 0.6578125 0.684375 0.0203125 0.025
0 0.6609375 0.6625 0.021875 0.028125
0 0.6046875 0.32109375 0.021875 0.028125
0 0.62109375 0.3171875 0.015625 0.03125
0 0.6390625 0.31328125 0.0171875 0.025
0 0.653125 0.3265625 0.01875 0.025
0 0.67109375 0.3234375 0.0171875 0.0265625
0 0.68828125 0.32421875 0.0171875 0.028125
0 0.696875 0.340625 0.0140625 0.0234375
0 0.68359375 0.346875 0.01875 0.028125
0 0.6953125 0.36171875 0.01875 0.028125
0 0.71640625 0.3609375 0.01875 0.0265625
0 0.63359375 0.3359375 0.0203125 0.025
0 0.64609375 0.35 0.01875 0.0265625
0 0.66484375 0.3453125 0.01875 0.0265625
0 0.65859375 0.36875 0.0203125 0.0265625
0 0.678125 0.3703125 0.01875 0.025
0 0.70546875 0.38359375 0.0171875 0.025
0 0.58125 0.3453125 0.01875 0.0265625
0 0.56796875 0.36328125 0.01875 0.021875
0 0.5515625 0.375 0.021875 0.021875
0 0.540625 0.39296875 0.021875 0.025
0 0.5359375 0.41796875 0.0203125 0.0265625
0 0.5375 0.4421875 0.021875 0.028125
0 0.59921875 0.3453125 0.01875 0.025
0 0.59140625 0.36953125 0.01875 0.025
0 0.60859375 0.36796875 0.01875 0.025
0 0.62734375 0.359375 0.01875 0.028125
0 0.621875 0.384375 0.01875 0.025
0 0.57421875 0.3828125 0.01875 0.025
0 0.56015625 0.39453125 0.01875 0.028125
0 0.55546875 0.4171875 0.01875 0.028125
0 0.55546875 0.44296875 0.0203125 0.028125
0 0.540625 0.4671875 0.01875 0.0265625
0 0.559375 0.46796875 0.0203125 0.025
0 0.55 0.4890625 0.01875 0.0265625
0 0.575 0.4078125 0.01875 0.0265625
0 0.58828125 0.39609375 0.01875 0.025
0 0.5703125 0.43046875 0.0171875 0.0265625
0 0.57421875 0.4546875 0.01875 0.0265625
0 0.57734375 0.48046875 0.0203125 0.025
0 0.5671875 0.50078125 0.01875 0.028125
0 0.58359375 0.50859375 0.01875 0.0265625
0 0.5953125 0.4890625 0.0203125 0.025
0 0.59296875 0.4640625 0.01875 0.025
0 0.60078125 0.4421875 0.01875 0.025
0 0.5875 0.425 0.01875 0.0265625
0 0.603125 0.41484375 0.01875 0.0265625
0 0.62109375 0.41015625 0.0203125 0.025
0 0.6171875 0.43203125 0.0203125 0.025
0 0.6203125 0.45625 0.0203125 0.025
0 0.61015625 0.475 0.0203125 0.0265625
0 0.61171875 0.5 0.0203125 0.025
0 0.6 0.5203125 0.021875 0.0265625
0 0.615625 0.534375 0.01875 0.025
0 0.63125 0.54609375 0.0203125 0.0265625
0 0.65 0.5515625 0.01875 0.0265625
0 0.6703125 0.55078125 0.01875 0.025
0 0.66015625 0.52890625 0.01875 0.0265625
0 0.640625 0.5265625 0.01875 0.025
0 0.62578125 0.51484375 0.0203125 0.028125
0 0.6265625 0.4875 0.01875 0.028125
0 0.640625 0.50078125 0.01875 0.028125
0 0.6515625 0.4796875 0.01875 0.025
0 0.6359375 0.4671875 0.01875 0.0265625
0 0.634375 0.4421875 0.01875 0.025
0 0.640625 0.4203125 0.01875 0.025
0 0.63828125 0.39609375 0.01875 0.025
0 0.64140625 0.3734375 0.01875 0.025
0 0.65390625 0.39140625 0.015625 0.028125
0 0.671875 0.39296875 0.01875 0.028125
0 0.6890625 0.39296875 0.01875 0.025
0 0.71328125 0.40625 0.01875 0.025
0 0.65859375 0.42109375 0.01875 0.0265625
0 0.6765625 0.41640625 0.01875 0.028125
0 0.696875 0.415625 0.0203125 0.028125
0 0.725 0.38203125 0.01875 0.025
0 0.73203125 0.40546875 0.0203125 0.025
0 0.73984375 0.42734375 0.01875 0.025
0 0.7203125 0.4296875 0.01875 0.025
0 0.7046875 0.4421875 0.01875 0.025
0 0.6890625 0.43671875 0.01875 0.0265625
0 0.66953125 0.4421875 0.021875 0.025
0 0.6515625 0.44921875 0.01875 0.0265625
0 0.66484375 0.46484375 0.0203125 0.0265625
0 0.68359375 0.4609375 0.01875 0.025
0 0.703125 0.46484375 0.01875 0.028125
0 0.72109375 0.45234375 0.01875 0.0265625
0 0.73828125 0.4515625 0.0171875 0.025
0 0.734375 0.47421875 0.01875 0.025
0 0.71640625 0.4765625 0.01875 0.025
0 0.70546875 0.49453125 0.0203125 0.025
0 0.72734375 0.496875 0.01875 0.025
0 0.6890625 0.484375 0.01875 0.025
0 0.67109375 0.4890625 0.0203125 0.0265625
0 0.6578125 0.50390625 0.01875 0.028125
0 0.675 0.51640625 0.01875 0.0265625
0 0.69140625 0.50859375 0.01875 0.025
0 0.7140625 0.515625 0.0203125 0.025
0 0.70078125 0.52890625 0.01875 0.028125
0 0.684375 0.5375 0.0203125 0.025
0 0.69140625 0.5609375 0.01875 0.025
0 0.67734375 0.57578125 0.01875 0.025
0 0.6640625 0.5921875 0.01875 0.0265625
0 0.659375 0.61328125 0.0140625 0.028125
0 0.6734375 0.62265625 0.0171875 0.0265625
0 0.66171875 0.63828125 0.015625 0.025
0 0.67734375 0.6453125 0.0203125 0.025
0 0.68359375 0.665625 0.01875 0.025
0 0.67421875 0.6875 0.015625 0.025
0 0.6859375 0.70859375 0.01875 0.025
0 0.7 0.72421875 0.01875 0.0265625
0 0.68984375 0.6859375 0.01875 0.025
0 0.7015625 0.66796875 0.01875 0.0265625
0 0.69609375 0.64765625 0.01875 0.0265625
0 0.6890625 0.62421875 0.01875 0.0265625
0 0.68125 0.60078125 0.01875 0.028125
0 0.7125 0.54609375 0.0203125 0.025
0 0.72734375 0.53359375 0.0203125 0.025
0 0.74921875 0.534375 0.01875 0.025
0 0.76796875 0.5375 0.01875 0.025
0 0.77421875 0.559375 0.01875 0.025
0 0.75625 0.55546875 0.0203125 0.025
0 0.73828125 0.553125 0.0203125 0.0234375
0 0.7265625 0.57109375 0.01875 0.0265625
0 0.70859375 0.56953125 0.01875 0.025
0 0.69453125 0.58359375 0.01875 0.025
0 0.70078125 0.60546875 0.01875 0.025
0 0.715625 0.5921875 0.01875 0.025
0 0.7234375 0.6140625 0.01875 0.025
0 0.70859375 0.62890625 0.01875 0.0265625
0 0.7296875 0.63828125 0.01875 0.025
0 0.7125 0.65 0.01875 0.0234375
0 0.7203125 0.67109375 0.01875 0.025
0 0.70859375 0.690625 0.01875 0.025
0 0.7140625 0.71171875 0.01875 0.025
0 0.72734375 0.69375 0.01875 0.025
0 0.721875 0.7328125 0.01875 0.025
0 0.73359375 0.71484375 0.01875 0.025
0 0.74765625 0.70078125 0.01875 0.025
0 0.753125 0.72109375 0.01875 0.025
0 0.740625 0.7375 0.0203125 0.025
0 0.76015625 0.7421875 0.01875 0.025
0 0.73515625 0.65859375 0.01875 0.025
0 0.79375 0.55703125 0.01875 0.0265625
0 0.81015625 0.56796875 0.01875 0.025
0 0.82265625 0.58671875 0.01875 0.025
0 0.83515625 0.6015625 0.0171875 0.0265625
0 0.746875 0.575 0.01875 0.025
0 0.7640625 0.57890625 0.01875 0.0265625
0 0.784375 0.578125 0.0203125 0.0265625
0 0.8046875 0.590625 0.01875 0.025
0 0.82265625 0.61796875 0.01875 0.0265625
0 0.80234375 0.6140625 0.01875 0.0265625
0 0.78828125 0.6015625 0.01875 0.025
0 0.77109375 0.6 0.0203125 0.028125
0 0.75390625 0.59609375 0.0203125 0.0265625
0 0.7359375 0.59453125 0.01875 0.025
0 0.7421875 0.6171875 0.01875 0.028125
0 0.759375 0.61796875 0.0203125 0.0265625
0 0.77734375 0.62265625 0.0203125 0.021875
0 0.74609375 0.63828125 0.0171875 0.0234375
0 0.76640625 0.64296875 0.01875 0.028125
0 0.7546875 0.66171875 0.021875 0.025
0 0.74140625 0.6796875 0.0171875 0.025
0 0.7609375 0.68515625 0.01875 0.025
0 0.76640625 0.7046875 0.01875 0.025
0 0.7734375 0.728125 0.021875 0.0265625
0 0.78359375 0.74921875 0.01875 0.0265625
0 0.78515625 0.70703125 0.01875 0.025
0 0.7921875 0.72890625 0.01875 0.0265625
0 0.80078125 0.753125 0.01875 0.0265625
0 0.778125 0.6859375 0.01875 0.025
0 0.771875 0.6640625 0.01875 0.0265625
0 0.78203125 0.6453125 0.01875 0.0265625
0 0.79921875 0.63984375 0.0203125 0.028125
0 0.8171875 0.64140625 0.01875 0.0265625
0 0.83671875 0.64140625 0.01875 0.025
0 0.8484375 0.62109375 0.01875 0.0265625
0 0.85390625 0.64140625 0.0171875 0.025
0 0.85703125 0.6625 0.01875 0.021875
0 0.86171875 0.6828125 0.021875 0.025
0 0.78828125 0.66640625 0.01875 0.025
0 0.8046875 0.66015625 0.0171875 0.0265625
0 0.82265625 0.6625 0.01875 0.025
0 0.84140625 0.66171875 0.01875 0.025
0 0.84453125 0.68046875 0.01875 0.0234375
0 0.8546875 0.70390625 0.01875 0.025
0 0.8625 0.725 0.01875 0.025
0 0.82734375 0.68125 0.015625 0.025
0 0.83671875 0.70546875 0.01875 0.025
0 0.81328125 0.6828125 0.01875 0.025
0 0.79609375 0.68984375 0.01875 0.025
0 0.803125 0.7109375 0.0171875 0.025
0 0.809375 0.73125 0.0171875 0.025
0 0.82578125 0.72421875 0.0171875 0.028125
0 0.81953125 0.70390625 0.01875 0.025
0 0.8421875 0.725 0.015625 0.025
0 0.83203125 0.74375 0.01875 0.021875
0 0.8171875 0.75234375 0.015625 0.025