0 0.6453125 0.8734375 0.08125 0.05
0 0.64609375 0.8453125 0.09375 0.05625
0 0.7328125 0.7953125 0.1140625 0.071875
0 0.7546875 0.71640625 0.1109375 0.075
0 0.7625 0.63828125 0.125 0.08125
0 0.778125 0.55234375 0.125 0.0796875
0 0.77109375 0.47734375 0.134375 0.0953125
0 0.6984375 0.40703125 0.109375 0.078125
0 0.6765625 0.296875 0.134375 0.1078125
0 0.74140625 0.1984375 0.146875 0.1125
0 0.6421875 0.8046875 0.1 0.0625
0 0.63359375 0.7578125 0.09375 0.0609375
0 0.65390625 0.68671875 0.1 0.0625
0 0.653125 0.590625 0.096875 0.0671875
0 0.63984375 0.52421875 0.1 0.078125
0 0.56640625 0.4578125 0.1140625 0.0875
0 0.54296875 0.365625 0.125 0.103125
0 0.5875 0.2390625 0.109375 0.090625
0 0.54609375 0.13359375 0.13125 0.11875
0 0.553125 0.896875 0.090625 0.0625
0 0.571875 0.8453125 0.0734375 0.046875
0 0.5328125 0.83359375 0.078125 0.05625
0 0.55703125 0.7640625 0.103125 0.0703125
0 0.559375 0.6953125 0.10625 0.078125
0 0.5671875 0.61875 0.109375 0.078125
0 0.5609375 0.5453125 0.11875 0.090625
0 0.48046875 0.909375 0.078125 0.0546875
0 0.4546875 0.8515625 0.0765625 0.05625
0 0.478125 0.77265625 0.0765625 0.046875
0 0.46171875 0.740625 0.090625 0.0625
0 0.46171875 0.66484375 0.1 0.0546875
0 0.43984375 0.59921875 0.090625 0.071875
0 0.4484375 0.51796875 0.09375 0.071875
0 0.49296875 0.4015625 0.0875 0.071875
0 0.4546875 0.3 0.11875 0.1
0 0.47734375 0.20390625 0.1015625 0.0921875
0 0.4640625 0.0734375 0.1015625 0.1
0 0.39140625 0.90546875 0.06875 0.0484375
0 0.34140625 0.8375 0.065625 0.05
0 0.4109375 0.81796875 0.071875 0.05625
0 0.37109375 0.76796875 0.0625 0.05
0 0.29375 0.7578125 0.06875 0.0625
0 0.396875 0.7203125 0.08125 0.065625
0 0.38515625 0.67109375 0.090625 0.0734375
0 0.33125 0.6640625 0.065625 0.05625
0 0.2734375 0.63046875 0.075 0.0609375
0 0.3734375 0.59140625 0.084375 0.071875
0 0.2296875 0.57109375 0.071875 0.065625
0 0.33125 0.5359375 0.1 0.0765625
0 0.3203125 0.4609375 0.1109375 0.09375
0 0.25234375 0.47421875 0.0859375 0.075
0 0.225 0.39453125 0.0765625 0.075
0 0.4078125 0.34765625 0.1 0.0875
0 0.2828125 0.290625 0.090625 0.084375
0 0.25 0.20546875 0.1 0.1015625
0 0.38046875 0.2375 0.096875 0.084375
0 0.35546875 0.12421875 0.09375 0.09375
0 0.23984375 0.10390625 0.090625 0.09375