0 0.3546875 0.8734375 0.08125 0.05
0 0.35390625 0.8453125 0.09375 0.05625
0 0.2671875 0.7953125 0.1140625 0.071875
0 0.2453125 0.71640625 0.1109375 0.075
0 0.2375 0.63828125 0.125 0.08125
0 0.221875 0.55234375 0.125 0.0796875
0 0.22890625 0.47734375 0.134375 0.0953125
0 0.3015625 0.40703125 0.109375 0.078125
0 0.3234375 0.296875 0.134375 0.1078125
0 0.25859375 0.1984375 0.146875 0.1125
0 0.3578125 0.8046875 0.1 0.0625
0 0.36640625 0.7578125 0.09375 0.0609375
0 0.34609375 0.68671875 0.1 0.0625
0 0.346875 0.590625 0.096875 0.0671875
0 0.36015625 0.52421875 0.1 0.078125
0 0.43359375 0.4578125 0.1140625 0.0875
0 0.45703125 0.365625 0.125 0.103125
0 0.4125 0.2390625 0.109375 0.090625
0 0.45390625 0.13359375 0.13125 0.11875
0 0.446875 0.896875 0.090625 0.0625
0 0.428125 0.8453125 0.0734375 0.046875
0 0.4671875 0.83359375 0.078125 0.05625
0 0.44296875 0.7640625 0.103125 0.0703125
0 0.440625 0.6953125 0.10625 0.078125
0 0.4328125 0.61875 0.109375 0.078125
0 0.4390625 0.5453125 0.11875 0.090625
0 0.51953125 0.909375 0.078125 0.0546875
0 0.5453125 0.8515625 0.0765625 0.05625
0 0.521875 0.77265625 0.0765625 0.046875
0 0.53828125 0.740625 0.090625 0.0625
0 0.53828125 0.66484375 0.1 0.0546875
0 0.56015625 0.59921875 0.090625 0.071875
0 0.5515625 0.51796875 0.09375 0.071875
0 0.50703125 0.4015625 0.0875 0.071875
0 0.5453125 0.3 0.11875 0.1
0 0.52265625 0.20390625 0.1015625 0.0921875
0 0.5359375 0.0734375 0.1015625 0.1
0 0.60859375 0.90546875 0.06875 0.0484375
0 0.65859375 0.8375 0.065625 0.05
0 0.5890625 0.81796875 0.071875 0.05625
0 0.62890625 0.76796875 0.0625 0.05
0 0.70625 0.7578125 0.06875 0.0625
0 0.603125 0.7203125 0.08125 0.065625
0 0.61484375 0.67109375 0.090625 0.0734375
0 0.66875 0.6640625 0.065625 0.05625
0 0.7265625 0.63046875 0.075 0.0609375
0 0.6265625 0.59140625 0.084375 0.071875
0 0.7703125 0.57109375 0.071875 0.065625
0 0.66875 0.5359375 0.1 0.0765625
0 0.6796875 0.4609375 0.1109375 0.09375
0 0.74765625 0.47421875 0.0859375 0.075
0 0.775 0.39453125 0.0765625 0.075
0 0.5921875 0.34765625 0.1 0.0875
0 0.7171875 0.290625 0.090625 0.084375
0 0.75 0.20546875 0.1 0.1015625
0 0.61953125 0.2375 0.096875 0.084375
0 0.64453125 0.12421875 0.09375 0.09375
0 0.76015625 0.10390625 0.090625 0.09375