0 0.95078125 0.28046875 0.046875 0.0640625
0 0.95703125 0.346875 0.0375 0.059375
0 0.92421875 0.3578125 0.04375 0.059375
0 0.88671875 0.3875 0.0453125 0.059375
0 0.8375 0.34296875 0.04375 0.059375
0 0.81015625 0.3265625 0.04375 0.0609375
0 0.7734375 0.35625 0.046875 0.059375
0 0.7234375 0.3453125 0.046875 0.0625
0 0.82890625 0.39609375 0.0421875 0.053125
0 0.79765625 0.3875 0.04375 0.0578125
0 0.7375 0.390625 0.046875 0.05625
0 0.6921875 0.3921875 0.0484375 0.059375
0 0.64140625 0.3875 0.046875 0.05625
0 0.59375 0.38203125 0.046875 0.0578125
0 0.5484375 0.37890625 0.046875 0.059375
0 0.47109375 0.39140625 0.0484375 0.0625
0 0.4234375 0.39296875 0.046875 0.0625
0 0.39375 0.41328125 0.046875 0.059375
0 0.34296875 0.4109375 0.05 0.0609375
0 0.2828125 0.45390625 0.05625 0.0625
0 0.259375 0.378125 0.0515625 0.0625
0 0.225 0.38125 0.04375 0.0625
0 0.18515625 0.35234375 0.05 0.0625
0 0.13046875 0.33359375 0.0484375 0.0625
0 0.11484375 0.38125 0.05 0.0625
0 0.234375 0.45234375 0.0453125 0.059375
0 0.19609375 0.47109375 0.046875 0.05625
0 0.14765625 0.4328125 0.05 0.059375
0 0.10078125 0.43515625 0.05 0.059375
0 0.19765625 0.3953125 0.04375 0.053125
0 0.05703125 0.39453125 0.05 0.0625
0 0.02109375 0.39375 0.0421875 0.059375
0 0.921875 0.3921875 0.04375 0.05
0 0.0546875 0.43984375 0.046875 0.05625
0 0.96171875 0.41484375 0.040625 0.05625
0 0.928125 0.4484375 0.040625 0.053125
0 0.89140625 0.42265625 0.04375 0.0546875
0 0.84921875 0.44296875 0.04375 0.05625
0 0.8 0.43828125 0.04375 0.0546875
0 0.75703125 0.434375 0.046875 0.05625
0 0.88203125 0.46796875 0.040625 0.0515625
0 0.815625 0.47890625 0.0421875 0.0546875
0 0.76875 0.478125 0.04375 0.05625
0 0.72265625 0.47421875 0.04375 0.05625
0 0.7015625 0.42734375 0.0453125 0.05625
0 0.65859375 0.4296875 0.046875 0.0578125
0 0.61484375 0.42734375 0.04375 0.05625
0 0.571875 0.4234375 0.04375 0.05625
0 0.0140625 0.45390625 0.028125 0.0625
0 0.68125 0.4796875 0.0453125 0.0546875
0 0.63515625 0.47578125 0.04375 0.053125
0 0.5921875 0.47265625 0.04375 0.053125
0 0.5484375 0.4734375 0.04375 0.05625
0 0.52734375 0.42265625 0.04375 0.053125
0 0.48515625 0.43046875 0.0453125 0.0546875
0 0.50625 0.46484375 0.04375 0.053125
0 0.4640625 0.47578125 0.04375 0.0546875
0 0.415625 0.465625 0.0453125 0.05625
0 0.4421875 0.42421875 0.0453125 0.05625
0 0.365625 0.44296875 0.0421875 0.0546875
0 0.32265625 0.46171875 0.04375 0.05625
0 0.134375 0.47421875 0.046875 0.05625
0 0.09375 0.4734375 0.04375 0.053125
0 0.05 0.4828125 0.046875 0.05625
0 0.9640625 0.4734375 0.040625 0.0546875
0 0.92734375 0.50625 0.040625 0.0546875
0 0.89375 0.53515625 0.0421875 0.05
0 0.86328125 0.515625 0.0421875 0.05
0 0.81953125 0.53203125 0.040625 0.0515625
0 0.7828125 0.51875 0.04375 0.0515625
0 0.7375 0.51640625 0.04375 0.0515625
0 0.69765625 0.51953125 0.040625 0.053125
0 0.65625 0.52109375 0.0421875 0.053125
0 0.61484375 0.52265625 0.04375 0.05
0 0.56953125 0.5125 0.0421875 0.0515625
0 0.5296875 0.5265625 0.0453125 0.0515625
0 0.48828125 0.5234375 0.04375 0.053125
0 0.4359375 0.51328125 0.04375 0.053125
0 0.3890625 0.50859375 0.04375 0.05625
0 0.34765625 0.50703125 0.04375 0.0546875
0 0.303125 0.51875 0.04375 0.053125
0 0.25859375 0.521875 0.04375 0.0546875
0 0.2171875 0.52578125 0.0453125 0.0546875
0 0.12578125 0.52109375 0.0453125 0.0546875
0 0.08828125 0.515625 0.04375 0.05
0 0.1609375 0.553125 0.046875 0.05625
0 0.109375 0.5671875 0.04375 0.053125
0 0.0671875 0.57109375 0.04375 0.0515625
0 0.95390625 0.51953125 0.0375 0.0515625
0 0.91796875 0.553125 0.040625 0.05
0 0.8859375 0.58203125 0.040625 0.046875
0 0.85390625 0.5625 0.04375 0.05
0 0.79296875 0.57265625 0.040625 0.05
0 0.94921875 0.57265625 0.0421875 0.046875
0 0.75546875 0.56171875 0.04375 0.053125
0 0.71328125 0.55859375 0.0421875 0.05
0 0.6734375 0.56171875 0.040625 0.0515625
0 0.634375 0.565625 0.04375 0.0515625
0 0.590625 0.56171875 0.04375 0.05
0 0.55078125 0.56484375 0.040625 0.05
0 0.509375 0.5671875 0.04375 0.053125
0 0.45859375 0.55390625 0.04375 0.05
0 0.41171875 0.55234375 0.04375 0.053125
0 0.3703125 0.55625 0.04375 0.053125
0 0.328125 0.56015625 0.04375 0.053125
0 0.28671875 0.5625 0.0453125 0.05
0 0.24453125 0.56640625 0.0453125 0.053125
0 0.203125 0.5671875 0.0453125 0.053125
0 0.14609375 0.5953125 0.0453125 0.0515625
0 0.0953125 0.6125 0.04375 0.0515625
0 0.05078125 0.6203125 0.04375 0.05
0 0.915625 0.60078125 0.0390625 0.05
0 0.946875 0.6140625 0.0375 0.046875
0 0.9453125 0.65703125 0.0375 0.046875
0 0.9390625 0.72734375 0.0375 0.04375
0 0.92109375 0.690625 0.0375 0.0453125
0 0.915625 0.64453125 0.0375 0.0484375
0 0.8765625 0.63046875 0.0421875 0.046875
0 0.89921875 0.73828125 0.040625 0.046875
0 0.88828125 0.70390625 0.0375 0.04375
0 0.87421875 0.6734375 0.040625 0.0515625
0 0.85078125 0.61015625 0.040625 0.0515625
0 0.80625 0.60390625 0.040625 0.05
0 0.81875 0.6390625 0.0390625 0.046875
0 0.8328125 0.67265625 0.040625 0.046875
0 0.85078125 0.7125 0.0375 0.0453125
0 0.8640625 0.74296875 0.0390625 0.05
0 0.8265625 0.746875 0.0375 0.046875
0 0.8125 0.7109375 0.040625 0.046875
0 0.79609375 0.678125 0.0390625 0.046875
0 0.78203125 0.6453125 0.040625 0.05
0 0.76328125 0.6046875 0.040625 0.046875
0 0.72890625 0.5984375 0.040625 0.05
0 0.74140625 0.6453125 0.040625 0.046875
0 0.7578125 0.68046875 0.040625 0.046875
0 0.775 0.71796875 0.0390625 0.046875
0 0.79140625 0.74921875 0.0390625 0.046875
0 0.75390625 0.75234375 0.040625 0.0453125
0 0.7359375 0.7171875 0.0390625 0.04375
0 0.71640625 0.75625 0.040625 0.046875
0 0.7203125 0.68359375 0.040625 0.046875
0 0.7078125 0.63828125 0.040625 0.046875
0 0.68515625 0.67421875 0.0390625 0.046875
0 0.69921875 0.71953125 0.0375 0.046875
0 0.68125 0.76015625 0.0375 0.0453125
0 0.690625 0.6 0.040625 0.05
0 0.65234375 0.60078125 0.0421875 0.05
0 0.66875 0.63671875 0.040625 0.046875
0 0.64765625 0.67578125 0.040625 0.046875
0 0.665625 0.7125 0.040625 0.04375
0 0.64765625 0.746875 0.0390625 0.040625
0 0.62109375 0.77578125 0.0375 0.04375
0 0.61171875 0.6046875 0.040625 0.046875
0 0.63046875 0.640625 0.040625 0.046875
0 0.6109375 0.67734375 0.040625 0.0453125
0 0.62890625 0.709375 0.040625 0.046875
0 0.60390625 0.740625 0.040625 0.04375
0 0.57109375 0.60625 0.04375 0.0484375
0 0.59140625 0.64296875 0.040625 0.046875
0 0.5515625 0.6453125 0.0421875 0.046875
0 0.56796875 0.67265625 0.040625 0.046875
0 0.5875 0.70859375 0.0390625 0.0453125
0 0.57109375 0.76796875 0.0375 0.04375
0 0.53125 0.6078125 0.040625 0.05
0 0.478125 0.59453125 0.0421875 0.0515625
0 0.49921875 0.63203125 0.04375 0.046875
0 0.51875 0.66875 0.040625 0.046875
0 0.5375 0.6984375 0.0390625 0.046875
0 0.55546875 0.73046875 0.0375 0.0453125
0 0.53359375 0.76484375 0.0390625 0.04375
0 0.515625 0.7328125 0.0390625 0.0453125
0 0.49609375 0.70078125 0.0390625 0.046875
0 0.496875 0.7703125 0.0375 0.04375
0 0.434375 0.5953125 0.0421875 0.0515625
0 0.4546875 0.62890625 0.040625 0.046875
0 0.475 0.665625 0.040625 0.046875
0 0.478125 0.7390625 0.040625 0.04375
0 0.46015625 0.77421875 0.0375 0.04375
0 0.4578125 0.703125 0.040625 0.046875
0 0.440625 0.740625 0.040625 0.04375
0 0.39296875 0.59609375 0.04375 0.05
0 0.41484375 0.63203125 0.040625 0.05
0 0.4359375 0.66875 0.040625 0.046875
0 0.41875 0.70546875 0.040625 0.04375
0 0.4234375 0.7765625 0.0375 0.0421875
0 0.35234375 0.5984375 0.0421875 0.05
0 0.375 0.6375 0.0421875 0.046875
0 0.396875 0.671875 0.040625 0.046875
0 0.403125 0.74140625 0.040625 0.04375
0 0.3859375 0.7796875 0.0375 0.040625
0 0.3109375 0.6015625 0.04375 0.05
0 0.334375 0.63984375 0.04375 0.05
0 0.3578125 0.67734375 0.040625 0.046875
0 0.38125 0.70859375 0.040625 0.04375
0 0.36484375 0.74609375 0.040625 0.04375
0 0.35 0.78125 0.0390625 0.0421875
0 0.2703125 0.60625 0.0421875 0.05
0 0.29375 0.64453125 0.04375 0.05
0 0.31796875 0.68359375 0.0421875 0.046875
0 0.3421875 0.7140625 0.040625 0.0453125
0 0.3265625 0.75078125 0.040625 0.04375
0 0.3125 0.78828125 0.040625 0.04375
0 0.23046875 0.60625 0.04375 0.0484375
0 0.25390625 0.6484375 0.04375 0.05
0 0.27890625 0.68515625 0.0421875 0.0484375
0 0.30234375 0.72109375 0.0421875 0.0484375
0 0.28828125 0.75546875 0.0390625 0.04375
0 0.27421875 0.79609375 0.040625 0.04375
0 0.1875 0.61171875 0.0453125 0.05
0 0.2125 0.64921875 0.04375 0.046875
0 0.23984375 0.68671875 0.04375 0.046875
0 0.26484375 0.721875 0.040625 0.0453125
0 0.2515625 0.75703125 0.040625 0.04375
0 0.2359375 0.79921875 0.0390625 0.04375
0 0.22578125 0.72578125 0.0421875 0.0453125
0 0.2125 0.76171875 0.040625 0.04375
0 0.19765625 0.80078125 0.0390625 0.04375
0 0.1328125 0.63515625 0.04375 0.05
0 0.171875 0.6546875 0.046875 0.0484375
0 0.19921875 0.6921875 0.04375 0.0484375
0 0.1875 0.728125 0.0421875 0.04375
0 0.159375 0.69609375 0.0421875 0.046875
0 0.1734375 0.76640625 0.040625 0.046875
0 0.16015625 0.8078125 0.040625 0.04375
0 0.07890625 0.65703125 0.04375 0.0515625
0 0.12265625 0.6765625 0.04375 0.0484375
0 0.06875 0.69921875 0.040625 0.046875
0 0.10859375 0.715625 0.04375 0.0484375
0 0.1484375 0.73046875 0.040625 0.046875
0 0.13515625 0.76875 0.040625 0.046875
0 0.0953125 0.7578125 0.0421875 0.046875
0 0.084375 0.7921875 0.040625 0.04375
0 0.12265625 0.8046875 0.040625 0.04375