0 0.71953125 0.04921875 0.0640625 0.046875
0 0.653125 0.04296875 0.059375 0.0375
0 0.6421875 0.07578125 0.059375 0.04375
0 0.6125 0.11328125 0.059375 0.0453125
0 0.65703125 0.1625 0.059375 0.04375
0 0.6734375 0.18984375 0.0609375 0.04375
0 0.64375 0.2265625 0.059375 0.046875
0 0.6546875 0.2765625 0.0625 0.046875
0 0.60390625 0.17109375 0.053125 0.0421875
0 0.6125 0.20234375 0.0578125 0.04375
0 0.609375 0.2625 0.05625 0.046875
0 0.6078125 0.3078125 0.059375 0.0484375
0 0.6125 0.35859375 0.05625 0.046875
0 0.61796875 0.40625 0.0578125 0.046875
0 0.62109375 0.4515625 0.059375 0.046875
0 0.60859375 0.52890625 0.0625 0.0484375
0 0.60703125 0.5765625 0.0625 0.046875
0 0.58671875 0.60625 0.059375 0.046875
0 0.5890625 0.65703125 0.0609375 0.05
0 0.54609375 0.7171875 0.0625 0.05625
0 0.621875 0.740625 0.0625 0.0515625
0 0.61875 0.775 0.0625 0.04375
0 0.64765625 0.81484375 0.0625 0.05
0 0.66640625 0.86953125 0.0625 0.0484375
0 0.61875 0.88515625 0.0625 0.05
0 0.54765625 0.765625 0.059375 0.0453125
0 0.52890625 0.80390625 0.05625 0.046875
0 0.5671875 0.85234375 0.059375 0.05
0 0.56484375 0.89921875 0.059375 0.05
0 0.6046875 0.80234375 0.053125 0.04375
0 0.60546875 0.94296875 0.0625 0.05
0 0.60625 0.97890625 0.059375 0.0421875
0 0.6078125 0.078125 0.05 0.04375
0 0.56015625 0.9453125 0.05625 0.0484375
0 0.58515625 0.03828125 0.05625 0.040625
0 0.5515625 0.071875 0.053125 0.040625
0 0.57734375 0.10859375 0.0546875 0.04375
0 0.55703125 0.15078125 0.05625 0.04375
0 0.56171875 0.2 0.0546875 0.04375
0 0.565625 0.24296875 0.05625 0.046875
0 0.53203125 0.11796875 0.0515625 0.040625
0 0.52109375 0.184375 0.0546875 0.0421875
0 0.521875 0.23125 0.05625 0.04375
0 0.52578125 0.27734375 0.05625 0.04375
0 0.57265625 0.2984375 0.05625 0.0453125
0 0.5703125 0.34140625 0.0578125 0.046875
0 0.57265625 0.38515625 0.05625 0.04375
0 0.5765625 0.428125 0.05625 0.04375
0 0.54609375 0.9859375 0.0625 0.028125
0 0.5203125 0.31875 0.0546875 0.0453125
0 0.52421875 0.36484375 0.053125 0.04375
0 0.52734375 0.4078125 0.053125 0.04375
0 0.5265625 0.4515625 0.05625 0.04375
0 0.57734375 0.47265625 0.053125 0.04375
0 0.56953125 0.51484375 0.0546875 0.0453125
0 0.53515625 0.49375 0.053125 0.04375
0 0.52421875 0.5359375 0.0546875 0.04375
0 0.534375 0.584375 0.05625 0.0453125
0 0.57578125 0.5578125 0.05625 0.0453125
0 0.55703125 0.634375 0.0546875 0.0421875
0 0.53828125 0.67734375 0.05625 0.04375
0 0.52578125 0.865625 0.05625 0.046875
0 0.5265625 0.90625 0.053125 0.04375
0 0.5171875 0.95 0.05625 0.046875
0 0.5265625 0.0359375 0.0546875 0.040625
0 0.49375 0.07265625 0.0546875 0.040625
0 0.46484375 0.10625 0.05 0.0421875
0 0.484375 0.13671875 0.05 0.0421875
0 0.46796875 0.18046875 0.0515625 0.040625
0 0.48125 0.2171875 0.0515625 0.04375
0 0.48359375 0.2625 0.0515625 0.04375
0 0.48046875 0.30234375 0.053125 0.040625
0 0.47890625 0.34375 0.053125 0.0421875
0 0.47734375 0.38515625 0.05 0.04375
0 0.4875 0.43046875 0.0515625 0.0421875
0 0.4734375 0.4703125 0.0515625 0.0453125
0 0.4765625 0.51171875 0.053125 0.04375
0 0.48671875 0.5640625 0.053125 0.04375
0 0.49140625 0.6109375 0.05625 0.04375
0 0.49296875 0.65234375 0.0546875 0.04375
0 0.48125 0.696875 0.053125 0.04375
0 0.478125 0.74140625 0.0546875 0.04375
0 0.47421875 0.7828125 0.0546875 0.0453125
0 0.47890625 0.87421875 0.0546875 0.0453125
0 0.484375 0.91171875 0.05 0.04375
0 0.446875 0.8390625 0.05625 0.046875
0 0.4328125 0.890625 0.053125 0.04375
0 0.42890625 0.9328125 0.0515625 0.04375
0 0.48046875 0.04609375 0.0515625 0.0375
0 0.446875 0.08203125 0.05 0.040625
0 0.41796875 0.1140625 0.046875 0.040625
0 0.4375 0.14609375 0.05 0.04375
0 0.42734375 0.20703125 0.05 0.040625
0 0.42734375 0.05078125 0.046875 0.0421875
0 0.43828125 0.24453125 0.053125 0.04375
0 0.44140625 0.28671875 0.05 0.0421875
0 0.43828125 0.3265625 0.0515625 0.040625
0 0.434375 0.365625 0.0515625 0.04375
0 0.43828125 0.409375 0.05 0.04375
0 0.43515625 0.44921875 0.05 0.040625
0 0.4328125 0.490625 0.053125 0.04375
0 0.44609375 0.54140625 0.05 0.04375
0 0.44765625 0.58828125 0.053125 0.04375
0 0.44375 0.6296875 0.053125 0.04375
0 0.43984375 0.671875 0.053125 0.04375
0 0.4375 0.71328125 0.05 0.0453125
0 0.43359375 0.75546875 0.053125 0.0453125
0 0.4328125 0.796875 0.053125 0.0453125
0 0.4046875 0.85390625 0.0515625 0.0453125
0 0.3875 0.9046875 0.0515625 0.04375
0 0.3796875 0.94921875 0.05 0.04375
0 0.39921875 0.084375 0.05 0.0390625
0 0.3859375 0.053125 0.046875 0.0375
0 0.34296875 0.0546875 0.046875 0.0375
0 0.27265625 0.0609375 0.04375 0.0375
0 0.309375 0.07890625 0.0453125 0.0375
0 0.35546875 0.084375 0.0484375 0.0375
0 0.36953125 0.1234375 0.046875 0.0421875
0 0.26171875 0.10078125 0.046875 0.040625
0 0.29609375 0.11171875 0.04375 0.0375
0 0.3265625 0.12578125 0.0515625 0.040625
0 0.38984375 0.14921875 0.0515625 0.040625
0 0.39609375 0.19375 0.05 0.040625
0 0.3609375 0.18125 0.046875 0.0390625
0 0.32734375 0.1671875 0.046875 0.040625
0 0.2875 0.14921875 0.0453125 0.0375
0 0.25703125 0.1359375 0.05 0.0390625
0 0.253125 0.1734375 0.046875 0.0375
0 0.2890625 0.1875 0.046875 0.040625
0 0.321875 0.20390625 0.046875 0.0390625
0 0.3546875 0.21796875 0.05 0.040625
0 0.3953125 0.23671875 0.046875 0.040625
0 0.4015625 0.27109375 0.05 0.040625
0 0.3546875 0.25859375 0.046875 0.040625
0 0.31953125 0.2421875 0.046875 0.040625
0 0.28203125 0.225 0.046875 0.0390625
0 0.25078125 0.20859375 0.046875 0.0390625
0 0.24765625 0.24609375 0.0453125 0.040625
0 0.2828125 0.2640625 0.04375 0.0390625
0 0.24375 0.28359375 0.046875 0.040625
0 0.31640625 0.2796875 0.046875 0.040625
0 0.36171875 0.2921875 0.046875 0.040625
0 0.32578125 0.31484375 0.046875 0.0390625
0 0.28046875 0.30078125 0.046875 0.0375
0 0.23984375 0.31875 0.0453125 0.0375
0 0.4 0.309375 0.05 0.040625
0 0.39921875 0.34765625 0.05 0.0421875
0 0.36328125 0.33125 0.046875 0.040625
0 0.32421875 0.35234375 0.046875 0.040625
0 0.2875 0.334375 0.04375 0.040625
0 0.253125 0.35234375 0.040625 0.0390625
0 0.22421875 0.37890625 0.04375 0.0375
0 0.3953125 0.38828125 0.046875 0.040625
0 0.359375 0.36953125 0.046875 0.040625
0 0.32265625 0.3890625 0.0453125 0.040625
0 0.290625 0.37109375 0.046875 0.040625
0 0.259375 0.39609375 0.04375 0.040625
0 0.39375 0.42890625 0.0484375 0.04375
0 0.35703125 0.40859375 0.046875 0.040625
0 0.3546875 0.4484375 0.046875 0.0421875
0 0.32734375 0.43203125 0.046875 0.040625
0 0.29140625 0.4125 0.0453125 0.0390625
0 0.23203125 0.42890625 0.04375 0.0375
0 0.3921875 0.46875 0.05 0.040625
0 0.40546875 0.521875 0.0515625 0.0421875
0 0.36796875 0.50078125 0.046875 0.04375
0 0.33125 0.48125 0.046875 0.040625
0 0.3015625 0.4625 0.046875 0.0390625
0 0.26953125 0.44453125 0.0453125 0.0375
0 0.23515625 0.46640625 0.04375 0.0390625
0 0.2671875 0.484375 0.0453125 0.0390625
0 0.29921875 0.50390625 0.046875 0.0390625
0 0.2296875 0.503125 0.04375 0.0375
0 0.4046875 0.565625 0.0515625 0.0421875
0 0.37109375 0.5453125 0.046875 0.040625
0 0.334375 0.525 0.046875 0.040625
0 0.2609375 0.521875 0.04375 0.040625
0 0.22578125 0.53984375 0.04375 0.0375
0 0.296875 0.5421875 0.046875 0.040625
0 0.259375 0.559375 0.04375 0.040625
0 0.40390625 0.60703125 0.05 0.04375
0 0.36796875 0.58515625 0.05 0.040625
0 0.33125 0.5640625 0.046875 0.040625
0 0.29453125 0.58125 0.04375 0.040625
0 0.2234375 0.5765625 0.0421875 0.0375
0 0.4015625 0.64765625 0.05 0.0421875
0 0.3625 0.625 0.046875 0.0421875
0 0.328125 0.603125 0.046875 0.040625
0 0.25859375 0.596875 0.04375 0.040625
0 0.2203125 0.6140625 0.040625 0.0375
0 0.3984375 0.6890625 0.05 0.04375
0 0.36015625 0.665625 0.05 0.04375
0 0.32265625 0.6421875 0.046875 0.040625
0 0.29140625 0.61875 0.04375 0.040625
0 0.25390625 0.63515625 0.04375 0.040625
0 0.21875 0.65 0.0421875 0.0390625
0 0.39375 0.7296875 0.05 0.0421875
0 0.35546875 0.70625 0.05 0.04375
0 0.31640625 0.68203125 0.046875 0.0421875
0 0.2859375 0.6578125 0.0453125 0.040625
0 0.24921875 0.6734375 0.04375 0.040625
0 0.21171875 0.6875 0.04375 0.040625
0 0.39375 0.76953125 0.0484375 0.04375
0 0.3515625 0.74609375 0.05 0.04375
0 0.31484375 0.72109375 0.0484375 0.0421875
0 0.27890625 0.69765625 0.0484375 0.0421875
0 0.24453125 0.71171875 0.04375 0.0390625
0 0.20390625 0.72578125 0.04375 0.040625
0 0.38828125 0.8125 0.05 0.0453125
0 0.35078125 0.7875 0.046875 0.04375
0 0.31328125 0.76015625 0.046875 0.04375
0 0.278125 0.73515625 0.0453125 0.040625
0 0.24296875 0.7484375 0.04375 0.040625
0 0.20078125 0.7640625 0.04375 0.0390625
0 0.27421875 0.77421875 0.0453125 0.0421875
0 0.23828125 0.7875 0.04375 0.040625
0 0.19921875 0.80234375 0.04375 0.0390625
0 0.36484375 0.8671875 0.05 0.04375
0 0.3453125 0.828125 0.0484375 0.046875
0 0.3078125 0.80078125 0.0484375 0.04375
0 0.271875 0.8125 0.04375 0.0421875
0 0.30390625 0.840625 0.046875 0.0421875
0 0.23359375 0.8265625 0.046875 0.040625
0 0.1921875 0.83984375 0.04375 0.040625
0 0.34296875 0.92109375 0.0515625 0.04375
0 0.3234375 0.87734375 0.0484375 0.04375
0 0.30078125 0.93125 0.046875 0.040625
0 0.284375 0.89140625 0.0484375 0.04375
0 0.26953125 0.8515625 0.046875 0.040625
0 0.23125 0.86484375 0.046875 0.040625
0 0.2421875 0.9046875 0.046875 0.0421875
0 0.2078125 0.915625 0.04375 0.0421875
0 0.1953125 0.87734375 0.04375 0.040625