0 0.37890625 0.1015625 0.0375 0.028125
0 0.4359375 0.096875 0.0375 0.028125
0 0.38125 0.1421875 0.0375 0.028125
0 0.41484375 0.1359375 0.0359375 0.0296875
0 0.46015625 0.13203125 0.034375 0.028125
0 0.4578125 0.15859375 0.0375 0.028125
0 0.49140625 0.1203125 0.0359375 0.028125
0 0.525 0.1328125 0.0359375 0.028125
0 0.5625 0.1234375 0.034375 0.0296875
0 0.50234375 0.1515625 0.034375 0.028125
0 0.5328125 0.1625 0.034375 0.028125
0 0.57109375 0.1515625 0.034375 0.03125
0 0.41171875 0.165625 0.0375 0.028125
0 0.3796875 0.178125 0.034375 0.028125
0 0.34453125 0.190625 0.0375 0.0296875
0 0.375 0.2046875 0.0375 0.028125
0 0.409375 0.19453125 0.0375 0.03125
0 0.4546875 0.18828125 0.0375 0.03125
0 0.4890625 0.171875 0.0375 0.028125
0 0.5578125 0.1828125 0.0359375 0.028125
0 0.3375 0.2421875 0.0359375 0.028125
0 0.36953125 0.2328125 0.034375 0.0265625
0 0.40234375 0.22109375 0.0375 0.028125
0 0.45078125 0.22421875 0.034375 0.03125
0 0.490625 0.1984375 0.0375 0.028125
0 0.5140625 0.1890625 0.0359375 0.028125
0 0.55625 0.209375 0.0328125 0.028125
0 0.36953125 0.25625 0.0375 0.028125
0 0.40234375 0.2453125 0.0375 0.028125
0 0.5203125 0.21484375 0.0359375 0.028125
0 0.4921875 0.23359375 0.0359375 0.0296875
0 0.5640625 0.23828125 0.0359375 0.028125
0 0.521875 0.24296875 0.034375 0.0265625
0 0.44375 0.2578125 0.0375 0.0296875
0 0.48046875 0.25703125 0.034375 0.028125
0 0.515625 0.265625 0.034375 0.028125
0 0.5484375 0.26484375 0.0375 0.028125
0 0.36875 0.2859375 0.0359375 0.03125
0 0.39921875 0.27578125 0.0375 0.028125
0 0.44140625 0.29296875 0.0359375 0.0296875
0 0.48046875 0.28125 0.0359375 0.028125
0 0.55234375 0.2890625 0.0359375 0.028125
0 0.33984375 0.30390625 0.0375 0.0296875
0 0.371875 0.31640625 0.0375 0.028125
0 0.39921875 0.30078125 0.0375 0.028125
0 0.51171875 0.2921875 0.0359375 0.028125
0 0.33984375 0.33515625 0.0375 0.028125
0 0.4890625 0.309375 0.0375 0.028125
0 0.54921875 0.31875 0.034375 0.028125
0 0.44765625 0.321875 0.0359375 0.028125
0 0.5140625 0.325 0.034375 0.028125
0 0.5390625 0.34375 0.0359375 0.028125
0 0.40078125 0.3328125 0.0359375 0.028125
0 0.48984375 0.3390625 0.0359375 0.028125
0 0.515625 0.3578125 0.034375 0.028125
0 0.4484375 0.3484375 0.0359375 0.028125
0 0.3703125 0.35234375 0.0375 0.0296875
0 0.3359375 0.36328125 0.0375 0.028125
0 0.4015625 0.3640625 0.0375 0.028125
0 0.30234375 0.3796875 0.0375 0.028125
0 0.37109375 0.3796875 0.0359375 0.028125
0 0.47890625 0.365625 0.0375 0.028125
0 0.5484375 0.37109375 0.034375 0.028125
0 0.33984375 0.390625 0.0375 0.03125
0 0.31015625 0.40546875 0.0390625 0.028125
0 0.43828125 0.3796875 0.0359375 0.028125
0 0.40390625 0.39296875 0.0375 0.028125
0 0.51328125 0.38515625 0.0375 0.028125
0 0.54765625 0.4 0.034375 0.028125
0 0.37109375 0.40625 0.0375 0.028125
0 0.46875 0.39296875 0.0359375 0.0265625
0 0.51875 0.41171875 0.0359375 0.028125
0 0.546875 0.42734375 0.034375 0.028125
0 0.3390625 0.41953125 0.0359375 0.0265625
0 0.31484375 0.4375 0.0359375 0.028125
0 0.44609375 0.40703125 0.0359375 0.028125
0 0.484375 0.41484375 0.034375 0.028125
0 0.3734375 0.4328125 0.0375 0.028125
0 0.40859375 0.4203125 0.0359375 0.03125
0 0.45078125 0.4328125 0.0375 0.028125
0 0.50859375 0.440625 0.034375 0.0265625
0 0.3453125 0.4484375 0.0359375 0.028125
0 0.4171875 0.446875 0.0390625 0.028125
0 0.47421875 0.4515625 0.0328125 0.028125
0 0.53515625 0.453125 0.034375 0.0265625
0 0.31953125 0.46640625 0.0375 0.028125
0 0.37265625 0.46484375 0.0375 0.028125
0 0.41640625 0.47421875 0.0375 0.028125
0 0.47265625 0.478125 0.0359375 0.025
0 0.509375 0.4671875 0.0375 0.0265625
0 0.540625 0.478125 0.0359375 0.028125
0 0.50703125 0.4921875 0.0359375 0.0265625
0 0.34609375 0.48203125 0.0359375 0.028125
0 0.3203125 0.4984375 0.0375 0.028125
0 0.3171875 0.52578125 0.0375 0.028125
0 0.35859375 0.50546875 0.0390625 0.028125
0 0.38515625 0.48828125 0.0375 0.0265625
0 0.42109375 0.5015625 0.0359375 0.028125
0 0.47421875 0.50390625 0.034375 0.028125
0 0.5375 0.50546875 0.034375 0.028125
0 0.50390625 0.5171875 0.0359375 0.025
0 0.5515625 0.5296875 0.034375 0.028125
0 0.39453125 0.5171875 0.0375 0.028125
0 0.36171875 0.53046875 0.034375 0.0265625
0 0.33515625 0.546875 0.034375 0.028125
0 0.36640625 0.55546875 0.0359375 0.028125
0 0.396875 0.54296875 0.0359375 0.028125
0 0.4234375 0.5265625 0.034375 0.025
0 0.46796875 0.52890625 0.034375 0.0265625
0 0.5046875 0.54375 0.0359375 0.028125
0 0.534375 0.5546875 0.0328125 0.028125
0 0.4265625 0.55234375 0.034375 0.028125
0 0.465625 0.55234375 0.034375 0.025
0 0.50703125 0.571875 0.034375 0.0265625
0 0.53359375 0.5796875 0.034375 0.028125
0 0.33828125 0.5734375 0.0359375 0.0265625
0 0.371875 0.584375 0.034375 0.028125
0 0.39765625 0.5671875 0.0375 0.028125
0 0.4265625 0.5828125 0.0375 0.028125
0 0.47109375 0.578125 0.034375 0.028125
0 0.50390625 0.59375 0.034375 0.0234375
0 0.3390625 0.5984375 0.034375 0.0265625
0 0.39921875 0.5984375 0.034375 0.028125
0 0.37109375 0.6125 0.0375 0.028125
0 0.3390625 0.625 0.0375 0.028125
0 0.471875 0.60390625 0.0375 0.025
0 0.53671875 0.60703125 0.0359375 0.028125
0 0.49453125 0.61640625 0.0328125 0.028125
0 0.525 0.628125 0.034375 0.0265625
0 0.334375 0.653125 0.0359375 0.028125
0 0.36484375 0.63671875 0.0359375 0.028125
0 0.396875 0.6265625 0.0375 0.0296875
0 0.425 0.61171875 0.0359375 0.028125
0 0.46640625 0.6296875 0.034375 0.025
0 0.4984375 0.64609375 0.034375 0.025
0 0.5296875 0.65859375 0.0375 0.025
0 0.4234375 0.63828125 0.0359375 0.028125
0 0.3953125 0.653125 0.0375 0.028125
0 0.46328125 0.6546875 0.0359375 0.025
0 0.5 0.678125 0.034375 0.028125
0 0.42265625 0.66328125 0.034375 0.0265625
0 0.36015625 0.6671875 0.0359375 0.028125
0 0.328125 0.6828125 0.0375 0.028125
0 0.35859375 0.69140625 0.0375 0.025
0 0.39453125 0.67890625 0.0359375 0.028125
0 0.46953125 0.690625 0.034375 0.028125
0 0.528125 0.68671875 0.0375 0.03125
0 0.3328125 0.71171875 0.0375 0.028125
0 0.38359375 0.709375 0.0359375 0.028125
0 0.41875 0.69609375 0.040625 0.028125
0 0.49453125 0.69921875 0.0359375 0.025
0 0.5296875 0.71328125 0.034375 0.0265625
0 0.3546875 0.72421875 0.0359375 0.0265625
0 0.41875 0.7203125 0.034375 0.025
0 0.46796875 0.71640625 0.0359375 0.028125
0 0.5015625 0.72734375 0.0359375 0.028125
0 0.52890625 0.7375 0.0359375 0.0265625
0 0.328125 0.74375 0.0375 0.028125
0 0.384375 0.7359375 0.0359375 0.025
0 0.41875 0.74453125 0.034375 0.028125
0 0.47265625 0.74140625 0.034375 0.0265625
0 0.503125 0.75390625 0.034375 0.028125
0 0.53359375 0.76328125 0.034375 0.028125
0 0.325 0.76640625 0.0375 0.025
0 0.35703125 0.753125 0.0375 0.028125
0 0.3921875 0.76015625 0.0375 0.028125
0 0.4625 0.76328125 0.034375 0.0265625
0 0.4984375 0.790625 0.034375 0.0265625
0 0.52265625 0.78515625 0.034375 0.025
0 0.45859375 0.790625 0.0359375 0.028125
0 0.41796875 0.7796875 0.0375 0.028125
0 0.35625 0.778125 0.0359375 0.0265625
0 0.38515625 0.7890625 0.034375 0.028125
0 0.41328125 0.803125 0.0359375 0.0265625
0 0.45703125 0.81640625 0.0359375 0.025
0 0.49296875 0.8140625 0.034375 0.028125
0 0.52578125 0.81171875 0.034375 0.028125
0 0.3265625 0.79765625 0.034375 0.028125
0 0.3625 0.809375 0.0375 0.028125
0 0.3890625 0.8203125 0.034375 0.028125
0 0.32578125 0.8375 0.0375 0.028125
0 0.36015625 0.8359375 0.0359375 0.028125
0 0.4140625 0.840625 0.034375 0.028125
0 0.4796875 0.840625 0.0375 0.0265625
0 0.5078125 0.83359375 0.034375 0.025
0 0.38671875 0.85625 0.034375 0.0265625
0 0.353125 0.86953125 0.0359375 0.03125
0 0.37578125 0.88125 0.0375 0.028125
0 0.4171875 0.87109375 0.0375 0.028125
0 0.46015625 0.86171875 0.0375 0.028125
0 0.4921875 0.86015625 0.0359375 0.028125
0 0.52578125 0.8671875 0.034375 0.028125
0 0.53828125 0.903125 0.0328125 0.028125
0 0.49921875 0.8890625 0.034375 0.028125
0 0.46171875 0.88671875 0.0375 0.028125
0 0.4125 0.91015625 0.0375 0.0296875
0 0.34453125 0.925 0.0375 0.03125
0 0.38203125 0.93046875 0.0375 0.0296875
0 0.4296875 0.9359375 0.0375 0.0265625
0 0.48359375 0.91875 0.0390625 0.0296875