0 0.790625 0.7484375 0.065625 0.08125
0 0.7828125 0.65703125 0.071875 0.090625
0 0.7359375 0.78515625 0.065625 0.090625
0 0.728125 0.7046875 0.065625 0.08125
0 0.70625 0.62734375 0.06875 0.0875
0 0.73125 0.546875 0.065625 0.090625
0 0.671875 0.79296875 0.065625 0.084375
0 0.66875 0.71484375 0.065625 0.0875
0 0.634375 0.65234375 0.0671875 0.090625
0 0.671875 0.5671875 0.065625 0.090625
0 0.690625 0.475 0.0625 0.0875
0 0.63359375 0.50078125 0.0671875 0.090625
0 0.653125 0.41640625 0.071875 0.09375
0 0.67421875 0.31328125 0.0640625 0.0875
0 0.67578125 0.2078125 0.0671875 0.096875
0 0.6296875 0.15625 0.065625 0.090625
0 0.6125 0.2390625 0.06875 0.09375
0 0.625 0.834375 0.0625 0.078125
0 0.609375 0.725 0.0625 0.084375
0 0.57421875 0.66328125 0.065625 0.084375
0 0.609375 0.578125 0.06875 0.0875
0 0.621875 0.34765625 0.065625 0.090625
0 0.58984375 0.43984375 0.0671875 0.090625
0 0.5734375 0.515625 0.065625 0.090625
0 0.5578125 0.37421875 0.06875 0.090625
0 0.56171875 0.29609375 0.0625 0.08125
0 0.57109375 0.19140625 0.0640625 0.084375
0 0.54296875 0.11328125 0.065625 0.090625
0 0.5765625 0.85859375 0.05625 0.078125
0 0.5765625 0.7890625 0.0609375 0.078125
0 0.54296875 0.73359375 0.065625 0.08125
0 0.5515625 0.5890625 0.0625 0.084375
0 0.5296875 0.44609375 0.0625 0.084375
0 0.515625 0.52421875 0.059375 0.084375
0 0.5296875 0.88984375 0.059375 0.075
0 0.53046875 0.828125 0.059375 0.078125
0 0.5 0.7875 0.0640625 0.084375
0 0.509375 0.65546875 0.0640625 0.084375
0 0.52265625 0.2390625 0.0609375 0.0875
0 0.5015625 0.3078125 0.065625 0.08125
0 0.49140625 0.39296875 0.0609375 0.084375
0 0.47265625 0.584375 0.0609375 0.084375
0 0.46953125 0.465625 0.065625 0.0875
0 0.478125 0.06796875 0.0625 0.090625
0 0.4796875 0.171875 0.0625 0.0875
0 0.4578125 0.253125 0.0578125 0.084375
0 0.44296875 0.32734375 0.059375 0.0875
0 0.43125 0.40703125 0.0625 0.0875
0 0.475 0.9265625 0.059375 0.06875
0 0.478125 0.87109375 0.059375 0.08125
0 0.415625 0.94609375 0.059375 0.0796875
0 0.421875 0.87578125 0.0609375 0.078125
0 0.4421875 0.80859375 0.0625 0.084375
0 0.4578125 0.73125 0.0625 0.078125
0 0.45 0.65859375 0.0625 0.08125
0 0.4296875 0.52890625 0.0625 0.078125
0 0.4015625 0.75 0.059375 0.084375
0 0.39609375 0.67265625 0.0609375 0.08125
0 0.4125 0.60078125 0.0625 0.078125
0 0.425 0.14921875 0.05625 0.0875
0 0.3796875 0.19375 0.0609375 0.084375
0 0.40234375 0.27578125 0.0625 0.0875
0 0.3890625 0.35234375 0.05625 0.08125
0 0.359375 0.41484375 0.05625 0.084375
0 0.3890625 0.47265625 0.059375 0.084375
0 0.371875 0.54453125 0.05625 0.08125
0 0.3546875 0.61875 0.059375 0.08125
0 0.3859375 0.81953125 0.059375 0.078125
0 0.3578125 0.915625 0.059375 0.078125
0 0.3328125 0.83828125 0.059375 0.08125
0 0.34765625 0.76484375 0.059375 0.078125
0 0.334375 0.69140625 0.059375 0.08125
0 0.35 0.10859375 0.059375 0.084375
0 0.2796875 0.84140625 0.05625 0.078125
0 0.296875 0.78125 0.0609375 0.078125
0 0.24765625 0.78046875 0.05625 0.0765625
0 0.21484375 0.7203125 0.05625 0.08125
0 0.2703125 0.7140625 0.059375 0.08125
0 0.190625 0.64609375 0.053125 0.071875
0 0.2453125 0.64765625 0.059375 0.08125
0 0.2921875 0.640625 0.0625 0.08125
0 0.3171875 0.56640625 0.05625 0.078125
0 0.25234375 0.57734375 0.059375 0.08125
0 0.18671875 0.58203125 0.0578125 0.078125
0 0.33203125 0.490625 0.059375 0.084375
0 0.2734375 0.50390625 0.059375 0.084375
0 0.2171875 0.51328125 0.0625 0.08125
0 0.1703125 0.51171875 0.05625 0.078125
0 0.29375 0.4296875 0.059375 0.08125
0 0.2375 0.43828125 0.059375 0.084375
0 0.18203125 0.43828125 0.0609375 0.08125
0 0.30703125 0.35390625 0.0609375 0.08125
0 0.25 0.36484375 0.0609375 0.08125
0 0.1984375 0.36640625 0.05625 0.08125
0 0.340625 0.28828125 0.0625 0.084375
0 0.2859375 0.28046875 0.0578125 0.084375
0 0.2296875 0.29921875 0.0609375 0.08125
0 0.2625 0.20859375 0.059375 0.084375
0 0.3234375 0.2109375 0.0625 0.084375
0 0.30625 0.14453125 0.0625 0.084375