0 0.70859375 0.5953125 0.071875 0.09375
0 0.7328125 0.49765625 0.078125 0.1
0 0.7421875 0.40546875 0.075 0.09375
0 0.73359375 0.34140625 0.0625 0.078125
0 0.7171875 0.24453125 0.06875 0.09375
0 0.63984375 0.74609375 0.0671875 0.09375
0 0.6640625 0.66953125 0.0703125 0.09375
0 0.66953125 0.525 0.0703125 0.090625
0 0.68046875 0.4421875 0.065625 0.0875
0 0.6578125 0.33359375 0.0625 0.090625
0 0.64296875 0.25390625 0.065625 0.0875
0 0.675 0.184375 0.065625 0.084375
0 0.6390625 0.1140625 0.0625 0.0875
0 0.61796875 0.19609375 0.059375 0.08125
0 0.5671875 0.859375 0.059375 0.0859375
0 0.58125 0.78359375 0.0640625 0.090625
0 0.6046875 0.6765625 0.0625 0.0875
0 0.628125 0.59375 0.06875 0.090625
0 0.6125 0.484375 0.059375 0.084375
0 0.6140625 0.3984375 0.065625 0.0875
0 0.6109375 0.33046875 0.05 0.06875
0 0.578125 0.1015625 0.0609375 0.08125
0 0.52265625 0.87578125 0.0546875 0.084375
0 0.5265625 0.78203125 0.059375 0.090625
0 0.55234375 0.70703125 0.0625 0.0875
0 0.5734375 0.6015625 0.0625 0.084375
0 0.55859375 0.51796875 0.0640625 0.084375
0 0.5625 0.43671875 0.059375 0.08125
0 0.5578125 0.36640625 0.05625 0.078125
0 0.575 0.26015625 0.05625 0.078125
0 0.55625 0.175 0.0578125 0.08125
0 0.53046875 0.06171875 0.0578125 0.078125
0 0.484375 0.8890625 0.053125 0.078125
0 0.47890625 0.81796875 0.0578125 0.084375
0 0.4953125 0.7109375 0.05625 0.084375
0 0.525 0.62421875 0.05625 0.084375
0 0.5109375 0.55 0.053125 0.078125
0 0.5140625 0.47421875 0.0578125 0.078125
0 0.49765625 0.3703125 0.0515625 0.08125
0 0.521875 0.29765625 0.0546875 0.075
0 0.51328125 0.23125 0.0546875 0.08125
0 0.509375 0.134375 0.059375 0.078125
0 0.42109375 0.90546875 0.0515625 0.075
0 0.43125 0.84140625 0.05 0.078125
0 0.45703125 0.74453125 0.053125 0.084375
0 0.4515625 0.65859375 0.05625 0.084375
0 0.4609375 0.58203125 0.053125 0.078125
0 0.4734375 0.50703125 0.053125 0.078125
0 0.47734375 0.43203125 0.053125 0.075
0 0.484375 0.09609375 0.05 0.065625
0 0.46796875 0.30234375 0.053125 0.075
0 0.4625 0.23828125 0.05 0.06875
0 0.44140625 0.1421875 0.05625 0.078125
0 0.42109375 0.10390625 0.0515625 0.078125
0 0.4390625 0.37265625 0.053125 0.075
0 0.3875 0.1703125 0.053125 0.075
0 0.3609375 0.12109375 0.046875 0.075
0 0.409375 0.27890625 0.05 0.075
0 0.3984375 0.353125 0.046875 0.071875
0 0.3828125 0.89921875 0.046875 0.078125
0 0.38984375 0.83828125 0.046875 0.078125
0 0.39921875 0.7765625 0.0546875 0.08125
0 0.4078125 0.69765625 0.05 0.075
0 0.4046875 0.61484375 0.0515625 0.075
0 0.4078125 0.53515625 0.0515625 0.08125
0 0.41484375 0.46015625 0.0546875 0.075
0 0.3234375 0.87421875 0.0484375 0.0828125
0 0.33125 0.79921875 0.0453125 0.078125
0 0.328125 0.72734375 0.04375 0.06875
0 0.2875 0.73828125 0.04375 0.075
0 0.37578125 0.71875 0.0484375 0.071875
0 0.37734375 0.6515625 0.0515625 0.075
0 0.34453125 0.665625 0.0453125 0.071875
0 0.315625 0.66953125 0.034375 0.065625
0 0.3359375 0.59765625 0.0484375 0.071875
0 0.29296875 0.609375 0.04375 0.06875
0 0.3203125 0.52421875 0.05 0.075
0 0.2890625 0.540625 0.040625 0.071875
0 0.3828125 0.56640625 0.034375 0.0625
0 0.3703125 0.49375 0.05 0.078125
0 0.33359375 0.4546875 0.046875 0.075
0 0.290625 0.47109375 0.0453125 0.071875
0 0.34375 0.384375 0.046875 0.075
0 0.3 0.40078125 0.05 0.071875
0 0.31015625 0.33046875 0.046875 0.071875
0 0.3578125 0.31796875 0.046875 0.071875
0 0.33125 0.22109375 0.05 0.084375
0 0.3171875 0.26484375 0.046875 0.065625
0 0.328125 0.17421875 0.046875 0.053125