0 0.5953125 0.29140625 0.09375 0.071875
0 0.49765625 0.2671875 0.1 0.078125
0 0.40546875 0.2578125 0.09375 0.075
0 0.34140625 0.26640625 0.078125 0.0625
0 0.24453125 0.2828125 0.09375 0.06875
0 0.74609375 0.36015625 0.09375 0.0671875
0 0.66953125 0.3359375 0.09375 0.0703125
0 0.525 0.33046875 0.090625 0.0703125
0 0.4421875 0.31953125 0.0875 0.065625
0 0.33359375 0.3421875 0.090625 0.0625
0 0.25390625 0.35703125 0.0875 0.065625
0 0.184375 0.325 0.084375 0.065625
0 0.1140625 0.3609375 0.0875 0.0625
0 0.19609375 0.38203125 0.08125 0.059375
0 0.859375 0.4328125 0.084375 0.059375
0 0.78359375 0.41875 0.090625 0.0640625
0 0.6765625 0.3953125 0.0875 0.0625
0 0.59375 0.371875 0.090625 0.06875
0 0.484375 0.3875 0.084375 0.059375
0 0.3984375 0.3859375 0.0875 0.065625
0 0.33046875 0.3890625 0.06875 0.05
0 0.1015625 0.421875 0.08125 0.0609375
0 0.87578125 0.47734375 0.084375 0.0546875
0 0.78203125 0.4734375 0.090625 0.059375
0 0.70703125 0.44765625 0.0875 0.0625
0 0.6015625 0.4265625 0.084375 0.0625
0 0.51796875 0.44140625 0.084375 0.0640625
0 0.43671875 0.4375 0.08125 0.059375
0 0.36640625 0.4421875 0.078125 0.05625
0 0.26015625 0.425 0.078125 0.05625
0 0.175 0.44375 0.08125 0.0578125
0 0.06171875 0.46953125 0.078125 0.0578125
0 0.8890625 0.515625 0.078125 0.053125
0 0.81796875 0.52109375 0.084375 0.0578125
0 0.7109375 0.5046875 0.084375 0.05625
0 0.62421875 0.475 0.084375 0.05625
0 0.55 0.4890625 0.078125 0.053125
0 0.47421875 0.4859375 0.078125 0.0578125
0 0.3703125 0.50234375 0.08125 0.0515625
0 0.29765625 0.478125 0.075 0.0546875
0 0.23125 0.48671875 0.08125 0.0546875
0 0.134375 0.490625 0.078125 0.059375
0 0.90546875 0.57890625 0.075 0.0515625
0 0.84140625 0.56875 0.078125 0.05
0 0.74453125 0.54296875 0.084375 0.053125
0 0.65859375 0.5484375 0.084375 0.05625
0 0.58203125 0.5390625 0.078125 0.053125
0 0.50703125 0.5265625 0.078125 0.053125
0 0.43203125 0.52265625 0.075 0.053125
0 0.09609375 0.515625 0.065625 0.05
0 0.30234375 0.53203125 0.075 0.053125
0 0.23828125 0.5375 0.06875 0.05
0 0.1421875 0.55859375 0.078125 0.05625
0 0.10390625 0.57890625 0.078125 0.0515625
0 0.37265625 0.5609375 0.075 0.053125
0 0.1703125 0.6125 0.075 0.053125
0 0.12109375 0.6390625 0.075 0.046875
0 0.27890625 0.590625 0.075 0.05
0 0.353125 0.6015625 0.071875 0.046875
0 0.89921875 0.6171875 0.078125 0.046875
0 0.83828125 0.61015625 0.078125 0.046875
0 0.7765625 0.60078125 0.08125 0.0546875
0 0.69765625 0.5921875 0.075 0.05
0 0.61484375 0.5953125 0.075 0.0515625
0 0.53515625 0.5921875 0.08125 0.0515625
0 0.46015625 0.58515625 0.075 0.0546875
0 0.87421875 0.6765625 0.08125 0.0484375
0 0.79921875 0.66875 0.078125 0.0453125
0 0.72734375 0.671875 0.06875 0.04375
0 0.73828125 0.7125 0.075 0.04375
0 0.71875 0.62421875 0.071875 0.0484375
0 0.6515625 0.62265625 0.075 0.0515625
0 0.665625 0.65546875 0.071875 0.0453125
0 0.66953125 0.684375 0.065625 0.034375
0 0.59765625 0.6640625 0.071875 0.0484375
0 0.609375 0.70703125 0.06875 0.04375
0 0.52421875 0.6796875 0.075 0.05
0 0.540625 0.7109375 0.071875 0.040625
0 0.56640625 0.6171875 0.0625 0.034375
0 0.49375 0.6296875 0.078125 0.05
0 0.4546875 0.66640625 0.075 0.046875
0 0.47109375 0.709375 0.071875 0.0453125
0 0.384375 0.65625 0.075 0.046875
0 0.40078125 0.7 0.071875 0.05
0 0.33046875 0.68984375 0.071875 0.046875
0 0.31796875 0.6421875 0.071875 0.046875
0 0.22109375 0.66875 0.084375 0.05
0 0.26484375 0.6828125 0.065625 0.046875
0 0.17421875 0.671875 0.053125 0.046875