0 0.70859375 0.4046875 0.071875 0.09375
0 0.7328125 0.50234375 0.078125 0.1
0 0.7421875 0.59453125 0.075 0.09375
0 0.73359375 0.65859375 0.0625 0.078125
0 0.7171875 0.75546875 0.06875 0.09375
0 0.63984375 0.25390625 0.0671875 0.09375
0 0.6640625 0.33046875 0.0703125 0.09375
0 0.66953125 0.475 0.0703125 0.090625
0 0.68046875 0.5578125 0.065625 0.0875
0 0.6578125 0.66640625 0.0625 0.090625
0 0.64296875 0.74609375 0.065625 0.0875
0 0.675 0.815625 0.065625 0.0859375
0 0.6390625 0.8859375 0.0625 0.0875
0 0.61796875 0.80390625 0.059375 0.08125
0 0.5671875 0.140625 0.059375 0.084375
0 0.58125 0.21640625 0.0640625 0.090625
0 0.6046875 0.3234375 0.0625 0.0875
0 0.628125 0.40625 0.06875 0.090625
0 0.6125 0.515625 0.059375 0.084375
0 0.6140625 0.6015625 0.065625 0.0875
0 0.6109375 0.66953125 0.05 0.06875
0 0.578125 0.8984375 0.0609375 0.0828125
0 0.52265625 0.12421875 0.0546875 0.084375
0 0.5265625 0.21796875 0.059375 0.090625
0 0.55234375 0.29296875 0.0625 0.0875
0 0.5734375 0.3984375 0.0625 0.084375
0 0.55859375 0.48203125 0.0640625 0.084375
0 0.5625 0.56328125 0.059375 0.08125
0 0.5578125 0.63359375 0.05625 0.078125
0 0.575 0.73984375 0.05625 0.078125
0 0.55625 0.825 0.0578125 0.08125
0 0.53046875 0.93828125 0.0578125 0.078125
0 0.484375 0.1109375 0.053125 0.078125
0 0.47890625 0.18203125 0.0578125 0.084375
0 0.4953125 0.2890625 0.05625 0.084375
0 0.525 0.37578125 0.05625 0.084375
0 0.5109375 0.45 0.053125 0.078125
0 0.5140625 0.52578125 0.0578125 0.078125
0 0.49765625 0.6296875 0.0515625 0.08125
0 0.521875 0.70234375 0.0546875 0.075
0 0.51328125 0.76875 0.0546875 0.08125
0 0.509375 0.865625 0.059375 0.078125
0 0.42109375 0.09453125 0.0515625 0.075
0 0.43125 0.15859375 0.05 0.078125
0 0.45703125 0.25546875 0.053125 0.084375
0 0.4515625 0.34140625 0.05625 0.084375
0 0.4609375 0.41796875 0.053125 0.078125
0 0.4734375 0.49296875 0.053125 0.078125
0 0.47734375 0.56796875 0.053125 0.075
0 0.484375 0.90390625 0.05 0.065625
0 0.46796875 0.69765625 0.053125 0.075
0 0.4625 0.76171875 0.05 0.06875
0 0.44140625 0.8578125 0.05625 0.078125
0 0.42109375 0.89609375 0.0515625 0.078125
0 0.4390625 0.62734375 0.053125 0.075
0 0.3875 0.8296875 0.053125 0.075
0 0.3609375 0.87890625 0.046875 0.075
0 0.409375 0.72109375 0.05 0.075
0 0.3984375 0.646875 0.046875 0.071875
0 0.3828125 0.10078125 0.046875 0.078125
0 0.38984375 0.16171875 0.046875 0.078125
0 0.39921875 0.2234375 0.0546875 0.08125
0 0.4078125 0.30234375 0.05 0.075
0 0.4046875 0.38515625 0.0515625 0.075
0 0.4078125 0.46484375 0.0515625 0.08125
0 0.41484375 0.53984375 0.0546875 0.075
0 0.3234375 0.12578125 0.0484375 0.08125
0 0.33125 0.20078125 0.0453125 0.078125
0 0.328125 0.27265625 0.04375 0.06875
0 0.2875 0.26171875 0.04375 0.075
0 0.37578125 0.28125 0.0484375 0.071875
0 0.37734375 0.3484375 0.0515625 0.075
0 0.34453125 0.334375 0.0453125 0.071875
0 0.315625 0.33046875 0.034375 0.065625
0 0.3359375 0.40234375 0.0484375 0.071875
0 0.29296875 0.390625 0.04375 0.06875
0 0.3203125 0.47578125 0.05 0.075
0 0.2890625 0.459375 0.040625 0.071875
0 0.3828125 0.43359375 0.034375 0.0625
0 0.3703125 0.50625 0.05 0.078125
0 0.33359375 0.5453125 0.046875 0.075
0 0.290625 0.52890625 0.0453125 0.071875
0 0.34375 0.615625 0.046875 0.075
0 0.3 0.59921875 0.05 0.071875
0 0.31015625 0.66953125 0.046875 0.071875
0 0.3578125 0.68203125 0.046875 0.071875
0 0.33125 0.77890625 0.05 0.084375
0 0.3171875 0.73515625 0.046875 0.065625
0 0.328125 0.82578125 0.046875 0.053125