0 0.85390625 0.515625 0.0421875 0.05
0 0.83515625 0.5671875 0.0546875 0.0671875
0 0.80859375 0.60703125 0.046875 0.059375
0 0.78515625 0.64453125 0.04375 0.05625
0 0.83046875 0.47578125 0.040625 0.053125
0 0.80703125 0.515625 0.040625 0.0515625
0 0.79375 0.56015625 0.0375 0.05
0 0.784375 0.3328125 0.0375 0.0453125
0 0.79296875 0.3890625 0.0375 0.046875
0 0.7984375 0.43828125 0.0375 0.046875
0 0.78515625 0.478125 0.040625 0.0484375
0 0.7671875 0.51875 0.040625 0.053125
0 0.765625 0.6 0.04375 0.053125
0 0.7453125 0.671875 0.0421875 0.0546875
0 0.7484375 0.32890625 0.0375 0.046875
0 0.7578125 0.371875 0.0375 0.046875
0 0.7625 0.4296875 0.0375 0.05
0 0.7453125 0.46796875 0.040625 0.05
0 0.734375 0.56171875 0.046875 0.0609375
0 0.71953125 0.63046875 0.04375 0.053125
0 0.7015625 0.67265625 0.040625 0.053125
0 0.6890625 0.2203125 0.0375 0.040625
0 0.69609375 0.28203125 0.0375 0.04375
0 0.70859375 0.31640625 0.0359375 0.046875
0 0.71953125 0.36015625 0.0359375 0.04375
0 0.725 0.41328125 0.0375 0.0421875
0 0.70703125 0.475 0.0375 0.0453125
0 0.71328125 0.51796875 0.040625 0.05
0 0.70078125 0.58828125 0.0375 0.053125
0 0.653125 0.2171875 0.0375 0.0453125
0 0.6625 0.2640625 0.0375 0.04375
0 0.66875 0.31640625 0.0359375 0.0421875
0 0.6828125 0.35 0.0375 0.0453125
0 0.69453125 0.390625 0.0375 0.0453125
0 0.6953125 0.43203125 0.0390625 0.0515625
0 0.6796875 0.62890625 0.040625 0.05
0 0.659375 0.66875 0.040625 0.053125
0 0.6828125 0.54609375 0.040625 0.05
0 0.6625 0.58515625 0.0375 0.05
0 0.640625 0.621875 0.0375 0.053125
0 0.62109375 0.6625 0.0375 0.05
0 0.67890625 0.50078125 0.0375 0.046875
0 0.66328125 0.45546875 0.0375 0.0421875
0 0.66015625 0.4109375 0.040625 0.046875
0 0.653125 0.37265625 0.0359375 0.04375
0 0.6421875 0.33203125 0.0359375 0.0453125
0 0.63203125 0.28828125 0.034375 0.046875
0 0.6203125 0.2109375 0.03125 0.0453125
0 0.5875 0.22421875 0.034375 0.0421875
0 0.60390625 0.26796875 0.034375 0.04375
0 0.57265625 0.25625 0.034375 0.04375
0 0.64609375 0.54609375 0.0375 0.0484375
0 0.615625 0.57734375 0.0375 0.046875
0 0.603125 0.61953125 0.0375 0.053125
0 0.571875 0.6421875 0.0375 0.053125
0 0.63828125 0.49609375 0.0375 0.0484375
0 0.62578125 0.44609375 0.0375 0.05
0 0.6234375 0.3984375 0.04375 0.0515625
0 0.6109375 0.36171875 0.0375 0.0453125
0 0.61015625 0.31953125 0.0375 0.0453125
0 0.5828125 0.29765625 0.0359375 0.0453125
0 0.5765625 0.3515625 0.0359375 0.05
0 0.58828125 0.41640625 0.0359375 0.046875
0 0.61015625 0.5328125 0.0390625 0.0484375
0 0.5984375 0.47578125 0.0375 0.0484375
0 0.58125 0.58203125 0.0375 0.05
0 0.578125 0.51328125 0.0375 0.05
0 0.5671875 0.44765625 0.0375 0.046875
0 0.56171875 0.38984375 0.0375 0.05
0 0.54296875 0.615625 0.0375 0.053125
0 0.55625 0.5484375 0.0375 0.053125
0 0.546875 0.48828125 0.034375 0.0453125
0 0.53359375 0.44921875 0.0359375 0.046875
0 0.5296875 0.403125 0.0375 0.04375
0 0.53515625 0.3625 0.0359375 0.0484375
0 0.55 0.32734375 0.034375 0.0453125
0 0.5484375 0.28359375 0.034375 0.04375
0 0.54609375 0.234375 0.0328125 0.040625
0 0.51484375 0.24453125 0.03125 0.040625
0 0.515625 0.2828125 0.034375 0.04375
0 0.52421875 0.57421875 0.040625 0.046875
0 0.5234375 0.528125 0.0375 0.046875
0 0.51328125 0.33203125 0.034375 0.0453125
0 0.51328125 0.48359375 0.0359375 0.0484375
0 0.50078125 0.42890625 0.0359375 0.046875
0 0.496875 0.371875 0.034375 0.0453125
0 0.4859375 0.26171875 0.034375 0.0421875
0 0.48359375 0.3078125 0.034375 0.04375
0 0.4890625 0.56328125 0.034375 0.046875
0 0.490625 0.51875 0.034375 0.046875
0 0.47734375 0.47734375 0.034375 0.0484375
0 0.4578125 0.515625 0.0328125 0.046875
0 0.4671875 0.43359375 0.0359375 0.0453125
0 0.47265625 0.3453125 0.034375 0.04375
0 0.46953125 0.3921875 0.034375 0.0421875
0 0.4421875 0.47734375 0.034375 0.04375
0 0.45390625 0.28046875 0.0359375 0.046875
0 0.44453125 0.3203125 0.034375 0.04375
0 0.440625 0.3609375 0.034375 0.04375
0 0.44140625 0.4078125 0.03125 0.046875