0 0.14609375 0.484375 0.0421875 0.05
0 0.16484375 0.4328125 0.0546875 0.0671875
0 0.19140625 0.39296875 0.046875 0.059375
0 0.21484375 0.35546875 0.04375 0.05625
0 0.16953125 0.52421875 0.040625 0.053125
0 0.19296875 0.484375 0.040625 0.0515625
0 0.20625 0.43984375 0.0375 0.05
0 0.215625 0.6671875 0.0375 0.0453125
0 0.20703125 0.6109375 0.0375 0.046875
0 0.2015625 0.56171875 0.0375 0.046875
0 0.21484375 0.521875 0.040625 0.0484375
0 0.2328125 0.48125 0.040625 0.053125
0 0.234375 0.4 0.04375 0.053125
0 0.2546875 0.328125 0.0421875 0.0546875
0 0.2515625 0.67109375 0.0375 0.046875
0 0.2421875 0.628125 0.0375 0.046875
0 0.2375 0.5703125 0.0375 0.05
0 0.2546875 0.53203125 0.040625 0.05
0 0.265625 0.43828125 0.046875 0.0609375
0 0.28046875 0.36953125 0.04375 0.053125
0 0.2984375 0.32734375 0.040625 0.053125
0 0.3109375 0.7796875 0.0375 0.040625
0 0.30390625 0.71796875 0.0375 0.04375
0 0.29140625 0.68359375 0.0359375 0.046875
0 0.28046875 0.63984375 0.0359375 0.04375
0 0.275 0.58671875 0.0375 0.0421875
0 0.29296875 0.525 0.0375 0.0453125
0 0.28671875 0.48203125 0.040625 0.05
0 0.29921875 0.41171875 0.0375 0.053125
0 0.346875 0.7828125 0.0375 0.0453125
0 0.3375 0.7359375 0.0375 0.04375
0 0.33125 0.68359375 0.0359375 0.0421875
0 0.3171875 0.65 0.0375 0.0453125
0 0.30546875 0.609375 0.0375 0.0453125
0 0.3046875 0.56796875 0.0390625 0.0515625
0 0.3203125 0.37109375 0.040625 0.05
0 0.340625 0.33125 0.040625 0.053125
0 0.3171875 0.45390625 0.040625 0.05
0 0.3375 0.41484375 0.0375 0.05
0 0.359375 0.378125 0.0375 0.053125
0 0.37890625 0.3375 0.0375 0.05
0 0.32109375 0.49921875 0.0375 0.046875
0 0.33671875 0.54453125 0.0375 0.0421875
0 0.33984375 0.5890625 0.040625 0.046875
0 0.346875 0.62734375 0.0359375 0.04375
0 0.3578125 0.66796875 0.0359375 0.0453125
0 0.36796875 0.71171875 0.034375 0.046875
0 0.3796875 0.7890625 0.03125 0.0453125
0 0.4125 0.77578125 0.034375 0.0421875
0 0.39609375 0.73203125 0.034375 0.04375
0 0.42734375 0.74375 0.034375 0.04375
0 0.35390625 0.45390625 0.0375 0.0484375
0 0.384375 0.42265625 0.0375 0.046875
0 0.396875 0.38046875 0.0375 0.053125
0 0.428125 0.3578125 0.0375 0.053125
0 0.36171875 0.50390625 0.0375 0.0484375
0 0.37421875 0.55390625 0.0375 0.05
0 0.3765625 0.6015625 0.04375 0.0515625
0 0.3890625 0.63828125 0.0375 0.0453125
0 0.38984375 0.68046875 0.0375 0.0453125
0 0.4171875 0.70234375 0.0359375 0.0453125
0 0.4234375 0.6484375 0.0359375 0.05
0 0.41171875 0.58359375 0.0359375 0.046875
0 0.38984375 0.4671875 0.0390625 0.0484375
0 0.4015625 0.52421875 0.0375 0.0484375
0 0.41875 0.41796875 0.0375 0.05
0 0.421875 0.48671875 0.0375 0.05
0 0.4328125 0.55234375 0.0375 0.046875
0 0.43828125 0.61015625 0.0375 0.05
0 0.45703125 0.384375 0.0375 0.053125
0 0.44375 0.4515625 0.0375 0.053125
0 0.453125 0.51171875 0.034375 0.0453125
0 0.46640625 0.55078125 0.0359375 0.046875
0 0.4703125 0.596875 0.0375 0.04375
0 0.46484375 0.6375 0.0359375 0.0484375
0 0.45 0.67265625 0.034375 0.0453125
0 0.4515625 0.71640625 0.034375 0.04375
0 0.45390625 0.765625 0.0328125 0.040625
0 0.48515625 0.75546875 0.03125 0.040625
0 0.484375 0.7171875 0.034375 0.04375
0 0.47578125 0.42578125 0.040625 0.046875
0 0.4765625 0.471875 0.0375 0.046875
0 0.48671875 0.66796875 0.034375 0.0453125
0 0.48671875 0.51640625 0.0359375 0.0484375
0 0.49921875 0.57109375 0.0359375 0.046875
0 0.503125 0.628125 0.034375 0.0453125
0 0.5140625 0.73828125 0.034375 0.0421875
0 0.51640625 0.6921875 0.034375 0.04375
0 0.5109375 0.43671875 0.034375 0.046875
0 0.509375 0.48125 0.034375 0.046875
0 0.52265625 0.52265625 0.034375 0.0484375
0 0.5421875 0.484375 0.0328125 0.046875
0 0.5328125 0.56640625 0.0359375 0.0453125
0 0.52734375 0.6546875 0.034375 0.04375
0 0.53046875 0.6078125 0.034375 0.0421875
0 0.5578125 0.52265625 0.034375 0.04375
0 0.54609375 0.71953125 0.0359375 0.046875
0 0.55546875 0.6796875 0.034375 0.04375
0 0.559375 0.6390625 0.034375 0.04375
0 0.55859375 0.5921875 0.03125 0.046875