0 0.21796875 0.759375 0.071875 0.046875
0 0.23828125 0.70078125 0.065625 0.0421875
0 0.25078125 0.66796875 0.071875 0.046875
0 0.184375 0.6734375 0.06875 0.046875
0 0.253125 0.609375 0.071875 0.05
0 0.2953125 0.5859375 0.078125 0.053125
0 0.32109375 0.63671875 0.075 0.0515625
0 0.3171875 0.67890625 0.075 0.046875
0 0.30390625 0.71953125 0.0703125 0.05
0 0.28828125 0.75625 0.06875 0.04375
0 0.2703125 0.8140625 0.071875 0.046875
0 0.32578125 0.840625 0.0703125 0.04375
0 0.34296875 0.79609375 0.06875 0.05
0 0.36015625 0.74375 0.0703125 0.0421875
0 0.3734375 0.703125 0.0703125 0.0515625
0 0.37890625 0.653125 0.071875 0.05
0 0.37421875 0.5953125 0.075 0.0484375
0 0.44296875 0.5859375 0.0734375 0.05
0 0.38828125 0.83671875 0.078125 0.046875
0 0.43359375 0.86484375 0.065625 0.0515625
0 0.409375 0.78515625 0.0703125 0.0453125
0 0.428125 0.75078125 0.075 0.0515625
0 0.43828125 0.7 0.071875 0.046875
0 0.44375 0.63828125 0.0703125 0.046875
0 0.45 0.8109375 0.071875 0.05
0 0.496875 0.85078125 0.065625 0.046875
0 0.5265625 0.803125 0.071875 0.04375
0 0.5546875 0.7765625 0.06875 0.05
0 0.47578125 0.7828125 0.0703125 0.05
0 0.50078125 0.7390625 0.0796875 0.05
0 0.575 0.72890625 0.0734375 0.05
0 0.58359375 0.67890625 0.071875 0.05
0 0.515625 0.6921875 0.075 0.05
0 0.51484375 0.634375 0.0703125 0.05
0 0.5859375 0.62265625 0.075 0.053125
0 0.58359375 0.5703125 0.071875 0.053125
0 0.51328125 0.5859375 0.0828125 0.05
0 0.56015625 0.5203125 0.071875 0.059375
0 0.484375 0.53125 0.078125 0.053125
0 0.4125 0.5421875 0.071875 0.05625
0 0.334375 0.54140625 0.0796875 0.05
0 0.2828125 0.50390625 0.0734375 0.053125
0 0.21171875 0.5125 0.075 0.0546875
0 0.15078125 0.475 0.075 0.0453125
0 0.21171875 0.4578125 0.084375 0.059375
0 0.15078125 0.553125 0.0765625 0.028125
0 0.1546875 0.41796875 0.084375 0.059375
0 0.16328125 0.36328125 0.0875 0.0578125
0 0.17734375 0.3015625 0.0875 0.05625
0 0.2 0.2453125 0.090625 0.0625
0 0.2859375 0.45234375 0.08125 0.05625
0 0.34765625 0.4890625 0.0765625 0.0546875
0 0.41796875 0.48359375 0.06875 0.053125
0 0.48359375 0.4703125 0.075 0.0546875
0 0.56640625 0.46015625 0.0796875 0.059375
0 0.63359375 0.5203125 0.0734375 0.0546875
0 0.64140625 0.46015625 0.0765625 0.059375
0 0.65703125 0.409375 0.075 0.0578125
0 0.56875 0.40390625 0.075 0.05625
0 0.49765625 0.41484375 0.078125 0.0578125
0 0.428125 0.43046875 0.0703125 0.053125
0 0.35703125 0.4359375 0.075 0.053125
0 0.30390625 0.39375 0.071875 0.0546875
0 0.22734375 0.40625 0.0765625 0.05625
0 0.24921875 0.34921875 0.084375 0.059375
0 0.32109375 0.340625 0.0796875 0.059375
0 0.25859375 0.29140625 0.090625 0.0625
0 0.2796875 0.23828125 0.08125 0.0578125
0 0.33828125 0.2875 0.078125 0.05625
0 0.59140625 0.34765625 0.0796875 0.065625
0 0.67265625 0.346875 0.084375 0.0578125
0 0.7171875 0.28359375 0.0875 0.065625
0 0.37109375 0.38359375 0.078125 0.05625
0 0.44296875 0.3765625 0.0765625 0.059375
0 0.51171875 0.35703125 0.078125 0.059375
0 0.53984375 0.303125 0.084375 0.0625
0 0.46328125 0.3171875 0.078125 0.05625
0 0.3921875 0.3296875 0.075 0.059375
0 0.41328125 0.2734375 0.08125 0.0609375
0 0.4296875 0.21953125 0.0765625 0.059375
0 0.484375 0.26171875 0.078125 0.059375
0 0.55625 0.24765625 0.0734375 0.0625
0 0.61640625 0.28671875 0.078125 0.0625
0 0.63671875 0.22578125 0.084375 0.0671875
0 0.73203125 0.22421875 0.071875 0.059375
0 0.73984375 0.1625 0.078125 0.065625
0 0.696875 0.11171875 0.08125 0.065625
0 0.6296875 0.08125 0.08125 0.065625
0 0.61875 0.14609375 0.071875 0.0609375
0 0.575 0.19140625 0.078125 0.059375
0 0.53046875 0.134375 0.0828125 0.0671875
0 0.50390625 0.2046875 0.0796875 0.065625
0 0.55234375 0.090625 0.071875 0.0453125
0 0.35703125 0.2328125 0.08125 0.059375
0 0.3765625 0.16953125 0.075 0.0625
0 0.44609375 0.1625 0.084375 0.06875
0 0.47734375 0.0875 0.0765625 0.065625
0 0.4015625 0.109375 0.0796875 0.06875
0 0.2859375 0.1671875 0.090625 0.0671875
0 0.325 0.121875 0.084375 0.0625