0 0.21796875 0.240625 0.071875 0.046875
0 0.23828125 0.29921875 0.065625 0.0421875
0 0.25078125 0.33203125 0.071875 0.046875
0 0.184375 0.3265625 0.06875 0.046875
0 0.253125 0.390625 0.071875 0.05
0 0.2953125 0.4140625 0.078125 0.053125
0 0.32109375 0.36328125 0.075 0.0515625
0 0.3171875 0.32109375 0.075 0.046875
0 0.30390625 0.28046875 0.0703125 0.05
0 0.28828125 0.24375 0.06875 0.04375
0 0.2703125 0.1859375 0.071875 0.046875
0 0.32578125 0.159375 0.0703125 0.04375
0 0.34296875 0.20390625 0.06875 0.05
0 0.36015625 0.25625 0.0703125 0.0421875
0 0.3734375 0.296875 0.0703125 0.0515625
0 0.37890625 0.346875 0.071875 0.05
0 0.37421875 0.4046875 0.075 0.0484375
0 0.44296875 0.4140625 0.0734375 0.05
0 0.38828125 0.16328125 0.078125 0.046875
0 0.43359375 0.13515625 0.065625 0.0515625
0 0.409375 0.21484375 0.0703125 0.0453125
0 0.428125 0.24921875 0.075 0.0515625
0 0.43828125 0.3 0.071875 0.046875
0 0.44375 0.36171875 0.0703125 0.046875
0 0.45 0.1890625 0.071875 0.05
0 0.496875 0.14921875 0.065625 0.046875
0 0.5265625 0.196875 0.071875 0.04375
0 0.5546875 0.2234375 0.06875 0.05
0 0.47578125 0.2171875 0.0703125 0.05
0 0.50078125 0.2609375 0.0796875 0.05
0 0.575 0.27109375 0.0734375 0.05
0 0.58359375 0.32109375 0.071875 0.05
0 0.515625 0.3078125 0.075 0.05
0 0.51484375 0.365625 0.0703125 0.05
0 0.5859375 0.37734375 0.075 0.053125
0 0.58359375 0.4296875 0.071875 0.053125
0 0.51328125 0.4140625 0.0828125 0.05
0 0.56015625 0.4796875 0.071875 0.059375
0 0.484375 0.46875 0.078125 0.053125
0 0.4125 0.4578125 0.071875 0.05625
0 0.334375 0.45859375 0.0796875 0.05
0 0.2828125 0.49609375 0.0734375 0.053125
0 0.21171875 0.4875 0.075 0.0546875
0 0.15078125 0.525 0.075 0.0453125
0 0.21171875 0.5421875 0.084375 0.059375
0 0.15078125 0.446875 0.0765625 0.028125
0 0.1546875 0.58203125 0.084375 0.0609375
0 0.16328125 0.63671875 0.0875 0.0578125
0 0.17734375 0.6984375 0.0875 0.0578125
0 0.2 0.7546875 0.090625 0.0625
0 0.2859375 0.54765625 0.08125 0.05625
0 0.34765625 0.5109375 0.0765625 0.0546875
0 0.41796875 0.51640625 0.06875 0.053125
0 0.48359375 0.5296875 0.075 0.0546875
0 0.56640625 0.53984375 0.0796875 0.059375
0 0.63359375 0.4796875 0.0734375 0.0546875
0 0.64140625 0.53984375 0.0765625 0.059375
0 0.65703125 0.590625 0.075 0.0578125
0 0.56875 0.59609375 0.075 0.05625
0 0.49765625 0.58515625 0.078125 0.0578125
0 0.428125 0.56953125 0.0703125 0.053125
0 0.35703125 0.5640625 0.075 0.053125
0 0.30390625 0.60625 0.071875 0.0546875
0 0.22734375 0.59375 0.0765625 0.05625
0 0.24921875 0.65078125 0.084375 0.059375
0 0.32109375 0.659375 0.0796875 0.059375
0 0.25859375 0.70859375 0.090625 0.0625
0 0.2796875 0.76171875 0.08125 0.0578125
0 0.33828125 0.7125 0.078125 0.05625
0 0.59140625 0.65234375 0.0796875 0.065625
0 0.67265625 0.653125 0.084375 0.0578125
0 0.7171875 0.71640625 0.0875 0.065625
0 0.37109375 0.61640625 0.078125 0.05625
0 0.44296875 0.6234375 0.0765625 0.059375
0 0.51171875 0.64296875 0.078125 0.059375
0 0.53984375 0.696875 0.084375 0.0625
0 0.46328125 0.6828125 0.078125 0.05625
0 0.3921875 0.6703125 0.075 0.059375
0 0.41328125 0.7265625 0.08125 0.0609375
0 0.4296875 0.78046875 0.0765625 0.059375
0 0.484375 0.73828125 0.078125 0.059375
0 0.55625 0.75234375 0.0734375 0.0625
0 0.61640625 0.71328125 0.078125 0.0625
0 0.63671875 0.77421875 0.084375 0.0671875
0 0.73203125 0.77578125 0.071875 0.0578125
0 0.73984375 0.8375 0.078125 0.065625
0 0.696875 0.88828125 0.08125 0.065625
0 0.6296875 0.91875 0.08125 0.065625
0 0.61875 0.85390625 0.071875 0.0609375
0 0.575 0.80859375 0.078125 0.059375
0 0.53046875 0.865625 0.0828125 0.0671875
0 0.50390625 0.7953125 0.0796875 0.065625
0 0.55234375 0.909375 0.071875 0.0453125
0 0.35703125 0.7671875 0.08125 0.059375
0 0.3765625 0.83046875 0.075 0.0625
0 0.44609375 0.8375 0.084375 0.06875
0 0.47734375 0.9125 0.0765625 0.065625
0 0.4015625 0.890625 0.0796875 0.0703125
0 0.2859375 0.8328125 0.090625 0.0671875
0 0.325 0.878125 0.084375 0.0640625