0 0.628125 0.190625 0.04375 0.071875
0 0.584375 0.18984375 0.04375 0.0734375
0 0.540625 0.15 0.04375 0.06875
0 0.49765625 0.16171875 0.040625 0.06875
0 0.465625 0.19921875 0.04375 0.075
0 0.428125 0.23359375 0.040625 0.06875
0 0.40859375 0.2953125 0.0421875 0.071875
0 0.55625 0.2375 0.04375 0.071875
0 0.51796875 0.25 0.040625 0.06875
0 0.465625 0.2609375 0.04375 0.0625
0 0.63046875 0.2921875 0.04375 0.06875
0 0.5859375 0.27890625 0.04375 0.071875
0 0.540625 0.3140625 0.04375 0.065625
0 0.49375 0.296875 0.04375 0.0671875
0 0.4421875 0.32578125 0.040625 0.0671875
0 0.39765625 0.36953125 0.0390625 0.0625
0 0.646875 0.35 0.04375 0.0625
0 0.6078125 0.35390625 0.0390625 0.065625
0 0.5671875 0.36015625 0.040625 0.0734375
0 0.528125 0.3703125 0.040625 0.071875
0 0.4890625 0.37109375 0.0390625 0.065625
0 0.43125 0.3890625 0.040625 0.065625
0 0.6359375 0.41953125 0.0421875 0.06875
0 0.59140625 0.41015625 0.0421875 0.06875
0 0.5546875 0.4328125 0.04375 0.0671875
0 0.509375 0.43046875 0.04375 0.06875
0 0.47265625 0.45 0.0390625 0.0671875
0 0.4296875 0.45 0.0421875 0.0671875
0 0.38359375 0.44375 0.0421875 0.065625
0 0.6609375 0.47109375 0.0421875 0.06875
0 0.61640625 0.4859375 0.040625 0.065625
0 0.5734375 0.49140625 0.04375 0.06875
0 0.53125 0.48671875 0.04375 0.06875
0 0.49296875 0.49296875 0.0375 0.065625
0 0.4171875 0.5125 0.040625 0.065625
0 0.37890625 0.5109375 0.040625 0.065625
0 0.4625 0.5390625 0.04375 0.06875
0 0.42890625 0.57734375 0.04375 0.0671875
0 0.4046875 0.60625 0.040625 0.0625
0 0.6484375 0.53125 0.04375 0.065625
0 0.5984375 0.5421875 0.04375 0.0671875
0 0.54921875 0.55859375 0.0421875 0.071875
0 0.5109375 0.55 0.04375 0.065625
0 0.628125 0.58515625 0.04375 0.0625
0 0.5765625 0.60546875 0.0421875 0.0671875
0 0.5265625 0.6140625 0.04375 0.06875
0 0.48515625 0.60078125 0.0421875 0.06875
0 0.43125 0.63828125 0.0421875 0.065625
0 0.6046875 0.64453125 0.040625 0.065625
0 0.553125 0.66015625 0.04375 0.065625
0 0.5078125 0.68515625 0.040625 0.065625
0 0.4734375 0.65703125 0.040625 0.0609375
0 0.4046875 0.66953125 0.040625 0.065625
0 0.440625 0.69453125 0.040625 0.0609375
0 0.6375 0.70078125 0.040625 0.0625
0 0.5921875 0.70234375 0.040625 0.06875
0 0.54453125 0.71796875 0.040625 0.065625
0 0.50859375 0.7484375 0.0375 0.065625
0 0.471875 0.72421875 0.0390625 0.065625
0 0.4421875 0.75234375 0.040625 0.059375
0 0.40546875 0.728125 0.0390625 0.0625
0 0.403125 0.78828125 0.040625 0.0625
0 0.6109375 0.7609375 0.0421875 0.065625
0 0.6484375 0.796875 0.04375 0.0625
0 0.621875 0.84921875 0.0375 0.059375
0 0.4765625 0.78203125 0.0375 0.0625
0 0.4390625 0.8203125 0.040625 0.0625
0 0.5640625 0.76953125 0.040625 0.065625
0 0.525 0.80234375 0.0390625 0.065625
0 0.48984375 0.85234375 0.040625 0.0671875
0 0.46171875 0.87578125 0.0390625 0.0671875
0 0.41875 0.88828125 0.040625 0.0625
0 0.5734375 0.83046875 0.040625 0.0609375
0 0.5390625 0.8609375 0.040625 0.0625
0 0.59296875 0.89140625 0.040625 0.0625
0 0.55859375 0.934375 0.040625 0.065625
0 0.50234375 0.896875 0.0421875 0.059375
0 0.4453125 0.928125 0.0375 0.0609375
0 0.4796875 0.96796875 0.04375 0.0625
0 0.5265625 0.965625 0.040625 0.065625