0 0.809375 0.628125 0.071875 0.04375
0 0.81015625 0.584375 0.0734375 0.04375
0 0.85 0.540625 0.06875 0.04375
0 0.83828125 0.49765625 0.06875 0.040625
0 0.80078125 0.465625 0.075 0.04375
0 0.76640625 0.428125 0.06875 0.040625
0 0.7046875 0.40859375 0.071875 0.0421875
0 0.7625 0.55625 0.071875 0.04375
0 0.75 0.51796875 0.06875 0.040625
0 0.7390625 0.465625 0.0625 0.04375
0 0.7078125 0.63046875 0.06875 0.04375
0 0.72109375 0.5859375 0.071875 0.04375
0 0.6859375 0.540625 0.065625 0.04375
0 0.703125 0.49375 0.0671875 0.04375
0 0.67421875 0.4421875 0.0671875 0.040625
0 0.63046875 0.39765625 0.0625 0.0390625
0 0.65 0.646875 0.0625 0.04375
0 0.64609375 0.6078125 0.065625 0.0390625
0 0.63984375 0.5671875 0.0734375 0.040625
0 0.6296875 0.528125 0.071875 0.040625
0 0.62890625 0.4890625 0.065625 0.0390625
0 0.6109375 0.43125 0.065625 0.040625
0 0.58046875 0.6359375 0.06875 0.0421875
0 0.58984375 0.59140625 0.06875 0.0421875
0 0.5671875 0.5546875 0.0671875 0.04375
0 0.56953125 0.509375 0.06875 0.04375
0 0.55 0.47265625 0.0671875 0.0390625
0 0.55 0.4296875 0.0671875 0.0421875
0 0.55625 0.38359375 0.065625 0.0421875
0 0.52890625 0.6609375 0.06875 0.0421875
0 0.5140625 0.61640625 0.065625 0.040625
0 0.50859375 0.5734375 0.06875 0.04375
0 0.51328125 0.53125 0.06875 0.04375
0 0.50703125 0.49296875 0.065625 0.0375
0 0.4875 0.4171875 0.065625 0.040625
0 0.4890625 0.37890625 0.065625 0.040625
0 0.4609375 0.4625 0.06875 0.04375
0 0.42265625 0.42890625 0.0671875 0.04375
0 0.39375 0.4046875 0.0625 0.040625
0 0.46875 0.6484375 0.065625 0.04375
0 0.4578125 0.5984375 0.0671875 0.04375
0 0.44140625 0.54921875 0.071875 0.0421875
0 0.45 0.5109375 0.065625 0.04375
0 0.41484375 0.628125 0.0625 0.04375
0 0.39453125 0.5765625 0.0671875 0.0421875
0 0.3859375 0.5265625 0.06875 0.04375
0 0.39921875 0.48515625 0.06875 0.0421875
0 0.36171875 0.43125 0.065625 0.0421875
0 0.35546875 0.6046875 0.065625 0.040625
0 0.33984375 0.553125 0.065625 0.04375
0 0.31484375 0.5078125 0.065625 0.040625
0 0.34296875 0.4734375 0.0609375 0.040625
0 0.33046875 0.4046875 0.065625 0.040625
0 0.30546875 0.440625 0.0609375 0.040625
0 0.29921875 0.6375 0.0625 0.040625
0 0.29765625 0.5921875 0.06875 0.040625
0 0.28203125 0.54453125 0.065625 0.040625
0 0.2515625 0.50859375 0.065625 0.0375
0 0.27578125 0.471875 0.065625 0.0390625
0 0.24765625 0.4421875 0.059375 0.040625
0 0.271875 0.40546875 0.0625 0.0390625
0 0.21171875 0.403125 0.0625 0.040625
0 0.2390625 0.6109375 0.065625 0.0421875
0 0.203125 0.6484375 0.0625 0.04375
0 0.15078125 0.621875 0.059375 0.0390625
0 0.21796875 0.4765625 0.0625 0.0375
0 0.1796875 0.4390625 0.0625 0.040625
0 0.23046875 0.5640625 0.065625 0.040625
0 0.19765625 0.525 0.065625 0.0390625
0 0.14765625 0.48984375 0.0671875 0.040625
0 0.12421875 0.46171875 0.0671875 0.0390625
0 0.11171875 0.41875 0.0625 0.040625
0 0.16953125 0.5734375 0.0609375 0.040625
0 0.1390625 0.5390625 0.0625 0.040625
0 0.10859375 0.59296875 0.0625 0.040625
0 0.065625 0.55859375 0.065625 0.040625
0 0.103125 0.50234375 0.059375 0.0421875
0 0.071875 0.4453125 0.0609375 0.0375
0 0.03203125 0.4796875 0.0625 0.04375
0 0.034375 0.5265625 0.065625 0.040625