0 0.92578125 0.44140625 0.0453125 0.0375
0 0.90078125 0.48203125 0.053125 0.0390625
0 0.9 0.53828125 0.05 0.0375
0 0.88828125 0.3984375 0.053125 0.040625
0 0.81171875 0.2875 0.053125 0.04375
0 0.81796875 0.38046875 0.05625 0.040625
0 0.83984375 0.4484375 0.0640625 0.046875
0 0.84765625 0.5265625 0.05625 0.04375
0 0.85 0.58828125 0.065625 0.05
0 0.796875 0.52734375 0.065625 0.0484375
0 0.765625 0.42578125 0.0515625 0.040625
0 0.7625 0.57265625 0.0625 0.046875
0 0.8015625 0.6515625 0.053125 0.0375
0 0.72109375 0.69921875 0.05625 0.040625
0 0.7140625 0.6625 0.0578125 0.04375
0 0.68515625 0.2578125 0.053125 0.040625
0 0.653125 0.203125 0.053125 0.0421875
0 0.65234375 0.32890625 0.05 0.0390625
0 0.703125 0.38984375 0.0625 0.0484375
0 0.665625 0.41640625 0.0515625 0.040625
0 0.66484375 0.47265625 0.05 0.0375
0 0.64375 0.5890625 0.05625 0.040625
0 0.61484375 0.515625 0.053125 0.0390625
0 0.64296875 0.65859375 0.06875 0.05
0 0.646875 0.7203125 0.05625 0.040625
0 0.66875 0.7734375 0.0625 0.04375
0 0.65703125 0.81875 0.046875 0.034375
0 0.5921875 0.19140625 0.0578125 0.04375
0 0.56796875 0.121875 0.065625 0.046875
0 0.5203125 0.178125 0.065625 0.0515625
0 0.5578125 0.22265625 0.053125 0.040625
0 0.58828125 0.30234375 0.0515625 0.040625
0 0.62421875 0.36953125 0.053125 0.040625
0 0.59453125 0.44765625 0.046875 0.034375
0 0.553125 0.35078125 0.046875 0.0359375
0 0.559375 0.40625 0.046875 0.0375
0 0.5140625 0.2734375 0.05 0.0375
0 0.5203125 0.43515625 0.0515625 0.0375
0 0.52265625 0.49921875 0.0484375 0.0375
0 0.55625 0.53984375 0.046875 0.034375
0 0.55703125 0.61484375 0.053125 0.0375
0 0.5578125 0.66328125 0.059375 0.0453125
0 0.5578125 0.7046875 0.0578125 0.04375
0 0.5546875 0.78671875 0.046875 0.040625
0 0.5046875 0.78828125 0.053125 0.0421875
0 0.49296875 0.71875 0.05 0.0359375
0 0.4875 0.67265625 0.05 0.0390625
0 0.490625 0.5703125 0.059375 0.04375
0 0.4765625 0.10078125 0.053125 0.040625
0 0.446875 0.1421875 0.0671875 0.05
0 0.4234375 0.234375 0.05 0.040625
0 0.44921875 0.3125 0.0625 0.046875
0 0.48046875 0.38359375 0.053125 0.0390625
0 0.45390625 0.46015625 0.0625 0.046875
0 0.42265625 0.053125 0.0546875 0.04375
0 0.37734375 0.0328125 0.059375 0.046875
0 0.38984375 0.109375 0.053125 0.04375
0 0.37734375 0.17734375 0.05625 0.04375
0 0.2890625 0.0625 0.065625 0.053125
0 0.32265625 0.14765625 0.059375 0.046875
0 0.371875 0.26796875 0.053125 0.0421875
0 0.309375 0.2421875 0.075 0.046875
0 0.3203125 0.31015625 0.065625 0.046875
0 0.3890625 0.3484375 0.05625 0.04375
0 0.32109375 0.38359375 0.0625 0.046875
0 0.4171875 0.415625 0.053125 0.0375
0 0.34765625 0.440625 0.0625 0.0484375
0 0.36328125 0.49375 0.053125 0.040625
0 0.38828125 0.54765625 0.053125 0.0375
0 0.43125 0.5921875 0.046875 0.034375
0 0.36015625 0.60546875 0.05625 0.0421875
0 0.409375 0.66328125 0.0578125 0.04375
0 0.34140625 0.665625 0.05 0.0390625
0 0.42734375 0.71015625 0.0578125 0.040625
0 0.34453125 0.7265625 0.05 0.0375
0 0.4390625 0.76015625 0.0484375 0.034375
0 0.3671875 0.76328125 0.046875 0.0375
0 0.3890625 0.80234375 0.0546875 0.040625
0 0.453125 0.83828125 0.046875 0.0359375
0 0.4140625 0.84765625 0.0515625 0.040625
0 0.4125 0.9609375 0.0515625 0.0359375