0 0.07421875 0.44140625 0.0453125 0.0375
0 0.09921875 0.48203125 0.053125 0.0390625
0 0.1 0.53828125 0.05 0.0375
0 0.11171875 0.3984375 0.053125 0.040625
0 0.18828125 0.2875 0.053125 0.04375
0 0.18203125 0.38046875 0.05625 0.040625
0 0.16015625 0.4484375 0.0640625 0.046875
0 0.15234375 0.5265625 0.05625 0.04375
0 0.15 0.58828125 0.065625 0.05
0 0.203125 0.52734375 0.065625 0.0484375
0 0.234375 0.42578125 0.0515625 0.040625
0 0.2375 0.57265625 0.0625 0.046875
0 0.1984375 0.6515625 0.053125 0.0375
0 0.27890625 0.69921875 0.05625 0.040625
0 0.2859375 0.6625 0.0578125 0.04375
0 0.31484375 0.2578125 0.053125 0.040625
0 0.346875 0.203125 0.053125 0.0421875
0 0.34765625 0.32890625 0.05 0.0390625
0 0.296875 0.38984375 0.0625 0.0484375
0 0.334375 0.41640625 0.0515625 0.040625
0 0.33515625 0.47265625 0.05 0.0375
0 0.35625 0.5890625 0.05625 0.040625
0 0.38515625 0.515625 0.053125 0.0390625
0 0.35703125 0.65859375 0.06875 0.05
0 0.353125 0.7203125 0.05625 0.040625
0 0.33125 0.7734375 0.0625 0.04375
0 0.34296875 0.81875 0.046875 0.034375
0 0.4078125 0.19140625 0.0578125 0.04375
0 0.43203125 0.121875 0.065625 0.046875
0 0.4796875 0.178125 0.065625 0.0515625
0 0.4421875 0.22265625 0.053125 0.040625
0 0.41171875 0.30234375 0.0515625 0.040625
0 0.37578125 0.36953125 0.053125 0.040625
0 0.40546875 0.44765625 0.046875 0.034375
0 0.446875 0.35078125 0.046875 0.0359375
0 0.440625 0.40625 0.046875 0.0375
0 0.4859375 0.2734375 0.05 0.0375
0 0.4796875 0.43515625 0.0515625 0.0375
0 0.47734375 0.49921875 0.0484375 0.0375
0 0.44375 0.53984375 0.046875 0.034375
0 0.44296875 0.61484375 0.053125 0.0375
0 0.4421875 0.66328125 0.059375 0.0453125
0 0.4421875 0.7046875 0.0578125 0.04375
0 0.4453125 0.78671875 0.046875 0.040625
0 0.4953125 0.78828125 0.053125 0.0421875
0 0.50703125 0.71875 0.05 0.0359375
0 0.5125 0.67265625 0.05 0.0390625
0 0.509375 0.5703125 0.059375 0.04375
0 0.5234375 0.10078125 0.053125 0.040625
0 0.553125 0.1421875 0.0671875 0.05
0 0.5765625 0.234375 0.05 0.040625
0 0.55078125 0.3125 0.0625 0.046875
0 0.51953125 0.38359375 0.053125 0.0390625
0 0.54609375 0.46015625 0.0625 0.046875
0 0.57734375 0.053125 0.0546875 0.04375
0 0.62265625 0.0328125 0.059375 0.046875
0 0.61015625 0.109375 0.053125 0.04375
0 0.62265625 0.17734375 0.05625 0.04375
0 0.7109375 0.0625 0.065625 0.053125
0 0.67734375 0.14765625 0.059375 0.046875
0 0.628125 0.26796875 0.053125 0.0421875
0 0.690625 0.2421875 0.075 0.046875
0 0.6796875 0.31015625 0.065625 0.046875
0 0.6109375 0.3484375 0.05625 0.04375
0 0.67890625 0.38359375 0.0625 0.046875
0 0.5828125 0.415625 0.053125 0.0375
0 0.65234375 0.440625 0.0625 0.0484375
0 0.63671875 0.49375 0.053125 0.040625
0 0.61171875 0.54765625 0.053125 0.0375
0 0.56875 0.5921875 0.046875 0.034375
0 0.63984375 0.60546875 0.05625 0.0421875
0 0.590625 0.66328125 0.0578125 0.04375
0 0.65859375 0.665625 0.05 0.0390625
0 0.57265625 0.71015625 0.0578125 0.040625
0 0.65546875 0.7265625 0.05 0.0375
0 0.5609375 0.76015625 0.0484375 0.034375
0 0.6328125 0.76328125 0.046875 0.0375
0 0.6109375 0.80234375 0.0546875 0.040625
0 0.546875 0.83828125 0.046875 0.0359375
0 0.5859375 0.84765625 0.0515625 0.040625
0 0.5875 0.9609375 0.0515625 0.0359375