0 0.55859375 0.35546875 0.090625 0.115625
0 0.55234375 0.4703125 0.084375 0.10625
0 0.54921875 0.56640625 0.0828125 0.096875
0 0.54609375 0.653125 0.0796875 0.0875
0 0.5390625 0.73984375 0.0765625 0.084375
0 0.48671875 0.28671875 0.090625 0.121875
0 0.4828125 0.40703125 0.0875 0.1125
0 0.48203125 0.50546875 0.08125 0.096875
0 0.478125 0.603125 0.08125 0.096875
0 0.47578125 0.6890625 0.0765625 0.0890625
0 0.4796875 0.75546875 0.06875 0.075
0 0.409375 0.2203125 0.09375 0.128125
0 0.41171875 0.340625 0.0890625 0.1203125
0 0.415625 0.446875 0.084375 0.10625
0 0.4125 0.5484375 0.08125 0.1015625
0 0.4140625 0.63515625 0.078125 0.090625
0 0.41328125 0.72109375 0.075 0.090625
0 0.41484375 0.79453125 0.0734375 0.08125
0 0.33203125 0.15234375 0.0921875 0.134375
0 0.33828125 0.2765625 0.090625 0.1234375
0 0.34921875 0.38125 0.0875 0.109375
0 0.34609375 0.4890625 0.0828125 0.103125
0 0.3484375 0.58125 0.078125 0.09375
0 0.35078125 0.66640625 0.0765625 0.090625
0 0.3578125 0.73828125 0.06875 0.08125
0 0.35625 0.81953125 0.06875 0.0796875
0 0.25390625 0.0875 0.090625 0.1390625
0 0.2578125 0.2140625 0.0890625 0.128125
0 0.27109375 0.32578125 0.08125 0.1140625
0 0.28359375 0.4265625 0.08125 0.103125
0 0.2921875 0.51796875 0.078125 0.1
0 0.28515625 0.61875 0.075 0.0921875
0 0.29375 0.69609375 0.071875 0.084375
0 0.30078125 0.76953125 0.06875 0.078125
0 0.30546875 0.83828125 0.0640625 0.0765625
0 0.184375 0.1375 0.0875 0.13125
0 0.18984375 0.259375 0.08125 0.11875
0 0.21875 0.35546875 0.078125 0.10625
0 0.225 0.4609375 0.0765625 0.1
0 0.2234375 0.559375 0.075 0.096875
0 0.2328125 0.646875 0.071875 0.0875
0 0.240625 0.72421875 0.0703125 0.084375
0 0.25234375 0.78671875 0.0640625 0.075
0 0.12421875 0.19140625 0.0796875 0.121875
0 0.13359375 0.30546875 0.084375 0.1125
0 0.16015625 0.403125 0.0765625 0.1
0 0.15859375 0.5046875 0.0734375 0.096875
0 0.178125 0.584375 0.06875 0.0890625
0 0.1828125 0.67109375 0.0671875 0.0875
0 0.19453125 0.74453125 0.065625 0.0796875
0 0.0796875 0.240625 0.075 0.1140625
0 0.0890625 0.34765625 0.078125 0.109375
0 0.115625 0.43671875 0.075 0.096875
0 0.1125 0.53515625 0.071875 0.09375
0 0.12578125 0.61796875 0.065625 0.090625
0 0.13515625 0.69921875 0.0625 0.0859375
0 0.028125 0.29296875 0.05625 0.1125
0 0.0375 0.3921875 0.071875 0.1
0 0.05625 0.47890625 0.0703125 0.09375
0 0.065625 0.56640625 0.0671875 0.0890625
0 0.07578125 0.6515625 0.0640625 0.084375