0 0.44140625 0.64453125 0.090625 0.115625
0 0.44765625 0.5296875 0.084375 0.10625
0 0.45078125 0.43359375 0.0828125 0.096875
0 0.45390625 0.346875 0.0796875 0.0875
0 0.4609375 0.26015625 0.0765625 0.084375
0 0.51328125 0.71328125 0.090625 0.121875
0 0.5171875 0.59296875 0.0875 0.1125
0 0.51796875 0.49453125 0.08125 0.096875
0 0.521875 0.396875 0.08125 0.096875
0 0.52421875 0.3109375 0.0765625 0.0890625
0 0.5203125 0.24453125 0.06875 0.075
0 0.590625 0.7796875 0.09375 0.128125
0 0.58828125 0.659375 0.0890625 0.1203125
0 0.584375 0.553125 0.084375 0.10625
0 0.5875 0.4515625 0.08125 0.1015625
0 0.5859375 0.36484375 0.078125 0.090625
0 0.58671875 0.27890625 0.075 0.090625
0 0.58515625 0.20546875 0.0734375 0.08125
0 0.66796875 0.84765625 0.0921875 0.134375
0 0.66171875 0.7234375 0.090625 0.1234375
0 0.65078125 0.61875 0.0875 0.109375
0 0.65390625 0.5109375 0.0828125 0.103125
0 0.6515625 0.41875 0.078125 0.09375
0 0.64921875 0.33359375 0.0765625 0.090625
0 0.6421875 0.26171875 0.06875 0.08125
0 0.64375 0.18046875 0.06875 0.0796875
0 0.74609375 0.9125 0.090625 0.1390625
0 0.7421875 0.7859375 0.0890625 0.128125
0 0.72890625 0.67421875 0.08125 0.1140625
0 0.71640625 0.5734375 0.08125 0.103125
0 0.7078125 0.48203125 0.078125 0.1
0 0.71484375 0.38125 0.075 0.0921875
0 0.70625 0.30390625 0.071875 0.084375
0 0.69921875 0.23046875 0.06875 0.078125
0 0.69453125 0.16171875 0.0640625 0.075
0 0.815625 0.8625 0.0875 0.13125
0 0.81015625 0.740625 0.08125 0.11875
0 0.78125 0.64453125 0.078125 0.10625
0 0.775 0.5390625 0.0765625 0.1
0 0.7765625 0.440625 0.075 0.096875
0 0.7671875 0.353125 0.071875 0.0875
0 0.759375 0.27578125 0.0703125 0.084375
0 0.74765625 0.21328125 0.0640625 0.075
0 0.87578125 0.80859375 0.0796875 0.121875
0 0.86640625 0.69453125 0.084375 0.1125
0 0.83984375 0.596875 0.0765625 0.1
0 0.84140625 0.4953125 0.0734375 0.096875
0 0.821875 0.415625 0.06875 0.0890625
0 0.8171875 0.32890625 0.0671875 0.0875
0 0.80546875 0.25546875 0.065625 0.0796875
0 0.9203125 0.759375 0.075 0.1140625
0 0.9109375 0.65234375 0.078125 0.1078125
0 0.884375 0.56328125 0.075 0.096875
0 0.8875 0.46484375 0.071875 0.09375
0 0.87421875 0.38203125 0.065625 0.090625
0 0.86484375 0.30078125 0.0625 0.0859375
0 0.971875 0.70703125 0.05625 0.1125
0 0.9625 0.6078125 0.071875 0.0984375
0 0.94375 0.52109375 0.0703125 0.09375
0 0.934375 0.43359375 0.0671875 0.090625
0 0.92421875 0.3484375 0.0640625 0.084375