0 0.9484375 0.96015625 0.0703125 0.0765625
0 0.965625 0.89609375 0.065625 0.0890625
0 0.95390625 0.80859375 0.0703125 0.0875
0 0.97421875 0.71015625 0.05 0.0890625
0 0.97421875 0.61875 0.05 0.0921875
0 0.91796875 0.64140625 0.0734375 0.08125
0 0.9140625 0.725 0.06875 0.0828125
0 0.87109375 0.7890625 0.0703125 0.084375
0 0.86171875 0.6859375 0.071875 0.0859375
0 0.8125 0.7453125 0.0671875 0.084375
0 0.77734375 0.8234375 0.071875 0.0875
0 0.7296875 0.978125 0.075 0.040625
0 0.76640625 0.925 0.0734375 0.0953125
0 0.8234375 0.9546875 0.071875 0.0828125
0 0.8375 0.86640625 0.065625 0.0828125
0 0.8984375 0.85703125 0.065625 0.08125
0 0.88984375 0.9484375 0.0703125 0.0875
0 0.73828125 0.46953125 0.0671875 0.0796875
0 0.74453125 0.5515625 0.0640625 0.08125
0 0.74765625 0.6484375 0.065625 0.08125
0 0.71484375 0.70859375 0.0640625 0.0765625
0 0.6765625 0.78515625 0.0625 0.078125
0 0.64296875 0.8390625 0.0609375 0.0765625
0 0.60390625 0.8828125 0.05625 0.08125
0 0.58046875 0.82265625 0.0578125 0.075
0 0.553125 0.92890625 0.0546875 0.071875
0 0.5296875 0.85625 0.05625 0.0765625
0 0.6203125 0.7703125 0.059375 0.078125
0 0.6546875 0.71484375 0.0609375 0.075
0 0.65 0.64140625 0.059375 0.071875
0 0.69609375 0.59453125 0.065625 0.08125
0 0.68984375 0.51875 0.0625 0.0796875
0 0.640625 0.56796875 0.0625 0.078125
0 0.6 0.68515625 0.059375 0.071875
0 0.5671875 0.7390625 0.05625 0.075
0 0.5265625 0.77578125 0.053125 0.06875
0 0.5109375 0.7140625 0.05625 0.075
0 0.54609375 0.659375 0.0578125 0.075
0 0.53984375 0.5859375 0.065625 0.084375
0 0.5953125 0.6140625 0.0609375 0.0828125
0 0.58671875 0.5375 0.059375 0.078125
0 0.63359375 0.4890625 0.0609375 0.078125
0 0.6796875 0.43984375 0.0609375 0.08125
0 0.684375 0.35859375 0.065625 0.08125
0 0.62890625 0.3953125 0.0625 0.08125
0 0.578125 0.46171875 0.0625 0.078125
0 0.5703125 0.38359375 0.0609375 0.078125
0 0.525 0.4328125 0.05625 0.0765625
0 0.5328125 0.51015625 0.0625 0.08125
0 0.6546875 0.2875 0.065625 0.084375
0 0.59609375 0.3140625 0.0625 0.08125
0 0.48984375 0.90078125 0.05625 0.075
0 0.47734375 0.83203125 0.05625 0.071875
0 0.46953125 0.76015625 0.0578125 0.078125
0 0.465625 0.6828125 0.053125 0.071875
0 0.48984375 0.64140625 0.0546875 0.075
0 0.48828125 0.56328125 0.0578125 0.08125
0 0.4765625 0.48984375 0.0578125 0.078125
0 0.46796875 0.41484375 0.0578125 0.0796875
0 0.44140625 0.60859375 0.05625 0.075
0 0.428125 0.878125 0.0515625 0.0703125
0 0.38046875 0.84453125 0.05 0.0765625
0 0.43046875 0.7984375 0.0546875 0.0703125
0 0.4234375 0.7296875 0.053125 0.078125
0 0.38515625 0.7640625 0.053125 0.071875
0 0.3390625 0.78046875 0.05 0.0703125
0 0.303125 0.7265625 0.05 0.06875
0 0.32890625 0.6703125 0.059375 0.0765625
0 0.3765625 0.69765625 0.053125 0.075
0 0.4125 0.65703125 0.05625 0.071875
0 0.3640625 0.63203125 0.05625 0.075
0 0.28046875 0.64609375 0.0515625 0.06875
0 0.6078125 0.23203125 0.065625 0.08125
0 0.56640625 0.18046875 0.0640625 0.084375
0 0.51875 0.12578125 0.0625 0.0796875
0 0.46640625 0.10234375 0.059375 0.078125
0 0.41875 0.0890625 0.05625 0.0765625
0 0.37265625 0.06953125 0.059375 0.0796875
0 0.53984375 0.32421875 0.0625 0.078125
0 0.528125 0.240625 0.059375 0.084375
0 0.4734375 0.18125 0.0625 0.084375
0 0.4734375 0.26328125 0.059375 0.078125
0 0.48125 0.33984375 0.0625 0.08125
0 0.43046875 0.3171875 0.05625 0.075
0 0.434375 0.5375 0.059375 0.08125
0 0.39296875 0.58125 0.0515625 0.075
0 0.3171875 0.60078125 0.0515625 0.075
0 0.26796875 0.5765625 0.053125 0.071875
0 0.25703125 0.49453125 0.053125 0.0734375
0 0.30390625 0.52109375 0.05 0.0734375
0 0.34609375 0.55 0.05625 0.071875
0 0.378125 0.5078125 0.053125 0.0765625
0 0.42265625 0.46328125 0.053125 0.0765625
0 0.41796875 0.38984375 0.0546875 0.075
0 0.4234375 0.2390625 0.05625 0.075
0 0.42578125 0.1625 0.0578125 0.078125
0 0.378125 0.146875 0.053125 0.078125
0 0.38125 0.221875 0.053125 0.0640625
0 0.37734375 0.2890625 0.0609375 0.078125
0 0.36484375 0.36171875 0.0578125 0.0703125
0 0.37109375 0.43515625 0.0609375 0.078125
0 0.3234375 0.40703125 0.0515625 0.0765625
0 0.2796875 0.453125 0.05625 0.0765625
0 0.22265625 0.4234375 0.059375 0.0796875
0 0.27578125 0.38046875 0.0578125 0.071875
0 0.21640625 0.34765625 0.05625 0.078125
0 0.221875 0.27734375 0.053125 0.071875
0 0.2671875 0.3046875 0.0546875 0.071875
0 0.3125 0.33203125 0.0578125 0.075
0 0.32890625 0.26015625 0.05625 0.0703125
0 0.28203125 0.23359375 0.059375 0.075
0 0.2390625 0.209375 0.053125 0.0734375
0 0.2828125 0.16328125 0.053125 0.06875
0 0.321875 0.18828125 0.05625 0.075
0 0.32265625 0.11015625 0.059375 0.075
0 0.27421875 0.08203125 0.05625 0.0796875
0 0.7390625 0.41015625 0.015625 0.021875
0 0.72421875 0.421875 0.01875 0.021875
0 0.71015625 0.40859375 0.021875 0.01875
0 0.75234375 0.37421875 0.0203125 0.021875
0 0.75078125 0.3515625 0.01875 0.021875
0 0.73828125 0.3875 0.01875 0.0203125
0 0.73828125 0.36640625 0.01875 0.0203125
0 0.7265625 0.378125 0.0203125 0.021875
0 0.71015625 0.38828125 0.0203125 0.01875