0 0.0515625 0.03984375 0.0703125 0.0765625
0 0.034375 0.10390625 0.065625 0.0890625
0 0.04609375 0.19140625 0.0703125 0.0875
0 0.02578125 0.28984375 0.05 0.0890625
0 0.02578125 0.38125 0.05 0.0921875
0 0.08203125 0.35859375 0.0734375 0.08125
0 0.0859375 0.275 0.06875 0.0828125
0 0.12890625 0.2109375 0.0703125 0.084375
0 0.13828125 0.3140625 0.071875 0.084375
0 0.1875 0.2546875 0.0671875 0.084375
0 0.22265625 0.1765625 0.071875 0.0875
0 0.2703125 0.021875 0.075 0.040625
0 0.23359375 0.075 0.0734375 0.0953125
0 0.1765625 0.0453125 0.071875 0.0828125
0 0.1625 0.13359375 0.065625 0.0828125
0 0.1015625 0.14296875 0.065625 0.08125
0 0.11015625 0.0515625 0.0703125 0.0875
0 0.26171875 0.53046875 0.0671875 0.0796875
0 0.25546875 0.4484375 0.0640625 0.08125
0 0.25234375 0.3515625 0.065625 0.08125
0 0.28515625 0.29140625 0.0640625 0.0765625
0 0.3234375 0.21484375 0.0625 0.078125
0 0.35703125 0.1609375 0.0609375 0.0765625
0 0.39609375 0.1171875 0.05625 0.08125
0 0.41953125 0.17734375 0.0578125 0.075
0 0.446875 0.07109375 0.0546875 0.071875
0 0.4703125 0.14375 0.05625 0.0765625
0 0.3796875 0.2296875 0.059375 0.078125
0 0.3453125 0.28515625 0.0609375 0.075
0 0.35 0.35859375 0.059375 0.071875
0 0.30390625 0.40546875 0.065625 0.08125
0 0.31015625 0.48125 0.0625 0.0796875
0 0.359375 0.43203125 0.0625 0.078125
0 0.4 0.31484375 0.059375 0.071875
0 0.4328125 0.2609375 0.05625 0.075
0 0.4734375 0.22421875 0.053125 0.06875
0 0.4890625 0.2859375 0.05625 0.075
0 0.45390625 0.340625 0.0578125 0.075
0 0.46015625 0.4140625 0.065625 0.084375
0 0.4046875 0.3859375 0.0609375 0.0828125
0 0.41328125 0.4625 0.059375 0.078125
0 0.36640625 0.5109375 0.0609375 0.078125
0 0.3203125 0.56015625 0.0609375 0.08125
0 0.315625 0.64140625 0.065625 0.08125
0 0.37109375 0.6046875 0.0625 0.08125
0 0.421875 0.53828125 0.0625 0.078125
0 0.4296875 0.61640625 0.0609375 0.078125
0 0.475 0.5671875 0.05625 0.0765625
0 0.4671875 0.48984375 0.0625 0.08125
0 0.3453125 0.7125 0.065625 0.084375
0 0.40390625 0.6859375 0.0625 0.08125
0 0.51015625 0.09921875 0.05625 0.075
0 0.52265625 0.16796875 0.05625 0.071875
0 0.53046875 0.23984375 0.0578125 0.078125
0 0.534375 0.3171875 0.053125 0.071875
0 0.51015625 0.35859375 0.0546875 0.075
0 0.51171875 0.43671875 0.0578125 0.08125
0 0.5234375 0.51015625 0.0578125 0.078125
0 0.53203125 0.58515625 0.0578125 0.0796875
0 0.55859375 0.39140625 0.05625 0.075
0 0.571875 0.121875 0.0515625 0.0703125
0 0.61953125 0.15546875 0.05 0.0765625
0 0.56953125 0.2015625 0.0546875 0.0703125
0 0.5765625 0.2703125 0.053125 0.078125
0 0.61484375 0.2359375 0.053125 0.071875
0 0.6609375 0.21953125 0.05 0.0703125
0 0.696875 0.2734375 0.05 0.06875
0 0.67109375 0.3296875 0.059375 0.0765625
0 0.6234375 0.30234375 0.053125 0.075
0 0.5875 0.34296875 0.05625 0.071875
0 0.6359375 0.36796875 0.05625 0.075
0 0.71953125 0.35390625 0.0515625 0.06875
0 0.3921875 0.76796875 0.065625 0.08125
0 0.43359375 0.81953125 0.0640625 0.084375
0 0.48125 0.87421875 0.0625 0.0796875
0 0.53359375 0.89765625 0.059375 0.078125
0 0.58125 0.9109375 0.05625 0.0765625
0 0.62734375 0.93046875 0.059375 0.0796875
0 0.46015625 0.67578125 0.0625 0.078125
0 0.471875 0.759375 0.059375 0.084375
0 0.5265625 0.81875 0.0625 0.084375
0 0.5265625 0.73671875 0.059375 0.078125
0 0.51875 0.66015625 0.0625 0.08125
0 0.56953125 0.6828125 0.05625 0.075
0 0.565625 0.4625 0.059375 0.08125
0 0.60703125 0.41875 0.0515625 0.075
0 0.6828125 0.39921875 0.0515625 0.075
0 0.73203125 0.4234375 0.053125 0.071875
0 0.74296875 0.50546875 0.053125 0.0734375
0 0.69609375 0.47890625 0.05 0.0734375
0 0.65390625 0.45 0.05625 0.071875
0 0.621875 0.4921875 0.053125 0.0765625
0 0.57734375 0.53671875 0.053125 0.0765625
0 0.58203125 0.61015625 0.0546875 0.075
0 0.5765625 0.7609375 0.05625 0.075
0 0.57421875 0.8375 0.0578125 0.078125
0 0.621875 0.853125 0.053125 0.078125
0 0.61875 0.778125 0.053125 0.0640625
0 0.62265625 0.7109375 0.0609375 0.078125
0 0.63515625 0.63828125 0.0578125 0.0703125
0 0.62890625 0.56484375 0.0609375 0.078125
0 0.6765625 0.59296875 0.0515625 0.0765625
0 0.7203125 0.546875 0.05625 0.0765625
0 0.77734375 0.5765625 0.059375 0.0796875
0 0.72421875 0.61953125 0.0578125 0.071875
0 0.78359375 0.65234375 0.05625 0.078125
0 0.778125 0.72265625 0.053125 0.071875
0 0.7328125 0.6953125 0.0546875 0.071875
0 0.6875 0.66796875 0.0578125 0.075
0 0.67109375 0.73984375 0.05625 0.0703125
0 0.71796875 0.76640625 0.059375 0.075
0 0.7609375 0.790625 0.053125 0.0734375
0 0.7171875 0.83671875 0.053125 0.06875
0 0.678125 0.81171875 0.05625 0.075
0 0.67734375 0.88984375 0.059375 0.075
0 0.72578125 0.91796875 0.05625 0.0796875
0 0.2609375 0.58984375 0.015625 0.021875
0 0.27578125 0.578125 0.01875 0.021875
0 0.28984375 0.59140625 0.021875 0.01875
0 0.24765625 0.62578125 0.0203125 0.021875
0 0.24921875 0.6484375 0.01875 0.021875
0 0.26171875 0.6125 0.01875 0.0203125
0 0.26171875 0.63359375 0.01875 0.0203125
0 0.2734375 0.621875 0.0203125 0.021875
0 0.28984375 0.61171875 0.0203125 0.01875