0 0.75625 0.3515625 0.103125 0.078125
0 0.66015625 0.3578125 0.103125 0.08125
0 0.56328125 0.359375 0.103125 0.078125
0 0.46796875 0.3625 0.10625 0.08125
0 0.37109375 0.3640625 0.103125 0.08125
0 0.27109375 0.365625 0.109375 0.08125
0 0.803125 0.4140625 0.09375 0.075
0 0.71484375 0.41875 0.096875 0.0796875
0 0.61171875 0.421875 0.103125 0.078125
0 0.51796875 0.42421875 0.1 0.078125
0 0.41796875 0.428125 0.1 0.078125
0 0.32109375 0.43125 0.103125 0.0765625
0 0.2171875 0.42734375 0.10625 0.0796875
0 0.85390625 0.4734375 0.096875 0.075
0 0.76015625 0.48203125 0.1 0.0734375
0 0.6640625 0.48203125 0.1 0.075
0 0.56796875 0.48515625 0.1 0.0765625
0 0.47265625 0.4890625 0.103125 0.078125
0 0.37421875 0.49140625 0.1 0.0765625
0 0.26875 0.4921875 0.109375 0.0796875
0 0.17109375 0.490625 0.103125 0.075
0 0.9015625 0.534375 0.09375 0.075
0 0.80625 0.540625 0.096875 0.075
0 0.7125 0.54375 0.096875 0.071875
0 0.61953125 0.5453125 0.103125 0.071875
0 0.52109375 0.54765625 0.1 0.0734375
0 0.42578125 0.5515625 0.1 0.078125
0 0.32109375 0.553125 0.103125 0.078125
0 0.22109375 0.55625 0.1 0.078125
0 0.12109375 0.55625 0.10625 0.078125
0 0.94765625 0.59375 0.096875 0.071875
0 0.85625 0.603125 0.096875 0.075
0 0.76015625 0.60390625 0.1 0.0765625
0 0.66953125 0.60625 0.1 0.071875
0 0.57421875 0.60625 0.1 0.075
0 0.478125 0.609375 0.103125 0.075
0 0.37734375 0.6109375 0.103125 0.0734375
0 0.27734375 0.615625 0.103125 0.0765625
0 0.17421875 0.621875 0.1 0.075
0 0.07109375 0.621875 0.10625 0.078125
0 0.97109375 0.64921875 0.0578125 0.0734375
0 0.89921875 0.66015625 0.09375 0.071875
0 0.81015625 0.6625 0.096875 0.071875
0 0.71875 0.6640625 0.103125 0.071875
0 0.62265625 0.66640625 0.1 0.071875
0 0.5296875 0.6703125 0.1 0.071875
0 0.42578125 0.67265625 0.10625 0.0734375
0 0.32734375 0.67734375 0.103125 0.075
0 0.22890625 0.6828125 0.1 0.0734375
0 0.12578125 0.6859375 0.109375 0.078125
0 0.03515625 0.68515625 0.06875 0.0796875
0 0.94921875 0.7109375 0.090625 0.06875
0 0.8578125 0.71875 0.09375 0.06875
0 0.77109375 0.721875 0.09375 0.06875
0 0.68203125 0.728125 0.096875 0.06875
0 0.57890625 0.725 0.096875 0.0703125
0 0.48203125 0.72734375 0.1 0.071875
0 0.36953125 0.73671875 0.1 0.0734375
0 0.2671875 0.74609375 0.1 0.071875
0 0.1671875 0.75 0.10625 0.071875
0 0.06328125 0.746875 0.1 0.0734375
0 0.90546875 0.7703125 0.090625 0.06875
0 0.81484375 0.7765625 0.09375 0.06875
0 0.72578125 0.78125 0.09375 0.0671875
0 0.6234375 0.7765625 0.096875 0.06875
0 0.53046875 0.78046875 0.09375 0.0671875
0 0.4328125 0.784375 0.1 0.071875
0 0.33046875 0.7984375 0.10625 0.071875
0 0.215625 0.80625 0.103125 0.071875
0 0.11484375 0.81015625 0.103125 0.0703125
0 0.86328125 0.8265625 0.09375 0.06875
0 0.76640625 0.83203125 0.09375 0.0671875
0 0.66796875 0.83125 0.090625 0.0671875
0 0.5796875 0.83828125 0.09375 0.0703125
0 0.48671875 0.84296875 0.09375 0.0703125
0 0.39453125 0.8421875 0.096875 0.0671875
0 0.2828125 0.85 0.1 0.071875
0 0.16953125 0.8625 0.103125 0.065625
0 0.81015625 0.87578125 0.09375 0.0640625
0 0.7125 0.8828125 0.09375 0.065625
0 0.62421875 0.8875 0.090625 0.065625
0 0.53359375 0.89453125 0.09375 0.065625
0 0.4421875 0.89609375 0.09375 0.065625
0 0.34375 0.9 0.096875 0.065625
0 0.23203125 0.9109375 0.096875 0.0625
0 0.7609375 0.93984375 0.09375 0.065625
0 0.675 0.965625 0.096875 0.065625
0 0.57578125 0.93828125 0.09375 0.065625
0 0.48671875 0.95078125 0.090625 0.065625
0 0.39375 0.9484375 0.09375 0.065625
0 0.2953125 0.965625 0.1 0.065625
0 0.2265625 0.98125 0.078125 0.034375