0 0.24375 0.3515625 0.103125 0.078125
0 0.33984375 0.3578125 0.103125 0.08125
0 0.43671875 0.359375 0.103125 0.078125
0 0.53203125 0.3625 0.10625 0.08125
0 0.62890625 0.3640625 0.103125 0.08125
0 0.72890625 0.365625 0.109375 0.08125
0 0.196875 0.4140625 0.09375 0.075
0 0.28515625 0.41875 0.096875 0.0796875
0 0.38828125 0.421875 0.103125 0.078125
0 0.48203125 0.42421875 0.1 0.078125
0 0.58203125 0.428125 0.1 0.078125
0 0.67890625 0.43125 0.103125 0.0765625
0 0.7828125 0.42734375 0.10625 0.0796875
0 0.14609375 0.4734375 0.096875 0.075
0 0.23984375 0.48203125 0.1 0.0734375
0 0.3359375 0.48203125 0.1 0.075
0 0.43203125 0.48515625 0.1 0.0765625
0 0.52734375 0.4890625 0.103125 0.078125
0 0.62578125 0.49140625 0.1 0.0765625
0 0.73125 0.4921875 0.109375 0.0796875
0 0.82890625 0.490625 0.103125 0.075
0 0.0984375 0.534375 0.09375 0.075
0 0.19375 0.540625 0.096875 0.075
0 0.2875 0.54375 0.096875 0.071875
0 0.38046875 0.5453125 0.103125 0.071875
0 0.47890625 0.54765625 0.1 0.0734375
0 0.57421875 0.5515625 0.1 0.078125
0 0.67890625 0.553125 0.103125 0.078125
0 0.77890625 0.55625 0.1 0.078125
0 0.87890625 0.55625 0.10625 0.078125
0 0.05234375 0.59375 0.096875 0.071875
0 0.14375 0.603125 0.096875 0.075
0 0.23984375 0.60390625 0.1 0.0765625
0 0.33046875 0.60625 0.1 0.071875
0 0.42578125 0.60625 0.1 0.075
0 0.521875 0.609375 0.103125 0.075
0 0.62265625 0.6109375 0.103125 0.0734375
0 0.72265625 0.615625 0.103125 0.0765625
0 0.82578125 0.621875 0.1 0.075
0 0.92890625 0.621875 0.10625 0.078125
0 0.02890625 0.64921875 0.0578125 0.0734375
0 0.10078125 0.66015625 0.09375 0.071875
0 0.18984375 0.6625 0.096875 0.071875
0 0.28125 0.6640625 0.103125 0.071875
0 0.37734375 0.66640625 0.1 0.071875
0 0.4703125 0.6703125 0.1 0.071875
0 0.57421875 0.67265625 0.10625 0.0734375
0 0.67265625 0.67734375 0.103125 0.075
0 0.77109375 0.6828125 0.1 0.0734375
0 0.87421875 0.6859375 0.109375 0.078125
0 0.96484375 0.68515625 0.06875 0.0796875
0 0.05078125 0.7109375 0.090625 0.06875
0 0.1421875 0.71875 0.09375 0.06875
0 0.22890625 0.721875 0.09375 0.06875
0 0.31796875 0.728125 0.096875 0.06875
0 0.42109375 0.725 0.096875 0.0703125
0 0.51796875 0.72734375 0.1 0.071875
0 0.63046875 0.73671875 0.1 0.0734375
0 0.7328125 0.74609375 0.1 0.071875
0 0.8328125 0.75 0.10625 0.071875
0 0.93671875 0.746875 0.1 0.0734375
0 0.09453125 0.7703125 0.090625 0.06875
0 0.18515625 0.7765625 0.09375 0.06875
0 0.27421875 0.78125 0.09375 0.0671875
0 0.3765625 0.7765625 0.096875 0.06875
0 0.46953125 0.78046875 0.09375 0.0671875
0 0.5671875 0.784375 0.1 0.071875
0 0.66953125 0.7984375 0.10625 0.071875
0 0.784375 0.80625 0.103125 0.071875
0 0.88515625 0.81015625 0.103125 0.0703125
0 0.13671875 0.8265625 0.09375 0.06875
0 0.23359375 0.83203125 0.09375 0.0671875
0 0.33203125 0.83125 0.090625 0.0671875
0 0.4203125 0.83828125 0.09375 0.0703125
0 0.51328125 0.84296875 0.09375 0.0703125
0 0.60546875 0.8421875 0.096875 0.0671875
0 0.7171875 0.85 0.1 0.071875
0 0.83046875 0.8625 0.103125 0.065625
0 0.18984375 0.87578125 0.09375 0.0640625
0 0.2875 0.8828125 0.09375 0.065625
0 0.37578125 0.8875 0.090625 0.065625
0 0.46640625 0.89453125 0.09375 0.065625
0 0.5578125 0.89609375 0.09375 0.065625
0 0.65625 0.9 0.096875 0.065625
0 0.76796875 0.9109375 0.096875 0.0625
0 0.2390625 0.93984375 0.09375 0.065625
0 0.325 0.965625 0.096875 0.065625
0 0.42421875 0.93828125 0.09375 0.065625
0 0.51328125 0.95078125 0.090625 0.065625
0 0.60625 0.9484375 0.09375 0.065625
0 0.7046875 0.965625 0.1 0.065625
0 0.7734375 0.98125 0.078125 0.034375