0 0.6484375 0.24375 0.078125 0.103125
0 0.6421875 0.33984375 0.08125 0.103125
0 0.640625 0.43671875 0.078125 0.103125
0 0.6375 0.53203125 0.08125 0.10625
0 0.6359375 0.62890625 0.08125 0.103125
0 0.634375 0.72890625 0.08125 0.109375
0 0.5859375 0.196875 0.075 0.09375
0 0.58125 0.28515625 0.0796875 0.096875
0 0.578125 0.38828125 0.078125 0.103125
0 0.57578125 0.48203125 0.078125 0.1
0 0.571875 0.58203125 0.078125 0.1
0 0.56875 0.67890625 0.0765625 0.103125
0 0.57265625 0.7828125 0.0796875 0.10625
0 0.5265625 0.14609375 0.075 0.096875
0 0.51796875 0.23984375 0.0734375 0.1
0 0.51796875 0.3359375 0.075 0.1
0 0.51484375 0.43203125 0.0765625 0.1
0 0.5109375 0.52734375 0.078125 0.103125
0 0.50859375 0.62578125 0.0765625 0.1
0 0.5078125 0.73125 0.0796875 0.109375
0 0.509375 0.82890625 0.075 0.103125
0 0.465625 0.0984375 0.075 0.09375
0 0.459375 0.19375 0.075 0.096875
0 0.45625 0.2875 0.071875 0.096875
0 0.4546875 0.38046875 0.071875 0.103125
0 0.45234375 0.47890625 0.0734375 0.1
0 0.4484375 0.57421875 0.078125 0.1
0 0.446875 0.67890625 0.078125 0.103125
0 0.44375 0.77890625 0.078125 0.1
0 0.44375 0.87890625 0.078125 0.10625
0 0.40625 0.05234375 0.071875 0.096875
0 0.396875 0.14375 0.075 0.096875
0 0.39609375 0.23984375 0.0765625 0.1
0 0.39375 0.33046875 0.071875 0.1
0 0.39375 0.42578125 0.075 0.1
0 0.390625 0.521875 0.075 0.103125
0 0.3890625 0.62265625 0.0734375 0.103125
0 0.384375 0.72265625 0.0765625 0.103125
0 0.378125 0.82578125 0.075 0.1
0 0.378125 0.92890625 0.078125 0.10625
0 0.35078125 0.02890625 0.0734375 0.0578125
0 0.33984375 0.10078125 0.071875 0.09375
0 0.3375 0.18984375 0.071875 0.096875
0 0.3359375 0.28125 0.071875 0.103125
0 0.33359375 0.37734375 0.071875 0.1
0 0.3296875 0.4703125 0.071875 0.1
0 0.32734375 0.57421875 0.0734375 0.10625
0 0.32265625 0.67265625 0.075 0.103125
0 0.3171875 0.77109375 0.0734375 0.1
0 0.3140625 0.87421875 0.078125 0.109375
0 0.31484375 0.96484375 0.0796875 0.06875
0 0.2890625 0.05078125 0.06875 0.090625
0 0.28125 0.1421875 0.06875 0.09375
0 0.278125 0.22890625 0.06875 0.09375
0 0.271875 0.31796875 0.06875 0.096875
0 0.275 0.42109375 0.0703125 0.096875
0 0.27265625 0.51796875 0.071875 0.1
0 0.26328125 0.63046875 0.0734375 0.1
0 0.25390625 0.7328125 0.071875 0.1
0 0.25 0.8328125 0.071875 0.1046875
0 0.253125 0.93671875 0.0734375 0.1
0 0.2296875 0.09453125 0.06875 0.090625
0 0.2234375 0.18515625 0.06875 0.09375
0 0.21875 0.27421875 0.0671875 0.09375
0 0.2234375 0.3765625 0.06875 0.096875
0 0.21953125 0.46953125 0.0671875 0.09375
0 0.215625 0.5671875 0.071875 0.1
0 0.2015625 0.66953125 0.071875 0.10625
0 0.19375 0.784375 0.071875 0.103125
0 0.18984375 0.88515625 0.0703125 0.103125
0 0.1734375 0.13671875 0.06875 0.09375
0 0.16796875 0.23359375 0.0671875 0.09375
0 0.16875 0.33203125 0.0671875 0.090625
0 0.16171875 0.4203125 0.0703125 0.09375
0 0.15703125 0.51328125 0.0703125 0.09375
0 0.1578125 0.60546875 0.0671875 0.096875
0 0.15 0.7171875 0.071875 0.1015625
0 0.1375 0.83046875 0.065625 0.1046875
0 0.12421875 0.18984375 0.0640625 0.09375
0 0.1171875 0.2875 0.065625 0.09375
0 0.1125 0.37578125 0.065625 0.090625
0 0.10546875 0.46640625 0.065625 0.09375
0 0.10390625 0.5578125 0.065625 0.09375
0 0.1 0.65625 0.065625 0.096875
0 0.0890625 0.76796875 0.0625 0.096875
0 0.06015625 0.2390625 0.065625 0.09375
0 0.034375 0.325 0.065625 0.096875
0 0.06171875 0.42421875 0.065625 0.09375
0 0.04921875 0.51328125 0.065625 0.090625
0 0.0515625 0.60625 0.065625 0.09375
0 0.034375 0.7046875 0.065625 0.1
0 0.01875 0.7734375 0.034375 0.078125