0 0.3109375 0.1671875 0.053125 0.040625
0 0.33359375 0.21875 0.053125 0.0421875
0 0.29765625 0.27421875 0.05625 0.04375
0 0.3046875 0.346875 0.0625 0.040625
0 0.3046875 0.4015625 0.05625 0.046875
0 0.28671875 0.44375 0.059375 0.04375
0 0.3125 0.48125 0.046875 0.04375
0 0.34921875 0.51015625 0.05 0.040625
0 0.31796875 0.5640625 0.0625 0.04375
0 0.37421875 0.5625 0.05 0.04375
0 0.34765625 0.603125 0.05 0.0390625
0 0.31953125 0.640625 0.0625 0.040625
0 0.27890625 0.68046875 0.053125 0.04375
0 0.321875 0.78515625 0.059375 0.04375
0 0.328125 0.83125 0.065625 0.0421875
0 0.33671875 0.678125 0.059375 0.040625
0 0.35703125 0.7453125 0.05625 0.0390625
0 0.3796875 0.78359375 0.05 0.040625
0 0.3796875 0.8390625 0.05625 0.04375
0 0.41328125 0.890625 0.053125 0.0390625
0 0.42734375 0.8375 0.05 0.040625
0 0.4234375 0.7984375 0.053125 0.034375
0 0.415625 0.7578125 0.053125 0.040625
0 0.37578125 0.7125 0.05625 0.0375
0 0.39296875 0.67265625 0.05625 0.040625
0 0.37578125 0.640625 0.053125 0.046875
0 0.40234375 0.6 0.05625 0.04375
0 0.43359375 0.5625 0.059375 0.04375
0 0.39765625 0.5265625 0.05 0.040625
0 0.390625 0.484375 0.053125 0.040625
0 0.36484375 0.45078125 0.053125 0.0421875
0 0.37421875 0.4046875 0.05 0.04375
0 0.35390625 0.365625 0.05 0.0375
0 0.33203125 0.3109375 0.053125 0.040625
0 0.37734375 0.2734375 0.059375 0.040625
0 0.38671875 0.3140625 0.05625 0.046875
0 0.38203125 0.2328125 0.059375 0.0484375
0 0.36328125 0.1875 0.05625 0.046875
0 0.35 0.146875 0.05625 0.040625
0 0.38671875 0.1171875 0.053125 0.0421875
0 0.40390625 0.1515625 0.053125 0.04375
0 0.4125 0.19375 0.05 0.040625
0 0.446875 0.2265625 0.053125 0.0453125
0 0.428125 0.26796875 0.059375 0.04375
0 0.42578125 0.35390625 0.05625 0.04375
0 0.42421875 0.3984375 0.0625 0.040625
0 0.42265625 0.43828125 0.05625 0.0390625
0 0.4453125 0.47265625 0.05625 0.0453125
0 0.45 0.5234375 0.05 0.0375
0 0.4515625 0.596875 0.05 0.040625
0 0.43203125 0.6453125 0.053125 0.0375
0 0.47421875 0.66875 0.04375 0.0375
0 0.46015625 0.734375 0.053125 0.0375
0 0.46796875 0.7671875 0.059375 0.034375
0 0.46953125 0.80625 0.053125 0.040625
0 0.45859375 0.1171875 0.059375 0.04375
0 0.48828125 0.1484375 0.059375 0.04375
0 0.48828125 0.19375 0.05 0.04375
0 0.4921875 0.2421875 0.05 0.040625
0 0.48515625 0.2875 0.05 0.04375
0 0.490625 0.3265625 0.053125 0.0375
0 0.48203125 0.36640625 0.05 0.0453125
0 0.48046875 0.4109375 0.053125 0.0421875
0 0.48828125 0.4578125 0.05 0.040625
0 0.4875 0.496875 0.053125 0.0375
0 0.45390625 0.8640625 0.05 0.0375
0 0.51015625 0.8625 0.05 0.040625
0 0.55546875 0.8703125 0.046875 0.0359375
0 0.55703125 0.83125 0.046875 0.034375
0 0.55234375 0.7984375 0.053125 0.040625
0 0.54765625 0.7515625 0.05 0.0375
0 0.54375 0.715625 0.059375 0.034375
0 0.53984375 0.67578125 0.05 0.040625
0 0.54609375 0.6359375 0.05 0.0375
0 0.5 0.6375 0.053125 0.040625
0 0.49609375 0.703125 0.05 0.0375
0 0.50390625 0.74375 0.05 0.04375
0 0.51171875 0.7796875 0.046875 0.04375
0 0.50859375 0.82265625 0.059375 0.0390625
0 0.5015625 0.5953125 0.046875 0.04375
0 0.49921875 0.5375 0.05 0.0375
0 0.528125 0.1203125 0.053125 0.040625
0 0.53984375 0.1703125 0.05 0.040625
0 0.53203125 0.2171875 0.05 0.0375
0 0.52890625 0.27265625 0.05 0.0375
0 0.53828125 0.3125 0.053125 0.0421875
0 0.52890625 0.3546875 0.053125 0.040625
0 0.53046875 0.39453125 0.053125 0.04375
0 0.52890625 0.434375 0.05 0.0390625
0 0.53515625 0.4765625 0.053125 0.04375
0 0.540625 0.51796875 0.046875 0.0390625
0 0.53984375 0.5578125 0.04375 0.040625
0 0.55078125 0.6 0.046875 0.040625
0 0.43046875 0.696875 0.05 0.040625