0 0.8328125 0.3109375 0.040625 0.053125
0 0.78125 0.33359375 0.0421875 0.053125
0 0.72578125 0.29765625 0.04375 0.05625
0 0.653125 0.3046875 0.040625 0.0625
0 0.5984375 0.3046875 0.046875 0.05625
0 0.55625 0.28671875 0.04375 0.059375
0 0.51875 0.3125 0.04375 0.046875
0 0.48984375 0.34921875 0.040625 0.05
0 0.4359375 0.31796875 0.04375 0.0625
0 0.4375 0.37421875 0.04375 0.05
0 0.396875 0.34765625 0.0390625 0.05
0 0.359375 0.31953125 0.040625 0.0625
0 0.31953125 0.27890625 0.04375 0.053125
0 0.21484375 0.321875 0.04375 0.059375
0 0.16875 0.328125 0.040625 0.065625
0 0.321875 0.33671875 0.040625 0.059375
0 0.2546875 0.35703125 0.0390625 0.05625
0 0.21640625 0.3796875 0.040625 0.05
0 0.1609375 0.3796875 0.04375 0.05625
0 0.109375 0.41328125 0.0390625 0.053125
0 0.1625 0.42734375 0.040625 0.05
0 0.2015625 0.4234375 0.034375 0.053125
0 0.2421875 0.415625 0.040625 0.053125
0 0.2875 0.37578125 0.0375 0.05625
0 0.32734375 0.39296875 0.040625 0.05625
0 0.359375 0.37578125 0.046875 0.053125
0 0.4 0.40234375 0.04375 0.05625
0 0.4375 0.43359375 0.04375 0.059375
0 0.4734375 0.39765625 0.040625 0.05
0 0.515625 0.390625 0.040625 0.053125
0 0.54921875 0.36484375 0.0421875 0.053125
0 0.5953125 0.37421875 0.04375 0.05
0 0.634375 0.35390625 0.0375 0.05
0 0.6890625 0.33203125 0.040625 0.053125
0 0.7265625 0.37734375 0.040625 0.059375
0 0.6859375 0.38671875 0.046875 0.05625
0 0.7671875 0.38203125 0.0484375 0.059375
0 0.8125 0.36328125 0.046875 0.05625
0 0.853125 0.35 0.040625 0.05625
0 0.8828125 0.38671875 0.0421875 0.053125
0 0.8484375 0.40390625 0.04375 0.053125
0 0.80625 0.4125 0.040625 0.05
0 0.7734375 0.446875 0.0453125 0.053125
0 0.73203125 0.428125 0.04375 0.059375
0 0.64609375 0.42578125 0.04375 0.05625
0 0.6015625 0.42421875 0.040625 0.0625
0 0.56171875 0.42265625 0.0390625 0.05625
0 0.52734375 0.4453125 0.0453125 0.05625
0 0.4765625 0.45 0.0375 0.05
0 0.403125 0.4515625 0.040625 0.05
0 0.3546875 0.43203125 0.0375 0.053125
0 0.33125 0.47421875 0.0375 0.04375
0 0.265625 0.46015625 0.0375 0.053125
0 0.2328125 0.46796875 0.034375 0.059375
0 0.19375 0.46953125 0.040625 0.053125
0 0.8828125 0.45859375 0.04375 0.059375
0 0.8515625 0.48828125 0.04375 0.059375
0 0.80625 0.48828125 0.04375 0.05
0 0.7578125 0.4921875 0.040625 0.05
0 0.7125 0.48515625 0.04375 0.05
0 0.6734375 0.490625 0.0375 0.053125
0 0.63359375 0.48203125 0.0453125 0.05
0 0.5890625 0.48046875 0.0421875 0.053125
0 0.5421875 0.48828125 0.040625 0.05
0 0.503125 0.4875 0.0375 0.053125
0 0.1359375 0.45390625 0.0375 0.05
0 0.1375 0.51015625 0.040625 0.05
0 0.1296875 0.55546875 0.0359375 0.046875
0 0.16875 0.55703125 0.034375 0.046875
0 0.2015625 0.55234375 0.040625 0.053125
0 0.2484375 0.54765625 0.0375 0.05
0 0.284375 0.54375 0.034375 0.059375
0 0.32421875 0.53984375 0.040625 0.05
0 0.3640625 0.54609375 0.0375 0.05
0 0.3625 0.5 0.040625 0.053125
0 0.296875 0.49609375 0.0375 0.05
0 0.25625 0.50390625 0.04375 0.05
0 0.2203125 0.51171875 0.04375 0.046875
0 0.17734375 0.50859375 0.0390625 0.059375
0 0.4046875 0.5015625 0.04375 0.046875
0 0.4625 0.49921875 0.0375 0.05
0 0.8796875 0.528125 0.040625 0.053125
0 0.8296875 0.53984375 0.040625 0.05
0 0.7828125 0.53203125 0.0375 0.05
0 0.72734375 0.52890625 0.0375 0.05
0 0.6875 0.53828125 0.0421875 0.053125
0 0.6453125 0.52890625 0.040625 0.053125
0 0.60546875 0.53046875 0.04375 0.053125
0 0.565625 0.52890625 0.0390625 0.05
0 0.5234375 0.53515625 0.04375 0.053125
0 0.48203125 0.540625 0.0390625 0.046875
0 0.4421875 0.53984375 0.040625 0.04375
0 0.4 0.55078125 0.040625 0.046875
0 0.303125 0.43046875 0.040625 0.05