0 0.91328125 0.16171875 0.0546875 0.078125
0 0.85390625 0.1703125 0.05625 0.071875
0 0.76953125 0.15390625 0.05625 0.071875
0 0.72109375 0.0921875 0.046875 0.06875
0 0.58125 0.065625 0.059375 0.071875
0 0.50546875 0.08046875 0.053125 0.075
0 0.42734375 0.08515625 0.0578125 0.0796875
0 0.31640625 0.1046875 0.05625 0.08125
0 0.21640625 0.16484375 0.0625 0.084375
0 0.9203125 0.26484375 0.04375 0.06875
0 0.84609375 0.2703125 0.046875 0.059375
0 0.7828125 0.2625 0.053125 0.0671875
0 0.70390625 0.253125 0.0703125 0.075
0 0.63515625 0.17265625 0.05625 0.06875
0 0.56015625 0.1734375 0.0671875 0.08125
0 0.48359375 0.16015625 0.065625 0.06875
0 0.38828125 0.19140625 0.05625 0.071875
0 0.3 0.2046875 0.05 0.0625
0 0.2203125 0.27734375 0.059375 0.08125
0 0.15 0.259375 0.0578125 0.0796875
0 0.934375 0.35 0.053125 0.071875
0 0.87265625 0.36171875 0.046875 0.0625
0 0.78828125 0.37109375 0.05 0.0640625
0 0.69296875 0.346875 0.053125 0.0703125
0 0.6203125 0.334375 0.053125 0.071875
0 0.61796875 0.24921875 0.05625 0.0671875
0 0.5484375 0.27578125 0.0640625 0.08125
0 0.446875 0.246875 0.05625 0.075
0 0.4015625 0.31875 0.065625 0.071875
0 0.31015625 0.325 0.0640625 0.075
0 0.9265625 0.44375 0.0515625 0.071875
0 0.85390625 0.45390625 0.053125 0.08125
0 0.753125 0.4546875 0.0515625 0.059375
0 0.67265625 0.4265625 0.065625 0.071875
0 0.54375 0.38046875 0.0625 0.071875
0 0.46171875 0.3578125 0.05625 0.078125
0 0.37265625 0.41015625 0.053125 0.075
0 0.27734375 0.42578125 0.0625 0.065625
0 0.2015625 0.37265625 0.0578125 0.06875
0 0.128125 0.34609375 0.059375 0.075
0 0.596875 0.41953125 0.0625 0.0703125
0 0.93125 0.55078125 0.0515625 0.06875
0 0.8265625 0.5359375 0.0515625 0.0609375
0 0.7359375 0.5515625 0.059375 0.075
0 0.6578125 0.5296875 0.046875 0.05625
0 0.584375 0.50390625 0.053125 0.06875
0 0.48828125 0.5421875 0.059375 0.084375
0 0.50625 0.4484375 0.05 0.071875
0 0.4484375 0.43359375 0.046875 0.0625
0 0.42421875 0.51015625 0.0609375 0.075
0 0.34609375 0.4953125 0.0640625 0.071875
0 0.25625 0.5046875 0.0640625 0.0734375
0 0.17890625 0.53046875 0.053125 0.0703125
0 0.19453125 0.4421875 0.053125 0.0625
0 0.1078125 0.428125 0.059375 0.0734375
0 0.0875 0.52421875 0.05625 0.0734375
0 0.903125 0.63515625 0.053125 0.0703125
0 0.86875 0.7140625 0.04375 0.0578125
0 0.79453125 0.61484375 0.059375 0.0671875
0 0.7265625 0.6390625 0.053125 0.0515625
0 0.6515625 0.62578125 0.05625 0.0671875
0 0.78984375 0.7078125 0.05625 0.0640625
0 0.6921875 0.71484375 0.075 0.08125
0 0.63046875 0.70625 0.065625 0.071875
0 0.54921875 0.69453125 0.05625 0.075
0 0.48046875 0.69375 0.05625 0.08125
0 0.48203125 0.60859375 0.053125 0.06875
0 0.57578125 0.58515625 0.046875 0.059375
0 0.4125 0.6171875 0.053125 0.06875
0 0.340625 0.58671875 0.046875 0.059375
0 0.240625 0.61328125 0.06875 0.078125
0 0.16328125 0.6234375 0.0625 0.071875
0 0.09921875 0.61875 0.04375 0.059375
0 0.41484375 0.69375 0.0515625 0.053125
0 0.3265625 0.68046875 0.059375 0.0734375
0 0.25078125 0.69765625 0.05625 0.0703125
0 0.1828125 0.69453125 0.05 0.0625
0 0.08828125 0.7234375 0.0484375 0.059375
0 0.840625 0.8015625 0.0515625 0.06875
0 0.77265625 0.81796875 0.05625 0.0703125
0 0.67734375 0.7828125 0.0546875 0.0625
0 0.62109375 0.8 0.053125 0.06875
0 0.5421875 0.77734375 0.046875 0.059375
0 0.47109375 0.7984375 0.059375 0.0734375
0 0.41484375 0.778125 0.04375 0.05625
0 0.34921875 0.8 0.053125 0.075
0 0.29140625 0.79375 0.053125 0.06875
0 0.1859375 0.80625 0.05625 0.071875
0 0.1203125 0.7984375 0.040625 0.059375
0 0.828125 0.88671875 0.0421875 0.059375
0 0.68671875 0.89296875 0.059375 0.08125
0 0.61484375 0.87890625 0.046875 0.05625
0 0.546875 0.88828125 0.053125 0.071875
0 0.47734375 0.878125 0.0453125 0.0578125
0 0.4125 0.87578125 0.04375 0.053125
0 0.35 0.878125 0.046875 0.059375
0 0.28984375 0.87109375 0.0375 0.05
0 0.221875 0.8859375 0.053125 0.065625
0 0.140625 0.88515625 0.0484375 0.05625
0 0.765625 0.8984375 0.053125 0.071875