0 0.2953125 0.30390625 0.0609375 0.04375
0 0.28046875 0.4078125 0.05625 0.0421875
0 0.2015625 0.4265625 0.05 0.0484375
0 0.14765625 0.47265625 0.0625 0.040625
0 0.184375 0.51796875 0.05625 0.04375
0 0.178125 0.58046875 0.0546875 0.04375
0 0.23359375 0.6375 0.0671875 0.0515625
0 0.290625 0.7078125 0.0546875 0.040625
0 0.25546875 0.48046875 0.065625 0.053125
0 0.421875 0.27578125 0.053125 0.0421875
0 0.2390625 0.56640625 0.065625 0.046875
0 0.30234375 0.5671875 0.071875 0.053125
0 0.33671875 0.61796875 0.0625 0.0453125
0 0.37734375 0.715625 0.059375 0.040625
0 0.3640625 0.75546875 0.059375 0.0421875
0 0.33515625 0.45703125 0.0625 0.0484375
0 0.396875 0.4125 0.059375 0.05
0 0.44296875 0.44609375 0.046875 0.040625
0 0.4421875 0.50859375 0.0453125 0.04375
0 0.45859375 0.6359375 0.0578125 0.04375
0 0.4796875 0.72109375 0.071875 0.053125
0 0.47109375 0.78828125 0.059375 0.046875
0 0.4375 0.84453125 0.065625 0.04375
0 0.4375 0.8890625 0.05 0.034375
0 0.45390625 0.35078125 0.0484375 0.0375
0 0.46640625 0.21484375 0.06875 0.053125
0 0.5234375 0.20078125 0.059375 0.046875
0 0.5609375 0.12734375 0.059375 0.046875
0 0.62265625 0.18671875 0.06875 0.053125
0 0.615625 0.2921875 0.04375 0.04375
0 0.53125 0.3234375 0.05625 0.04375
0 0.49375 0.3921875 0.053125 0.046875
0 0.509375 0.48046875 0.053125 0.0375
0 0.5703125 0.23359375 0.05 0.0484375
0 0.56171875 0.37421875 0.053125 0.0484375
0 0.5515625 0.43828125 0.053125 0.0421875
0 0.49609375 0.55625 0.05625 0.0453125
0 0.55 0.58203125 0.046875 0.04375
0 0.56640625 0.66875 0.0578125 0.040625
0 0.5609375 0.71875 0.0640625 0.05625
0 0.55078125 0.7640625 0.06875 0.046875
0 0.565625 0.859375 0.05 0.046875
0 0.60234375 0.46796875 0.046875 0.04375
0 0.6 0.53984375 0.0625 0.0484375
0 0.6296875 0.615625 0.0625 0.05
0 0.6421875 0.73125 0.053125 0.05
0 0.6328125 0.784375 0.0578125 0.0390625
0 0.61328125 0.8546875 0.05625 0.0546875
0 0.66796875 0.90859375 0.05 0.040625
0 0.70078125 0.91640625 0.0578125 0.053125
0 0.66796875 0.1046875 0.0640625 0.046875
0 0.70625 0.15 0.0578125 0.05625
0 0.7234375 0.25234375 0.065625 0.05
0 0.68046875 0.33828125 0.0703125 0.059375
0 0.6578125 0.4125 0.053125 0.046875
0 0.684375 0.4984375 0.071875 0.0578125
0 0.6984375 0.6421875 0.0609375 0.0515625
0 0.72890625 0.72421875 0.06875 0.0515625
0 0.69609375 0.76875 0.0625 0.05
0 0.68203125 0.825 0.05 0.0453125
0 0.73359375 0.87109375 0.06875 0.0515625
0 0.76171875 0.82734375 0.053125 0.040625
0 0.8046875 0.79453125 0.0625 0.0453125
0 0.8046875 0.72421875 0.065625 0.05
0 0.78359375 0.659375 0.065625 0.05
0 0.7578125 0.59453125 0.0671875 0.04375
0 0.77734375 0.53671875 0.05625 0.04375
0 0.71796875 0.44765625 0.0640625 0.04375
0 0.8 0.47578125 0.0703125 0.0515625
0 0.76328125 0.378125 0.0640625 0.05
0 0.77734375 0.28828125 0.0671875 0.05
0 0.7828125 0.190625 0.065625 0.05
0 0.728125 0.04921875 0.065625 0.040625
0 0.76796875 0.034375 0.0765625 0.0578125
0 0.76640625 0.11484375 0.0625 0.0515625
0 0.83828125 0.15859375 0.06875 0.0625
0 0.8796875 0.0671875 0.0875 0.071875
0 0.840625 0.2609375 0.084375 0.0625
0 0.83515625 0.3359375 0.078125 0.0625
0 0.82890625 0.41484375 0.084375 0.0640625