0 0.64921875 0.04296875 0.0546875 0.0859375
0 0.559375 0.06640625 0.053125 0.103125
0 0.52265625 0.1203125 0.053125 0.103125
0 0.4828125 0.20546875 0.05625 0.103125
0 0.56640625 0.16328125 0.05625 0.1
0 0.53515625 0.2421875 0.0484375 0.096875
0 0.4953125 0.28359375 0.046875 0.09375
0 0.73671875 0.11875 0.05625 0.1140625
0 0.678125 0.13125 0.059375 0.1125
0 0.60703125 0.1171875 0.0609375 0.10625
0 0.82421875 0.184375 0.0625 0.10625
0 0.76796875 0.18984375 0.05625 0.103125
0 0.70625 0.2046875 0.059375 0.1
0 0.66015625 0.2609375 0.0609375 0.1
0 0.6140625 0.2125 0.05625 0.1015625
0 0.865625 0.278125 0.0609375 0.1
0 0.8921875 0.36640625 0.05625 0.1
0 0.9140625 0.440625 0.059375 0.090625
0 0.93203125 0.5234375 0.053125 0.0875
0 0.834375 0.36171875 0.05625 0.1
0 0.8046875 0.2796875 0.059375 0.103125
0 0.75078125 0.29765625 0.059375 0.103125
0 0.77734375 0.3609375 0.05625 0.090625
0 0.69609375 0.3203125 0.0546875 0.096875
0 0.6109375 0.30234375 0.053125 0.1
0 0.64765625 0.365625 0.05625 0.09375
0 0.56171875 0.31484375 0.053125 0.1
0 0.44296875 0.3125 0.05 0.090625
0 0.85390625 0.44140625 0.0546875 0.0859375
0 0.8765625 0.51015625 0.05625 0.0875
0 0.89375 0.59453125 0.05625 0.0875
0 0.9453125 0.60546875 0.059375 0.0796875
0 0.9328125 0.684375 0.059375 0.0890625
0 0.88046875 0.6734375 0.0546875 0.0828125
0 0.903125 0.75234375 0.05625 0.0875
0 0.875 0.8171875 0.05625 0.075
0 0.853125 0.74375 0.053125 0.0875
0 0.83828125 0.87734375 0.053125 0.078125
0 0.79921875 0.92890625 0.053125 0.075
0 0.75625 0.94765625 0.046875 0.0703125
0 0.709375 0.93828125 0.046875 0.065625
0 0.73671875 0.8640625 0.046875 0.071875
0 0.7859375 0.85 0.053125 0.071875
0 0.82421875 0.803125 0.053125 0.078125
0 0.8015625 0.73984375 0.053125 0.0796875
0 0.8296875 0.66875 0.053125 0.084375
0 0.8390625 0.58671875 0.05 0.084375
0 0.81875 0.51171875 0.053125 0.084375
0 0.8015625 0.4390625 0.059375 0.0921875
0 0.73828125 0.4265625 0.0546875 0.090625
0 0.765625 0.50390625 0.059375 0.090625
0 0.784375 0.578125 0.053125 0.084375
0 0.77734375 0.6578125 0.053125 0.084375
0 0.74296875 0.7203125 0.0546875 0.08125
0 0.76171875 0.78125 0.053125 0.071875
0 0.71484375 0.8046875 0.0515625 0.0734375
0 0.68984375 0.86640625 0.05 0.071875
0 0.66484375 0.91953125 0.04375 0.0734375
0 0.64453125 0.84296875 0.05 0.065625
0 0.6203125 0.9046875 0.04375 0.075
0 0.6453125 0.84140625 0.046875 0.0765625
0 0.66796875 0.78359375 0.046875 0.075
0 0.69296875 0.7171875 0.046875 0.08125
0 0.71796875 0.6484375 0.053125 0.084375
0 0.73125 0.565625 0.0546875 0.0859375
0 0.70703125 0.50078125 0.05625 0.090625
0 0.67578125 0.5578125 0.05 0.084375
0 0.66953125 0.64140625 0.0515625 0.0796875
0 0.64609375 0.7140625 0.046875 0.0953125
0 0.62109375 0.77109375 0.0484375 0.0796875
0 0.5984375 0.83984375 0.046875 0.0765625
0 0.5765625 0.896875 0.04375 0.0703125
0 0.60546875 0.66875 0.053125 0.0765625
0 0.62734375 0.603125 0.053125 0.0796875
0 0.65703125 0.490625 0.053125 0.0859375
0 0.6859375 0.41328125 0.053125 0.084375
0 0.51484375 0.3703125 0.05 0.090625
0 0.471875 0.38125 0.05 0.090625
0 0.42421875 0.38125 0.046875 0.090625
0 0.5984375 0.39140625 0.053125 0.0875
0 0.55234375 0.4265625 0.0515625 0.0875
0 0.50546875 0.44296875 0.046875 0.08125
0 0.44921875 0.4609375 0.05 0.0875
0 0.4 0.45703125 0.05 0.084375
0 0.37578125 0.52578125 0.0484375 0.0828125
0 0.3734375 0.596875 0.04375 0.08125
0 0.38046875 0.65703125 0.040625 0.065625
0 0.43515625 0.53359375 0.05 0.084375
0 0.41875 0.5984375 0.046875 0.078125
0 0.42109375 0.66875 0.04375 0.0734375
0 0.40546875 0.7203125 0.04375 0.0796875
0 0.60625 0.4734375 0.05 0.084375
0 0.53828125 0.50703125 0.0484375 0.0859375
0 0.490625 0.51640625 0.05 0.0859375
0 0.47109375 0.5875 0.046875 0.078125
0 0.4640625 0.65859375 0.046875 0.078125
0 0.58046875 0.5484375 0.0515625 0.084375
0 0.5234375 0.5765625 0.05 0.084375
0 0.56640625 0.62109375 0.053125 0.0765625
0 0.509375 0.65234375 0.046875 0.075
0 0.5453125 0.69609375 0.046875 0.078125
0 0.57578125 0.75859375 0.046875 0.078125
0 0.55703125 0.82421875 0.046875 0.0765625
0 0.53203125 0.9015625 0.046875 0.06875
0 0.4921875 0.8875 0.040625 0.0671875
0 0.5125 0.83125 0.0453125 0.071875
0 0.4609375 0.83515625 0.040625 0.065625
0 0.528125 0.76328125 0.046875 0.075
0 0.49453125 0.7171875 0.04375 0.075
0 0.478125 0.78515625 0.046875 0.0765625
0 0.4328125 0.7828125 0.04375 0.0734375
0 0.98828125 0.66796875 0.0234375 0.0875