0 0.35078125 0.04296875 0.0546875 0.0859375
0 0.440625 0.06640625 0.053125 0.103125
0 0.47734375 0.1203125 0.053125 0.103125
0 0.5171875 0.20546875 0.05625 0.103125
0 0.43359375 0.16328125 0.05625 0.1
0 0.46484375 0.2421875 0.0484375 0.096875
0 0.5046875 0.28359375 0.046875 0.09375
0 0.26328125 0.11875 0.05625 0.1140625
0 0.321875 0.13125 0.059375 0.1125
0 0.39296875 0.1171875 0.0609375 0.10625
0 0.17578125 0.184375 0.0625 0.10625
0 0.23203125 0.18984375 0.05625 0.103125
0 0.29375 0.2046875 0.059375 0.1
0 0.33984375 0.2609375 0.0609375 0.1
0 0.3859375 0.2125 0.05625 0.1015625
0 0.134375 0.278125 0.0609375 0.1
0 0.1078125 0.36640625 0.05625 0.1
0 0.0859375 0.440625 0.059375 0.090625
0 0.06796875 0.5234375 0.053125 0.0875
0 0.165625 0.36171875 0.05625 0.1
0 0.1953125 0.2796875 0.059375 0.103125
0 0.24921875 0.29765625 0.059375 0.103125
0 0.22265625 0.3609375 0.05625 0.090625
0 0.30390625 0.3203125 0.0546875 0.096875
0 0.3890625 0.30234375 0.053125 0.1
0 0.35234375 0.365625 0.05625 0.09375
0 0.43828125 0.31484375 0.053125 0.1
0 0.55703125 0.3125 0.05 0.090625
0 0.14609375 0.44140625 0.0546875 0.0859375
0 0.1234375 0.51015625 0.05625 0.0875
0 0.10625 0.59453125 0.05625 0.0875
0 0.0546875 0.60546875 0.059375 0.0796875
0 0.0671875 0.684375 0.059375 0.0890625
0 0.11953125 0.6734375 0.0546875 0.0828125
0 0.096875 0.75234375 0.05625 0.0875
0 0.125 0.8171875 0.05625 0.075
0 0.146875 0.74375 0.053125 0.0875
0 0.16171875 0.87734375 0.053125 0.078125
0 0.20078125 0.92890625 0.053125 0.075
0 0.24375 0.94765625 0.046875 0.0703125
0 0.290625 0.93828125 0.046875 0.065625
0 0.26328125 0.8640625 0.046875 0.071875
0 0.2140625 0.85 0.053125 0.071875
0 0.17578125 0.803125 0.053125 0.078125
0 0.1984375 0.73984375 0.053125 0.0796875
0 0.1703125 0.66875 0.053125 0.084375
0 0.1609375 0.58671875 0.05 0.084375
0 0.18125 0.51171875 0.053125 0.084375
0 0.1984375 0.4390625 0.059375 0.0921875
0 0.26171875 0.4265625 0.0546875 0.090625
0 0.234375 0.50390625 0.059375 0.090625
0 0.215625 0.578125 0.053125 0.084375
0 0.22265625 0.6578125 0.053125 0.084375
0 0.25703125 0.7203125 0.0546875 0.08125
0 0.23828125 0.78125 0.053125 0.071875
0 0.28515625 0.8046875 0.0515625 0.0734375
0 0.31015625 0.86640625 0.05 0.071875
0 0.33515625 0.91953125 0.04375 0.0734375
0 0.35546875 0.84296875 0.05 0.065625
0 0.3796875 0.9046875 0.04375 0.075
0 0.3546875 0.84140625 0.046875 0.0765625
0 0.33203125 0.78359375 0.046875 0.075
0 0.30703125 0.7171875 0.046875 0.08125
0 0.28203125 0.6484375 0.053125 0.084375
0 0.26875 0.565625 0.0546875 0.0859375
0 0.29296875 0.50078125 0.05625 0.090625
0 0.32421875 0.5578125 0.05 0.084375
0 0.33046875 0.64140625 0.0515625 0.0796875
0 0.35390625 0.7140625 0.046875 0.0953125
0 0.37890625 0.77109375 0.0484375 0.0796875
0 0.4015625 0.83984375 0.046875 0.0765625
0 0.4234375 0.896875 0.04375 0.0703125
0 0.39453125 0.66875 0.053125 0.0765625
0 0.37265625 0.603125 0.053125 0.0796875
0 0.34296875 0.490625 0.053125 0.0859375
0 0.3140625 0.41328125 0.053125 0.084375
0 0.48515625 0.3703125 0.05 0.090625
0 0.528125 0.38125 0.05 0.090625
0 0.57578125 0.38125 0.046875 0.090625
0 0.4015625 0.39140625 0.053125 0.0875
0 0.44765625 0.4265625 0.0515625 0.0875
0 0.49453125 0.44296875 0.046875 0.08125
0 0.55078125 0.4609375 0.05 0.0875
0 0.6 0.45703125 0.05 0.084375
0 0.62421875 0.52578125 0.0484375 0.0828125
0 0.6265625 0.596875 0.04375 0.08125
0 0.61953125 0.65703125 0.040625 0.065625
0 0.56484375 0.53359375 0.05 0.084375
0 0.58125 0.5984375 0.046875 0.078125
0 0.57890625 0.66875 0.04375 0.0734375
0 0.59453125 0.7203125 0.04375 0.0796875
0 0.39375 0.4734375 0.05 0.084375
0 0.46171875 0.50703125 0.0484375 0.0859375
0 0.509375 0.51640625 0.05 0.0859375
0 0.52890625 0.5875 0.046875 0.078125
0 0.5359375 0.65859375 0.046875 0.078125
0 0.41953125 0.5484375 0.0515625 0.084375
0 0.4765625 0.5765625 0.05 0.084375
0 0.43359375 0.62109375 0.053125 0.0765625
0 0.490625 0.65234375 0.046875 0.075
0 0.4546875 0.69609375 0.046875 0.078125
0 0.42421875 0.75859375 0.046875 0.078125
0 0.44296875 0.82421875 0.046875 0.0765625
0 0.46796875 0.9015625 0.046875 0.06875
0 0.5078125 0.8875 0.040625 0.0671875
0 0.4875 0.83125 0.0453125 0.071875
0 0.5390625 0.83515625 0.040625 0.065625
0 0.471875 0.76328125 0.046875 0.075
0 0.50546875 0.7171875 0.04375 0.075
0 0.521875 0.78515625 0.046875 0.0765625
0 0.5671875 0.7828125 0.04375 0.0734375
0 0.01171875 0.66796875 0.0234375 0.0875