0 0.95703125 0.64921875 0.0859375 0.0546875
0 0.93359375 0.559375 0.103125 0.053125
0 0.8796875 0.52265625 0.103125 0.053125
0 0.79453125 0.4828125 0.103125 0.05625
0 0.83671875 0.56640625 0.1 0.05625
0 0.7578125 0.53515625 0.096875 0.0484375
0 0.71640625 0.4953125 0.09375 0.046875
0 0.88125 0.73671875 0.1140625 0.0578125
0 0.86875 0.678125 0.1125 0.059375
0 0.8828125 0.60703125 0.10625 0.0609375
0 0.815625 0.82421875 0.10625 0.0640625
0 0.81015625 0.76796875 0.103125 0.05625
0 0.7953125 0.70625 0.1 0.059375
0 0.7390625 0.66015625 0.1 0.0609375
0 0.7875 0.6140625 0.1015625 0.05625
0 0.721875 0.865625 0.1 0.0609375
0 0.63359375 0.8921875 0.1 0.05625
0 0.559375 0.9140625 0.090625 0.059375
0 0.4765625 0.93203125 0.0875 0.053125
0 0.63828125 0.834375 0.1 0.05625
0 0.7203125 0.8046875 0.103125 0.0609375
0 0.70234375 0.75078125 0.103125 0.059375
0 0.6390625 0.77734375 0.090625 0.0578125
0 0.6796875 0.69609375 0.096875 0.0546875
0 0.69765625 0.6109375 0.1 0.053125
0 0.634375 0.64765625 0.09375 0.05625
0 0.68515625 0.56171875 0.1 0.053125
0 0.6875 0.44296875 0.090625 0.05
0 0.55859375 0.85390625 0.0859375 0.0546875
0 0.48984375 0.8765625 0.0875 0.05625
0 0.40546875 0.89375 0.0875 0.05625
0 0.39453125 0.9453125 0.0796875 0.059375
0 0.315625 0.9328125 0.0890625 0.059375
0 0.3265625 0.88046875 0.0828125 0.0546875
0 0.24765625 0.903125 0.0875 0.05625
0 0.1828125 0.875 0.075 0.05625
0 0.25625 0.853125 0.0875 0.053125
0 0.12265625 0.83828125 0.078125 0.053125
0 0.07109375 0.79921875 0.075 0.053125
0 0.05234375 0.75625 0.0703125 0.046875
0 0.06171875 0.709375 0.065625 0.046875
0 0.1359375 0.73671875 0.071875 0.0484375
0 0.15 0.7859375 0.071875 0.053125
0 0.196875 0.82421875 0.078125 0.0515625
0 0.26015625 0.8015625 0.0796875 0.0515625
0 0.33125 0.8296875 0.084375 0.053125
0 0.41328125 0.8390625 0.084375 0.05
0 0.48828125 0.81875 0.084375 0.053125
0 0.5609375 0.8015625 0.0921875 0.059375
0 0.5734375 0.73828125 0.090625 0.0546875
0 0.49609375 0.765625 0.090625 0.059375
0 0.421875 0.784375 0.084375 0.053125
0 0.3421875 0.77734375 0.084375 0.053125
0 0.2796875 0.74296875 0.08125 0.0546875
0 0.21875 0.76171875 0.071875 0.053125
0 0.1953125 0.71484375 0.0734375 0.0515625
0 0.13359375 0.68984375 0.071875 0.05
0 0.08046875 0.66484375 0.0734375 0.04375
0 0.15703125 0.64453125 0.065625 0.05
0 0.0953125 0.6203125 0.075 0.04375
0 0.15859375 0.6453125 0.0765625 0.046875
0 0.21640625 0.66796875 0.075 0.046875
0 0.2828125 0.69296875 0.08125 0.046875
0 0.3515625 0.71796875 0.084375 0.053125
0 0.434375 0.73125 0.0859375 0.0546875
0 0.49921875 0.70703125 0.090625 0.05625
0 0.4421875 0.67578125 0.084375 0.05
0 0.35859375 0.66953125 0.0796875 0.0515625
0 0.2859375 0.64609375 0.0953125 0.046875
0 0.22890625 0.62109375 0.0796875 0.0484375
0 0.16015625 0.5984375 0.0765625 0.046875
0 0.103125 0.5765625 0.0703125 0.04375
0 0.33125 0.60546875 0.0765625 0.053125
0 0.396875 0.62734375 0.0796875 0.053125
0 0.509375 0.65703125 0.0859375 0.053125
0 0.58671875 0.6859375 0.084375 0.053125
0 0.6296875 0.51484375 0.090625 0.05
0 0.61875 0.471875 0.090625 0.05
0 0.61875 0.42421875 0.090625 0.046875
0 0.60859375 0.5984375 0.0875 0.053125
0 0.5734375 0.55234375 0.0875 0.0515625
0 0.55703125 0.50546875 0.08125 0.046875
0 0.5390625 0.44921875 0.0875 0.05
0 0.54296875 0.4 0.084375 0.05
0 0.47421875 0.37578125 0.0828125 0.0484375
0 0.403125 0.3734375 0.08125 0.04375
0 0.34296875 0.38046875 0.065625 0.040625
0 0.46640625 0.43515625 0.084375 0.05
0 0.4015625 0.41875 0.078125 0.046875
0 0.33125 0.42109375 0.0734375 0.04375
0 0.2796875 0.40546875 0.0796875 0.04375
0 0.5265625 0.60625 0.084375 0.05
0 0.49296875 0.53828125 0.0859375 0.0484375
0 0.48359375 0.490625 0.0859375 0.05
0 0.4125 0.47109375 0.078125 0.046875
0 0.34140625 0.4640625 0.078125 0.046875
0 0.4515625 0.58046875 0.084375 0.0515625
0 0.4234375 0.5234375 0.084375 0.05
0 0.37890625 0.56640625 0.0765625 0.053125
0 0.34765625 0.509375 0.075 0.046875
0 0.30390625 0.5453125 0.078125 0.046875
0 0.24140625 0.57578125 0.078125 0.046875
0 0.17578125 0.55703125 0.0765625 0.046875
0 0.0984375 0.53203125 0.06875 0.046875
0 0.1125 0.4921875 0.0671875 0.040625
0 0.16875 0.5125 0.071875 0.0453125
0 0.16484375 0.4609375 0.065625 0.040625
0 0.23671875 0.528125 0.075 0.046875
0 0.2828125 0.49453125 0.075 0.04375
0 0.21484375 0.478125 0.0765625 0.046875
0 0.2171875 0.4328125 0.0734375 0.04375
0 0.33203125 0.98828125 0.0875 0.0234375