0 0.3171875 0.81640625 0.053125 0.040625
0 0.2703125 0.76796875 0.065625 0.046875
0 0.2609375 0.7296875 0.084375 0.040625
0 0.3015625 0.68984375 0.0640625 0.0375
0 0.38984375 0.846875 0.05625 0.0421875
0 0.44296875 0.8484375 0.05625 0.040625
0 0.4921875 0.8734375 0.05 0.0375
0 0.52109375 0.8953125 0.0453125 0.0390625
0 0.58828125 0.89296875 0.046875 0.034375
0 0.63046875 0.8828125 0.04375 0.03125
0 0.65859375 0.8609375 0.0359375 0.034375
0 0.6859375 0.8359375 0.0359375 0.0328125
0 0.68359375 0.80546875 0.034375 0.03125
0 0.67265625 0.77578125 0.028125 0.0296875
0 0.675 0.7390625 0.0421875 0.03125
0 0.19609375 0.665625 0.071875 0.04375
0 0.24140625 0.66875 0.053125 0.04375
0 0.16953125 0.6078125 0.0671875 0.0390625
0 0.134375 0.57421875 0.0515625 0.046875
0 0.109375 0.53515625 0.06875 0.0421875
0 0.1453125 0.46484375 0.0734375 0.0421875
0 0.109375 0.425 0.06875 0.0375
0 0.14375 0.384375 0.0671875 0.034375
0 0.12734375 0.33203125 0.065625 0.0359375
0 0.1578125 0.24921875 0.059375 0.03125
0 0.15234375 0.2234375 0.0625 0.03125
0 0.24140625 0.18125 0.0515625 0.0296875
0 0.2578125 0.16484375 0.053125 0.0296875
0 0.27421875 0.13125 0.053125 0.028125
0 0.38359375 0.7953125 0.05625 0.0375
0 0.328125 0.7546875 0.053125 0.0359375
0 0.359375 0.71015625 0.0703125 0.0375
0 0.4921875 0.8109375 0.05 0.040625
0 0.55078125 0.8578125 0.046875 0.034375
0 0.5140625 0.8375 0.046875 0.0375
0 0.43125 0.80859375 0.059375 0.0421875
0 0.60078125 0.85703125 0.046875 0.0390625
0 0.63828125 0.834375 0.04375 0.028125
0 0.63359375 0.8046875 0.0375 0.03125
0 0.64765625 0.77890625 0.034375 0.03125
0 0.6421875 0.71875 0.053125 0.0375
0 0.6390625 0.69140625 0.04375 0.028125
0 0.64609375 0.64921875 0.040625 0.025
0 0.6484375 0.61640625 0.0359375 0.028125
0 0.634375 0.57109375 0.03125 0.03125
0 0.62578125 0.5421875 0.0328125 0.021875
0 0.6046875 0.528125 0.034375 0.025
0 0.6109375 0.49609375 0.03125 0.0265625
0 0.575 0.4765625 0.0375 0.028125
0 0.59140625 0.465625 0.03125 0.0234375
0 0.5734375 0.43984375 0.034375 0.025
0 0.5671875 0.41015625 0.034375 0.025
0 0.55390625 0.38671875 0.0359375 0.0234375
0 0.5546875 0.3609375 0.04375 0.03125
0 0.5484375 0.33046875 0.0375 0.025
0 0.5421875 0.30546875 0.05 0.021875
0 0.540625 0.28046875 0.040625 0.028125
0 0.51875 0.2578125 0.040625 0.021875
0 0.51953125 0.23671875 0.0375 0.021875
0 0.515625 0.21171875 0.034375 0.0234375
0 0.484375 0.18828125 0.034375 0.021875
0 0.4703125 0.159375 0.034375 0.0234375
0 0.421875 0.7671875 0.046875 0.0375
0 0.4765625 0.7703125 0.0625 0.0453125
0 0.52109375 0.76640625 0.046875 0.040625
0 0.5671875 0.77421875 0.059375 0.04375
0 0.54453125 0.82734375 0.046875 0.0421875
0 0.5921875 0.81640625 0.05 0.0390625
0 0.55546875 0.73828125 0.053125 0.0328125
0 0.6015625 0.72890625 0.0375 0.0328125
0 0.428125 0.734375 0.05625 0.04375
0 0.47734375 0.73515625 0.053125 0.0359375
0 0.4125 0.70234375 0.05625 0.040625
0 0.346875 0.678125 0.046875 0.0375
0 0.3265625 0.6453125 0.06875 0.04375
0 0.27890625 0.63359375 0.05625 0.0390625
0 0.459375 0.69921875 0.04375 0.0390625
0 0.5 0.7046875 0.04375 0.0328125
0 0.53203125 0.71015625 0.0375 0.0265625
0 0.59765625 0.69609375 0.0375 0.028125
0 0.59609375 0.665625 0.04375 0.03125
0 0.5484375 0.6703125 0.04375 0.0375
0 0.49375 0.675 0.0375 0.028125
0 0.45546875 0.66875 0.05 0.0359375
0 0.4234375 0.66640625 0.0625 0.04375
0 0.37734375 0.64921875 0.053125 0.04375
0 0.6140625 0.62265625 0.034375 0.028125
0 0.5859375 0.63984375 0.0375 0.021875
0 0.57421875 0.621875 0.040625 0.028125
0 0.53984375 0.59375 0.03125 0.025
0 0.57265625 0.56796875 0.046875 0.03125
0 0.59609375 0.578125 0.03125 0.025
0 0.56875 0.5515625 0.03125 0.025
0 0.559375 0.5265625 0.034375 0.0265625
0 0.55 0.49375 0.04375 0.028125
0 0.5265625 0.46640625 0.0296875 0.025
0 0.51796875 0.43671875 0.0375 0.0265625
0 0.5046875 0.40703125 0.05 0.03125
0 0.48828125 0.38984375 0.040625 0.025
0 0.4671875 0.35625 0.0375 0.034375
0 0.51796875 0.36953125 0.0375 0.0234375
0 0.49140625 0.35 0.0375 0.025
0 0.51015625 0.3453125 0.040625 0.025
0 0.4953125 0.31484375 0.034375 0.028125
0 0.4953125 0.2859375 0.034375 0.025
0 0.4703125 0.29296875 0.034375 0.025
0 0.4578125 0.2671875 0.040625 0.028125
0 0.45234375 0.24296875 0.0375 0.021875
0 0.45234375 0.2171875 0.0390625 0.0265625
0 0.4328125 0.1875 0.0390625 0.025
0 0.39921875 0.1375 0.040625 0.0234375
0 0.228125 0.60859375 0.071875 0.046875
0 0.20234375 0.5671875 0.071875 0.04375
0 0.19140625 0.5296875 0.071875 0.034375
0 0.1921875 0.4984375 0.075 0.034375
0 0.23203125 0.4640625 0.075 0.03125
0 0.259375 0.421875 0.071875 0.034375
0 0.1671875 0.42109375 0.059375 0.034375
0 0.2109375 0.39375 0.0640625 0.0296875
0 0.225 0.36015625 0.0640625 0.028125
0 0.1921875 0.32421875 0.065625 0.034375
0 0.21796875 0.2671875 0.071875 0.0296875
0 0.24921875 0.22109375 0.0671875 0.03125
0 0.29765625 0.16484375 0.04375 0.03125
0 0.3328125 0.11484375 0.04375 0.03125
0 0.36171875 0.15078125 0.046875 0.025
0 0.3546875 0.1765625 0.0625 0.0328125
0 0.36015625 0.13515625 0.040625 0.025
0 0.3375 0.196875 0.05625 0.028125
0 0.33046875 0.21953125 0.0671875 0.028125
0 0.3234375 0.25078125 0.06875 0.0328125
0 0.246875 0.32734375 0.05 0.0328125
0 0.2484375 0.3 0.084375 0.03125
0 0.296875 0.60234375 0.0578125 0.040625
0 0.26015625 0.575 0.0765625 0.040625
0 0.2546875 0.5296875 0.075 0.034375
0 0.284375 0.49375 0.078125 0.0453125
0 0.3515625 0.61171875 0.046875 0.04375
0 0.4 0.61640625 0.053125 0.0390625
0 0.453125 0.63046875 0.059375 0.040625
0 0.49609375 0.6421875 0.046875 0.028125
0 0.53046875 0.640625 0.05 0.040625
0 0.528125 0.609375 0.059375 0.0359375
0 0.50703125 0.5671875 0.05625 0.034375
0 0.4640625 0.56328125 0.05 0.028125
0 0.47109375 0.60546875 0.0453125 0.03125
0 0.43046875 0.5921875 0.04375 0.0296875
0 0.38359375 0.5890625 0.053125 0.0375
0 0.3359375 0.57734375 0.0625 0.040625
0 0.30234375 0.5515625 0.0625 0.0375
0 0.31484375 0.51953125 0.0625 0.0453125
0 0.37421875 0.55 0.065625 0.0375
0 0.409375 0.53828125 0.059375 0.0359375
0 0.49296875 0.53515625 0.046875 0.0390625
0 0.47734375 0.50234375 0.046875 0.0328125
0 0.4734375 0.46171875 0.04375 0.028125
0 0.465625 0.43359375 0.046875 0.025
0 0.45546875 0.40234375 0.0390625 0.03125
0 0.41484375 0.35 0.04375 0.028125
0 0.38046875 0.5171875 0.05 0.0359375
0 0.42265625 0.50859375 0.046875 0.0328125
0 0.37734375 0.4890625 0.05625 0.0328125
0 0.33203125 0.484375 0.0515625 0.0375
0 0.3609375 0.46015625 0.053125 0.0359375
0 0.42109375 0.459375 0.046875 0.03125
0 0.3296875 0.428125 0.075 0.0375
0 0.3796875 0.43671875 0.046875 0.0328125
0 0.4140625 0.4359375 0.05 0.034375
0 0.2796875 0.39453125 0.06875 0.040625
0 0.33125 0.39609375 0.046875 0.0359375
0 0.38984375 0.403125 0.0640625 0.040625
0 0.42890625 0.38515625 0.046875 0.03125
0 0.38671875 0.36796875 0.046875 0.0328125
0 0.3328125 0.3609375 0.0625 0.040625
0 0.2828125 0.3546875 0.0671875 0.0328125
0 0.31171875 0.3265625 0.05625 0.0328125
0 0.3515625 0.33203125 0.053125 0.03125
0 0.4171875 0.3328125 0.034375 0.0265625
0 0.4515625 0.33125 0.05 0.034375
0 0.3171875 0.3078125 0.0609375 0.028125
0 0.3359375 0.27734375 0.0625 0.040625
0 0.3703125 0.31015625 0.046875 0.0359375
0 0.421875 0.303125 0.0484375 0.034375
0 0.38984375 0.278125 0.046875 0.028125
0 0.37265625 0.25078125 0.053125 0.0328125
0 0.36484375 0.22890625 0.040625 0.025
0 0.39765625 0.22578125 0.0484375 0.03125
0 0.40234375 0.246875 0.0375 0.028125
0 0.4203125 0.20859375 0.040625 0.028125
0 0.66953125 0.7046875 0.0359375 0.0296875
0 0.609375 0.76875 0.04375 0.025
0 0.59375 0.6015625 0.0390625 0.028125
0 0.61953125 0.59609375 0.025 0.0265625
0 0.60546875 0.55546875 0.0359375 0.025
0 0.52734375 0.5140625 0.0375 0.028125
0 0.51015625 0.48203125 0.0375 0.028125
0 0.496875 0.44765625 0.0375 0.028125
0 0.54765625 0.4515625 0.0328125 0.0296875
0 0.55 0.4234375 0.0375 0.028125
0 0.5359375 0.39375 0.0375 0.025
0 0.48515625 0.24296875 0.0328125 0.021875
0 0.47734375 0.21875 0.0375 0.0265625
0 0.425 0.14375 0.03125 0.021875
0 0.39921875 0.17421875 0.0390625 0.021875
0 0.39140625 0.15859375 0.0328125 0.0171875
0 0.42109375 0.2515625 0.0296875 0.0265625
0 0.4171875 0.28125 0.028125 0.0265625
0 0.3953125 0.31171875 0.040625 0.03125
0 0.275 0.11875 0.034375 0.01875
0 0.434375 0.165625 0.04375 0.021875