0 0.3171875 0.18359375 0.053125 0.040625
0 0.2703125 0.23203125 0.065625 0.046875
0 0.2609375 0.2703125 0.084375 0.040625
0 0.3015625 0.31015625 0.0640625 0.0375
0 0.38984375 0.153125 0.05625 0.0421875
0 0.44296875 0.1515625 0.05625 0.040625
0 0.4921875 0.1265625 0.05 0.0375
0 0.52109375 0.1046875 0.0453125 0.0390625
0 0.58828125 0.10703125 0.046875 0.034375
0 0.63046875 0.1171875 0.04375 0.03125
0 0.65859375 0.1390625 0.0359375 0.034375
0 0.6859375 0.1640625 0.0359375 0.03125
0 0.68359375 0.19453125 0.034375 0.03125
0 0.67265625 0.22421875 0.028125 0.0296875
0 0.675 0.2609375 0.0421875 0.03125
0 0.19609375 0.334375 0.071875 0.04375
0 0.24140625 0.33125 0.053125 0.04375
0 0.16953125 0.3921875 0.0671875 0.0390625
0 0.134375 0.42578125 0.0515625 0.046875
0 0.109375 0.46484375 0.06875 0.0421875
0 0.1453125 0.53515625 0.0734375 0.0421875
0 0.109375 0.575 0.06875 0.0375
0 0.14375 0.615625 0.0671875 0.034375
0 0.12734375 0.66796875 0.065625 0.0359375
0 0.1578125 0.75078125 0.059375 0.0328125
0 0.15234375 0.7765625 0.0625 0.0328125
0 0.24140625 0.81875 0.0515625 0.0296875
0 0.2578125 0.83515625 0.053125 0.0296875
0 0.27421875 0.86875 0.053125 0.028125
0 0.38359375 0.2046875 0.05625 0.0375
0 0.328125 0.2453125 0.053125 0.0359375
0 0.359375 0.28984375 0.0703125 0.0375
0 0.4921875 0.1890625 0.05 0.040625
0 0.55078125 0.1421875 0.046875 0.034375
0 0.5140625 0.1625 0.046875 0.0375
0 0.43125 0.19140625 0.059375 0.0421875
0 0.60078125 0.14296875 0.046875 0.0390625
0 0.63828125 0.165625 0.04375 0.028125
0 0.63359375 0.1953125 0.0375 0.03125
0 0.64765625 0.22109375 0.034375 0.03125
0 0.6421875 0.28125 0.053125 0.0375
0 0.6390625 0.30859375 0.04375 0.028125
0 0.64609375 0.35078125 0.040625 0.025
0 0.6484375 0.38359375 0.0359375 0.028125
0 0.634375 0.42890625 0.03125 0.03125
0 0.62578125 0.4578125 0.0328125 0.021875
0 0.6046875 0.471875 0.034375 0.025
0 0.6109375 0.50390625 0.03125 0.0265625
0 0.575 0.5234375 0.0375 0.028125
0 0.59140625 0.534375 0.03125 0.0234375
0 0.5734375 0.56015625 0.034375 0.025
0 0.5671875 0.58984375 0.034375 0.025
0 0.55390625 0.61328125 0.0359375 0.0234375
0 0.5546875 0.6390625 0.04375 0.03125
0 0.5484375 0.66953125 0.0375 0.025
0 0.5421875 0.69453125 0.05 0.021875
0 0.540625 0.71953125 0.040625 0.028125
0 0.51875 0.7421875 0.040625 0.021875
0 0.51953125 0.76328125 0.0375 0.021875
0 0.515625 0.78828125 0.034375 0.0234375
0 0.484375 0.81171875 0.034375 0.021875
0 0.4703125 0.840625 0.034375 0.0234375
0 0.421875 0.2328125 0.046875 0.0375
0 0.4765625 0.2296875 0.0625 0.0453125
0 0.52109375 0.23359375 0.046875 0.040625
0 0.5671875 0.22578125 0.059375 0.04375
0 0.54453125 0.17265625 0.046875 0.0421875
0 0.5921875 0.18359375 0.05 0.0390625
0 0.55546875 0.26171875 0.053125 0.0328125
0 0.6015625 0.27109375 0.0375 0.0328125
0 0.428125 0.265625 0.05625 0.04375
0 0.47734375 0.26484375 0.053125 0.0359375
0 0.4125 0.29765625 0.05625 0.040625
0 0.346875 0.321875 0.046875 0.0375
0 0.3265625 0.3546875 0.06875 0.04375
0 0.27890625 0.36640625 0.05625 0.0390625
0 0.459375 0.30078125 0.04375 0.0390625
0 0.5 0.2953125 0.04375 0.0328125
0 0.53203125 0.28984375 0.0375 0.0265625
0 0.59765625 0.30390625 0.0375 0.028125
0 0.59609375 0.334375 0.04375 0.03125
0 0.5484375 0.3296875 0.04375 0.0375
0 0.49375 0.325 0.0375 0.028125
0 0.45546875 0.33125 0.05 0.0359375
0 0.4234375 0.33359375 0.0625 0.04375
0 0.37734375 0.35078125 0.053125 0.04375
0 0.6140625 0.37734375 0.034375 0.028125
0 0.5859375 0.36015625 0.0375 0.021875
0 0.57421875 0.378125 0.040625 0.028125
0 0.53984375 0.40625 0.03125 0.025
0 0.57265625 0.43203125 0.046875 0.03125
0 0.59609375 0.421875 0.03125 0.025
0 0.56875 0.4484375 0.03125 0.025
0 0.559375 0.4734375 0.034375 0.0265625
0 0.55 0.50625 0.04375 0.028125
0 0.5265625 0.53359375 0.0296875 0.025
0 0.51796875 0.56328125 0.0375 0.0265625
0 0.5046875 0.59296875 0.05 0.03125
0 0.48828125 0.61015625 0.040625 0.025
0 0.4671875 0.64375 0.0375 0.034375
0 0.51796875 0.63046875 0.0375 0.0234375
0 0.49140625 0.65 0.0375 0.025
0 0.51015625 0.6546875 0.040625 0.025
0 0.4953125 0.68515625 0.034375 0.028125
0 0.4953125 0.7140625 0.034375 0.025
0 0.4703125 0.70703125 0.034375 0.025
0 0.4578125 0.7328125 0.040625 0.028125
0 0.45234375 0.75703125 0.0375 0.021875
0 0.45234375 0.7828125 0.0390625 0.0265625
0 0.4328125 0.8125 0.0390625 0.025
0 0.39921875 0.8625 0.040625 0.0234375
0 0.228125 0.39140625 0.071875 0.046875
0 0.20234375 0.4328125 0.071875 0.04375
0 0.19140625 0.4703125 0.071875 0.034375
0 0.1921875 0.5015625 0.075 0.034375
0 0.23203125 0.5359375 0.075 0.03125
0 0.259375 0.578125 0.071875 0.034375
0 0.1671875 0.57890625 0.059375 0.034375
0 0.2109375 0.60625 0.0640625 0.0296875
0 0.225 0.63984375 0.0640625 0.028125
0 0.1921875 0.67578125 0.065625 0.034375
0 0.21796875 0.7328125 0.071875 0.0296875
0 0.24921875 0.77890625 0.0671875 0.03125
0 0.29765625 0.83515625 0.04375 0.0328125
0 0.3328125 0.88515625 0.04375 0.03125
0 0.36171875 0.84921875 0.046875 0.025
0 0.3546875 0.8234375 0.0625 0.0328125
0 0.36015625 0.86484375 0.040625 0.025
0 0.3375 0.803125 0.05625 0.0296875
0 0.33046875 0.78046875 0.0671875 0.028125
0 0.3234375 0.74921875 0.06875 0.0328125
0 0.246875 0.67265625 0.05 0.0328125
0 0.2484375 0.7 0.084375 0.03125
0 0.296875 0.39765625 0.0578125 0.040625
0 0.26015625 0.425 0.0765625 0.040625
0 0.2546875 0.4703125 0.075 0.034375
0 0.284375 0.50625 0.078125 0.0453125
0 0.3515625 0.38828125 0.046875 0.04375
0 0.4 0.38359375 0.053125 0.0390625
0 0.453125 0.36953125 0.059375 0.040625
0 0.49609375 0.3578125 0.046875 0.028125
0 0.53046875 0.359375 0.05 0.040625
0 0.528125 0.390625 0.059375 0.0359375
0 0.50703125 0.4328125 0.05625 0.034375
0 0.4640625 0.43671875 0.05 0.028125
0 0.47109375 0.39453125 0.0453125 0.03125
0 0.43046875 0.4078125 0.04375 0.0296875
0 0.38359375 0.4109375 0.053125 0.0375
0 0.3359375 0.42265625 0.0625 0.040625
0 0.30234375 0.4484375 0.0625 0.0375
0 0.31484375 0.48046875 0.0625 0.0453125
0 0.37421875 0.45 0.065625 0.0375
0 0.409375 0.46171875 0.059375 0.0359375
0 0.49296875 0.46484375 0.046875 0.0390625
0 0.47734375 0.49765625 0.046875 0.0328125
0 0.4734375 0.53828125 0.04375 0.028125
0 0.465625 0.56640625 0.046875 0.025
0 0.45546875 0.59765625 0.0390625 0.03125
0 0.41484375 0.65 0.04375 0.028125
0 0.38046875 0.4828125 0.05 0.0359375
0 0.42265625 0.49140625 0.046875 0.0328125
0 0.37734375 0.5109375 0.05625 0.0328125
0 0.33203125 0.515625 0.0515625 0.0375
0 0.3609375 0.53984375 0.053125 0.0359375
0 0.42109375 0.540625 0.046875 0.03125
0 0.3296875 0.571875 0.075 0.0375
0 0.3796875 0.56328125 0.046875 0.0328125
0 0.4140625 0.5640625 0.05 0.034375
0 0.2796875 0.60546875 0.06875 0.040625
0 0.33125 0.60390625 0.046875 0.0359375
0 0.38984375 0.596875 0.0640625 0.040625
0 0.42890625 0.61484375 0.046875 0.03125
0 0.38671875 0.63203125 0.046875 0.0328125
0 0.3328125 0.6390625 0.0625 0.040625
0 0.2828125 0.6453125 0.0671875 0.0328125
0 0.31171875 0.6734375 0.05625 0.0328125
0 0.3515625 0.66796875 0.053125 0.03125
0 0.4171875 0.6671875 0.034375 0.0265625
0 0.4515625 0.66875 0.05 0.034375
0 0.3171875 0.6921875 0.0609375 0.028125
0 0.3359375 0.72265625 0.0625 0.040625
0 0.3703125 0.68984375 0.046875 0.0359375
0 0.421875 0.696875 0.0484375 0.034375
0 0.38984375 0.721875 0.046875 0.028125
0 0.37265625 0.74921875 0.053125 0.0328125
0 0.36484375 0.77109375 0.040625 0.025
0 0.39765625 0.77421875 0.0484375 0.03125
0 0.40234375 0.753125 0.0375 0.028125
0 0.4203125 0.79140625 0.040625 0.028125
0 0.66953125 0.2953125 0.0359375 0.0296875
0 0.609375 0.23125 0.04375 0.025
0 0.59375 0.3984375 0.0390625 0.028125
0 0.61953125 0.40390625 0.025 0.0265625
0 0.60546875 0.44453125 0.0359375 0.025
0 0.52734375 0.4859375 0.0375 0.028125
0 0.51015625 0.51796875 0.0375 0.028125
0 0.496875 0.55234375 0.0375 0.028125
0 0.54765625 0.5484375 0.0328125 0.0296875
0 0.55 0.5765625 0.0375 0.028125
0 0.5359375 0.60625 0.0375 0.025
0 0.48515625 0.75703125 0.0328125 0.021875
0 0.47734375 0.78125 0.0375 0.0265625
0 0.425 0.85625 0.03125 0.021875
0 0.39921875 0.82578125 0.0390625 0.021875
0 0.39140625 0.84140625 0.0328125 0.0171875
0 0.42109375 0.7484375 0.0296875 0.0265625
0 0.4171875 0.71875 0.028125 0.0265625
0 0.3953125 0.68828125 0.040625 0.03125
0 0.275 0.88125 0.034375 0.01875
0 0.434375 0.834375 0.04375 0.021875