0 0.21015625 0.2890625 0.071875 0.0953125
0 0.2078125 0.4109375 0.06875 0.090625
0 0.2203125 0.50859375 0.071875 0.090625
0 0.2015625 0.59765625 0.075 0.0875
0 0.22265625 0.690625 0.0640625 0.0953125
0 0.23671875 0.784375 0.071875 0.0890625
0 0.2671875 0.23125 0.071875 0.115625
0 0.26875 0.35234375 0.08125 0.1
0 0.28203125 0.4421875 0.075 0.1015625
0 0.28359375 0.546875 0.06875 0.0953125
0 0.2828125 0.64375 0.06875 0.0875
0 0.3046875 0.740625 0.071875 0.1
0 0.3015625 0.82890625 0.071875 0.0921875
0 0.33125 0.19609375 0.05625 0.1046875
0 0.38984375 0.1375 0.06875 0.1
0 0.45 0.0796875 0.0640625 0.0875
0 0.3953125 0.23984375 0.071875 0.1125
0 0.45 0.1953125 0.071875 0.090625
0 0.325 0.28125 0.06875 0.096875
0 0.3421875 0.39140625 0.071875 0.10625
0 0.4078125 0.34296875 0.0734375 0.1
0 0.46796875 0.30234375 0.08125 0.1140625
0 0.346875 0.49921875 0.0625 0.103125
0 0.346875 0.60078125 0.065625 0.096875
0 0.36875 0.684375 0.075 0.1
0 0.36640625 0.78125 0.06875 0.103125
0 0.36796875 0.8875 0.071875 0.0921875
0 0.4015625 0.43515625 0.075 0.096875
0 0.409375 0.53984375 0.0703125 0.103125
0 0.4234375 0.6453125 0.075 0.09375
0 0.4265625 0.73203125 0.071875 0.10625
0 0.41875 0.82734375 0.078125 0.090625
0 0.4265625 0.9140625 0.075 0.078125
0 0.4671875 0.39140625 0.075 0.10625
0 0.4640625 0.484375 0.078125 0.096875
0 0.46875 0.571875 0.06875 0.0953125
0 0.50546875 0.67734375 0.078125 0.1
0 0.50390625 0.76875 0.075 0.090625
0 0.49296875 0.86640625 0.078125 0.096875
0 0.490625 0.9515625 0.065625 0.08125
0 0.52109375 0.053125 0.06875 0.096875
0 0.5140625 0.1390625 0.075 0.096875
0 0.52734375 0.23515625 0.06875 0.1015625
0 0.53671875 0.33828125 0.071875 0.096875
0 0.5296875 0.4328125 0.06875 0.090625
0 0.53203125 0.52109375 0.071875 0.10625
0 0.55703125 0.62734375 0.078125 0.09375
0 0.56328125 0.71484375 0.0625 0.109375
0 0.5625 0.84375 0.075 0.1078125
0 0.571875 0.94140625 0.078125 0.1
0 0.59375 0.07265625 0.078125 0.09375
0 0.67578125 0.08046875 0.0765625 0.0890625
0 0.74765625 0.11484375 0.071875 0.09375
0 0.78515625 0.17890625 0.059375 0.09375
0 0.87421875 0.22109375 0.065625 0.1078125
0 0.5796875 0.1625 0.075 0.10625
0 0.684375 0.1828125 0.078125 0.1
0 0.75546875 0.2390625 0.059375 0.0921875
0 0.7984375 0.2921875 0.0609375 0.084375
0 0.86953125 0.334375 0.065625 0.09375
0 0.6046875 0.25859375 0.071875 0.0875
0 0.61328125 0.34453125 0.08125 0.09375
0 0.6125 0.44296875 0.075 0.1
0 0.609375 0.5359375 0.065625 0.103125
0 0.6375 0.671875 0.078125 0.0796875
0 0.63984375 0.7625 0.075 0.0921875
0 0.64140625 0.86171875 0.08125 0.1046875
0 0.6296875 0.93359375 0.06875 0.0890625
0 0.68359375 0.2859375 0.078125 0.10625
0 0.68046875 0.390625 0.078125 0.1046875
0 0.68203125 0.4921875 0.0703125 0.096875
0 0.68671875 0.5875 0.0875 0.1015625
0 0.69296875 0.70859375 0.078125 0.0953125
0 0.71328125 0.83828125 0.0953125 0.09375
0 0.715625 0.92109375 0.071875 0.0890625
0 0.75 0.3328125 0.08125 0.1328125
0 0.73828125 0.45625 0.06875 0.103125
0 0.74140625 0.540625 0.071875 0.096875
0 0.75 0.6328125 0.075 0.1078125
0 0.76015625 0.771875 0.078125 0.0984375
0 0.78125 0.8734375 0.06875 0.090625
0 0.8 0.3890625 0.071875 0.10625
0 0.803125 0.484375 0.090625 0.1265625
0 0.78828125 0.57109375 0.0625 0.09375
0 0.8125 0.67421875 0.06875 0.125
0 0.8359375 0.79765625 0.0625 0.103125
0 0.87890625 0.428125 0.078125 0.0859375
0 0.884375 0.528125 0.0734375 0.096875
0 0.8828125 0.625 0.075 0.1015625
0 0.87265625 0.71875 0.071875 0.0859375