0 0.78984375 0.7109375 0.071875 0.0953125
0 0.7921875 0.5890625 0.06875 0.090625
0 0.7796875 0.49140625 0.071875 0.090625
0 0.7984375 0.40234375 0.075 0.0875
0 0.77734375 0.309375 0.0640625 0.0953125
0 0.76328125 0.215625 0.071875 0.0890625
0 0.7328125 0.76875 0.071875 0.1171875
0 0.73125 0.64765625 0.08125 0.1
0 0.71796875 0.5578125 0.075 0.1015625
0 0.71640625 0.453125 0.06875 0.0953125
0 0.7171875 0.35625 0.06875 0.0875
0 0.6953125 0.259375 0.071875 0.1
0 0.6984375 0.17109375 0.071875 0.090625
0 0.66875 0.80390625 0.05625 0.1046875
0 0.61015625 0.8625 0.06875 0.1
0 0.55 0.9203125 0.0640625 0.0875
0 0.6046875 0.76015625 0.071875 0.1125
0 0.55 0.8046875 0.071875 0.090625
0 0.675 0.71875 0.06875 0.096875
0 0.6578125 0.60859375 0.071875 0.10625
0 0.5921875 0.65703125 0.0734375 0.1
0 0.53203125 0.69765625 0.08125 0.1140625
0 0.653125 0.50078125 0.0625 0.103125
0 0.653125 0.39921875 0.065625 0.096875
0 0.63125 0.315625 0.075 0.1
0 0.63359375 0.21875 0.06875 0.103125
0 0.63203125 0.1125 0.071875 0.0921875
0 0.5984375 0.56484375 0.075 0.096875
0 0.590625 0.46015625 0.0703125 0.103125
0 0.5765625 0.3546875 0.075 0.09375
0 0.5734375 0.26796875 0.071875 0.10625
0 0.58125 0.17265625 0.078125 0.090625
0 0.5734375 0.0859375 0.075 0.078125
0 0.5328125 0.60859375 0.075 0.10625
0 0.5359375 0.515625 0.078125 0.096875
0 0.53125 0.428125 0.06875 0.0953125
0 0.49453125 0.32265625 0.078125 0.1
0 0.49609375 0.23125 0.075 0.090625
0 0.50703125 0.13359375 0.078125 0.096875
0 0.509375 0.0484375 0.065625 0.08125
0 0.47890625 0.946875 0.06875 0.096875
0 0.4859375 0.8609375 0.075 0.096875
0 0.47265625 0.76484375 0.06875 0.1015625
0 0.46328125 0.66171875 0.071875 0.096875
0 0.4703125 0.5671875 0.06875 0.090625
0 0.46796875 0.47890625 0.071875 0.10625
0 0.44296875 0.37265625 0.078125 0.09375
0 0.43671875 0.28515625 0.0625 0.109375
0 0.4375 0.15625 0.075 0.1078125
0 0.428125 0.05859375 0.078125 0.1
0 0.40625 0.92734375 0.078125 0.09375
0 0.32421875 0.91953125 0.0765625 0.0890625
0 0.25234375 0.88515625 0.071875 0.09375
0 0.21484375 0.82109375 0.059375 0.09375
0 0.12578125 0.77890625 0.065625 0.1078125
0 0.4203125 0.8375 0.075 0.10625
0 0.315625 0.8171875 0.078125 0.1
0 0.24453125 0.7609375 0.059375 0.0921875
0 0.2015625 0.7078125 0.0609375 0.084375
0 0.13046875 0.665625 0.065625 0.09375
0 0.3953125 0.74140625 0.071875 0.0875
0 0.38671875 0.65546875 0.08125 0.09375
0 0.3875 0.55703125 0.075 0.1
0 0.390625 0.4640625 0.065625 0.103125
0 0.3625 0.328125 0.078125 0.0796875
0 0.36015625 0.2375 0.075 0.0921875
0 0.35859375 0.13828125 0.08125 0.1046875
0 0.3703125 0.06640625 0.06875 0.0890625
0 0.31640625 0.7140625 0.078125 0.10625
0 0.31953125 0.609375 0.078125 0.1046875
0 0.31796875 0.5078125 0.0703125 0.096875
0 0.31328125 0.4125 0.0875 0.1015625
0 0.30703125 0.29140625 0.078125 0.0953125
0 0.28671875 0.16171875 0.0953125 0.09375
0 0.284375 0.07890625 0.071875 0.0875
0 0.25 0.6671875 0.08125 0.1328125
0 0.26171875 0.54375 0.06875 0.103125
0 0.25859375 0.459375 0.071875 0.096875
0 0.25 0.3671875 0.075 0.1078125
0 0.23984375 0.228125 0.078125 0.1
0 0.21875 0.1265625 0.06875 0.090625
0 0.2 0.6109375 0.071875 0.10625
0 0.196875 0.515625 0.090625 0.1265625
0 0.21171875 0.42890625 0.0625 0.09375
0 0.1875 0.32578125 0.06875 0.125
0 0.1640625 0.20234375 0.0625 0.103125
0 0.12109375 0.571875 0.078125 0.0859375
0 0.115625 0.471875 0.0734375 0.096875
0 0.1171875 0.375 0.075 0.1015625
0 0.12734375 0.28125 0.071875 0.084375