0 0.43671875 0.046875 0.03125 0.0265625
0 0.47734375 0.05390625 0.03125 0.0265625
0 0.51171875 0.0359375 0.03125 0.03125
0 0.41484375 0.0609375 0.025 0.01875
0 0.45625 0.0734375 0.028125 0.028125
0 0.490625 0.0828125 0.03125 0.03125
0 0.52109375 0.0875 0.034375 0.0296875
0 0.42890625 0.08671875 0.0328125 0.028125
0 0.46484375 0.0984375 0.0328125 0.0296875
0 0.49453125 0.1109375 0.0328125 0.03125
0 0.525 0.1171875 0.0359375 0.03125
0 0.41171875 0.1078125 0.021875 0.025
0 0.44140625 0.115625 0.03125 0.03125
0 0.47109375 0.12421875 0.03125 0.0328125
0 0.4984375 0.1359375 0.03125 0.03125
0 0.5296875 0.1484375 0.0375 0.03125
0 0.3953125 0.12421875 0.028125 0.0234375
0 0.37734375 0.153125 0.025 0.021875
0 0.40078125 0.14453125 0.025 0.021875
0 0.39921875 0.16484375 0.0265625 0.021875
0 0.41015625 0.1859375 0.028125 0.01875
0 0.41015625 0.209375 0.025 0.021875
0 0.38828125 0.221875 0.025 0.025
0 0.40546875 0.23828125 0.025 0.0203125
0 0.409375 0.26328125 0.0265625 0.01875
0 0.40390625 0.2921875 0.025 0.01875
0 0.4046875 0.321875 0.025 0.0203125
0 0.42265625 0.334375 0.021875 0.01875
0 0.41796875 0.36015625 0.0265625 0.021875
0 0.4140625 0.3875 0.0234375 0.0203125
0 0.4203125 0.13125 0.0265625 0.021875
0 0.44609375 0.13828125 0.0234375 0.025
0 0.46953125 0.15078125 0.03125 0.0265625
0 0.49921875 0.16328125 0.03125 0.03125
0 0.52578125 0.17734375 0.034375 0.028125
0 0.42734375 0.1515625 0.025 0.0234375
0 0.42421875 0.1703125 0.028125 0.0234375
0 0.44765625 0.1625 0.028125 0.0234375
0 0.471875 0.178125 0.034375 0.028125
0 0.5 0.18984375 0.028125 0.025
0 0.5265625 0.2046875 0.03125 0.028125
0 0.446875 0.18359375 0.025 0.021875
0 0.43125 0.19765625 0.025 0.025
0 0.4640625 0.2015625 0.0296875 0.0234375
0 0.4921875 0.21484375 0.0296875 0.025
0 0.5171875 0.23359375 0.034375 0.0296875
0 0.51484375 0.259375 0.03125 0.028125
0 0.5125 0.28671875 0.03125 0.028125
0 0.51015625 0.3140625 0.034375 0.03125
0 0.50703125 0.3390625 0.0359375 0.03125
0 0.503125 0.36640625 0.034375 0.0265625
0 0.50625 0.38984375 0.0375 0.0265625
0 0.4453125 0.21640625 0.025 0.0203125
0 0.44453125 0.23828125 0.025 0.025
0 0.46640625 0.2265625 0.0296875 0.025
0 0.42421875 0.22734375 0.0234375 0.0203125
0 0.42578125 0.24921875 0.0265625 0.021875
0 0.421875 0.27890625 0.0234375 0.025
0 0.42109375 0.30703125 0.021875 0.0203125
0 0.44140625 0.26796875 0.028125 0.025
0 0.43984375 0.2953125 0.0234375 0.0234375
0 0.43984375 0.3203125 0.025 0.021875
0 0.43515625 0.35 0.025 0.021875
0 0.43203125 0.3765625 0.0234375 0.0203125
0 0.43046875 0.4 0.021875 0.0203125
0 0.4640625 0.25625 0.028125 0.0234375
0 0.48984375 0.24375 0.0296875 0.021875
0 0.4875 0.2703125 0.03125 0.025
0 0.459375 0.28125 0.028125 0.025
0 0.4859375 0.29609375 0.03125 0.028125
0 0.45859375 0.309375 0.028125 0.0234375
0 0.45625 0.3375 0.028125 0.0265625
0 0.4546875 0.365625 0.03125 0.0203125
0 0.45234375 0.38828125 0.03125 0.0234375
0 0.48046875 0.32578125 0.0265625 0.025
0 0.47734375 0.3515625 0.025 0.025
0 0.47734375 0.37890625 0.0265625 0.0234375
0 0.45390625 0.4125 0.0296875 0.025
0 0.4140625 0.4140625 0.028125 0.0234375
0 0.478125 0.4015625 0.0265625 0.0234375
0 0.50234375 0.415625 0.0375 0.0296875
0 0.47421875 0.4265625 0.028125 0.025
0 0.49765625 0.43984375 0.034375 0.025
0 0.43359375 0.425 0.021875 0.021875
0 0.45 0.43984375 0.025 0.0234375
0 0.47265625 0.4546875 0.025 0.021875
0 0.5015625 0.4640625 0.03125 0.0234375
0 0.42109375 0.440625 0.0234375 0.021875
0 0.43203125 0.4546875 0.025 0.0203125
0 0.453125 0.46875 0.028125 0.025
0 0.47421875 0.4765625 0.028125 0.021875
0 0.49921875 0.4875 0.03125 0.0265625
0 0.415625 0.4671875 0.0234375 0.0203125
0 0.43046875 0.48125 0.0234375 0.021875
0 0.4515625 0.49140625 0.03125 0.0234375
0 0.47421875 0.50078125 0.025 0.021875
0 0.51015625 0.51015625 0.03125 0.021875
0 0.4125 0.490625 0.025 0.0203125
0 0.4296875 0.5015625 0.0234375 0.0171875
0 0.45546875 0.51796875 0.03125 0.0234375
0 0.48359375 0.51953125 0.025 0.025
0 0.5078125 0.53203125 0.03125 0.021875
0 0.4078125 0.509375 0.0265625 0.021875
0 0.428125 0.52109375 0.028125 0.01875
0 0.41328125 0.53984375 0.0296875 0.021875
0 0.43046875 0.559375 0.0265625 0.021875
0 0.42578125 0.58046875 0.028125 0.021875
0 0.41015625 0.59375 0.028125 0.025
0 0.421875 0.6078125 0.0234375 0.021875
0 0.4078125 0.621875 0.0265625 0.021875
0 0.415625 0.6390625 0.025 0.028125
0 0.415625 0.66015625 0.028125 0.025
0 0.4125 0.6875 0.025 0.01875
0 0.41484375 0.715625 0.025 0.01875
0 0.40859375 0.73984375 0.025 0.0203125
0 0.40390625 0.76796875 0.0234375 0.0203125
0 0.40625 0.79140625 0.0265625 0.01875
0 0.403125 0.81640625 0.025 0.01875
0 0.40078125 0.84453125 0.0265625 0.01875
0 0.44375 0.53671875 0.0265625 0.021875
0 0.48046875 0.5421875 0.0265625 0.021875
0 0.50546875 0.553125 0.025 0.021875
0 0.4546875 0.55390625 0.0265625 0.01875
0 0.48046875 0.56328125 0.0265625 0.025
0 0.50234375 0.5734375 0.0296875 0.021875
0 0.4515625 0.57421875 0.025 0.025
0 0.47109375 0.5859375 0.028125 0.01875
0 0.5 0.59453125 0.0265625 0.021875
0 0.4453125 0.59375 0.03125 0.021875
0 0.459375 0.6078125 0.0328125 0.025
0 0.4890625 0.61640625 0.0359375 0.025
0 0.43671875 0.62265625 0.025 0.0203125
0 0.4578125 0.6296875 0.028125 0.0265625
0 0.48671875 0.64296875 0.034375 0.025
0 0.43828125 0.6484375 0.028125 0.021875
0 0.459375 0.659375 0.028125 0.021875
0 0.484375 0.6703125 0.0375 0.028125
0 0.43671875 0.675 0.0265625 0.021875
0 0.45546875 0.68515625 0.0296875 0.025
0 0.4828125 0.69609375 0.034375 0.03125
0 0.43359375 0.69921875 0.03125 0.025
0 0.45234375 0.71015625 0.025 0.025
0 0.475 0.7234375 0.040625 0.028125
0 0.48046875 0.74921875 0.03125 0.0265625
0 0.434375 0.72578125 0.028125 0.021875
0 0.45 0.7390625 0.028125 0.025
0 0.42734375 0.753125 0.025 0.0234375
0 0.4265625 0.7765625 0.0234375 0.0234375
0 0.425 0.80390625 0.0265625 0.0203125
0 0.4203125 0.828125 0.025 0.025
0 0.41875 0.85546875 0.025 0.021875
0 0.396875 0.8671875 0.025 0.01875
0 0.38984375 0.88671875 0.0234375 0.0203125
0 0.39375 0.9125 0.0265625 0.015625
0 0.4328125 0.9203125 0.028125 0.0203125
0 0.40859375 0.89375 0.025 0.0203125
0 0.41328125 0.8765625 0.025 0.01875
0 0.43359375 0.884375 0.0265625 0.025
0 0.45625 0.8984375 0.03125 0.025
0 0.46484375 0.8765625 0.0359375 0.025
0 0.4484375 0.76171875 0.025 0.021875
0 0.47109375 0.77421875 0.034375 0.0234375
0 0.44453125 0.7875 0.028125 0.025
0 0.46875 0.7984375 0.034375 0.0234375
0 0.440625 0.8140625 0.028125 0.021875
0 0.46796875 0.82421875 0.034375 0.025
0 0.4375 0.8375 0.028125 0.021875
0 0.4640625 0.84765625 0.034375 0.028125
0 0.4359375 0.86171875 0.03125 0.025