0 0.56328125 0.046875 0.03125 0.0265625
0 0.52265625 0.05390625 0.03125 0.0265625
0 0.48828125 0.0359375 0.03125 0.03125
0 0.58515625 0.0609375 0.025 0.01875
0 0.54375 0.0734375 0.028125 0.028125
0 0.509375 0.0828125 0.03125 0.03125
0 0.47890625 0.0875 0.034375 0.0296875
0 0.57109375 0.08671875 0.0328125 0.028125
0 0.53515625 0.0984375 0.0328125 0.0296875
0 0.50546875 0.1109375 0.0328125 0.03125
0 0.475 0.1171875 0.0359375 0.03125
0 0.58828125 0.1078125 0.021875 0.025
0 0.55859375 0.115625 0.03125 0.03125
0 0.52890625 0.12421875 0.03125 0.0328125
0 0.5015625 0.1359375 0.03125 0.03125
0 0.4703125 0.1484375 0.0375 0.03125
0 0.6046875 0.12421875 0.028125 0.0234375
0 0.62265625 0.153125 0.025 0.021875
0 0.59921875 0.14453125 0.025 0.021875
0 0.60078125 0.16484375 0.0265625 0.021875
0 0.58984375 0.1859375 0.028125 0.01875
0 0.58984375 0.209375 0.025 0.021875
0 0.61171875 0.221875 0.025 0.025
0 0.59453125 0.23828125 0.025 0.0203125
0 0.590625 0.26328125 0.0265625 0.01875
0 0.59609375 0.2921875 0.025 0.01875
0 0.5953125 0.321875 0.025 0.0203125
0 0.57734375 0.334375 0.021875 0.01875
0 0.58203125 0.36015625 0.0265625 0.021875
0 0.5859375 0.3875 0.0234375 0.0203125
0 0.5796875 0.13125 0.0265625 0.021875
0 0.55390625 0.13828125 0.0234375 0.025
0 0.53046875 0.15078125 0.03125 0.0265625
0 0.50078125 0.16328125 0.03125 0.03125
0 0.47421875 0.17734375 0.034375 0.028125
0 0.57265625 0.1515625 0.025 0.0234375
0 0.57578125 0.1703125 0.028125 0.0234375
0 0.55234375 0.1625 0.028125 0.0234375
0 0.528125 0.178125 0.034375 0.028125
0 0.5 0.18984375 0.028125 0.025
0 0.4734375 0.2046875 0.03125 0.028125
0 0.553125 0.18359375 0.025 0.021875
0 0.56875 0.19765625 0.025 0.025
0 0.5359375 0.2015625 0.0296875 0.0234375
0 0.5078125 0.21484375 0.0296875 0.025
0 0.4828125 0.23359375 0.034375 0.0296875
0 0.48515625 0.259375 0.03125 0.028125
0 0.4875 0.28671875 0.03125 0.028125
0 0.48984375 0.3140625 0.034375 0.03125
0 0.49296875 0.3390625 0.0359375 0.03125
0 0.496875 0.36640625 0.034375 0.0265625
0 0.49375 0.38984375 0.0375 0.0265625
0 0.5546875 0.21640625 0.025 0.0203125
0 0.55546875 0.23828125 0.025 0.025
0 0.53359375 0.2265625 0.0296875 0.025
0 0.57578125 0.22734375 0.0234375 0.0203125
0 0.57421875 0.24921875 0.0265625 0.021875
0 0.578125 0.27890625 0.0234375 0.025
0 0.57890625 0.30703125 0.021875 0.0203125
0 0.55859375 0.26796875 0.028125 0.025
0 0.56015625 0.2953125 0.0234375 0.0234375
0 0.56015625 0.3203125 0.025 0.021875
0 0.56484375 0.35 0.025 0.021875
0 0.56796875 0.3765625 0.0234375 0.0203125
0 0.56953125 0.4 0.021875 0.0203125
0 0.5359375 0.25625 0.028125 0.0234375
0 0.51015625 0.24375 0.0296875 0.021875
0 0.5125 0.2703125 0.03125 0.025
0 0.540625 0.28125 0.028125 0.025
0 0.5140625 0.29609375 0.03125 0.028125
0 0.54140625 0.309375 0.028125 0.0234375
0 0.54375 0.3375 0.028125 0.0265625
0 0.5453125 0.365625 0.03125 0.0203125
0 0.54765625 0.38828125 0.03125 0.0234375
0 0.51953125 0.32578125 0.0265625 0.025
0 0.52265625 0.3515625 0.025 0.025
0 0.52265625 0.37890625 0.0265625 0.0234375
0 0.54609375 0.4125 0.0296875 0.025
0 0.5859375 0.4140625 0.028125 0.0234375
0 0.521875 0.4015625 0.0265625 0.0234375
0 0.49765625 0.415625 0.0375 0.0296875
0 0.52578125 0.4265625 0.028125 0.025
0 0.50234375 0.43984375 0.034375 0.025
0 0.56640625 0.425 0.021875 0.021875
0 0.55 0.43984375 0.025 0.0234375
0 0.52734375 0.4546875 0.025 0.021875
0 0.4984375 0.4640625 0.03125 0.0234375
0 0.57890625 0.440625 0.0234375 0.021875
0 0.56796875 0.4546875 0.025 0.0203125
0 0.546875 0.46875 0.028125 0.025
0 0.52578125 0.4765625 0.028125 0.021875
0 0.50078125 0.4875 0.03125 0.0265625
0 0.584375 0.4671875 0.0234375 0.0203125
0 0.56953125 0.48125 0.0234375 0.021875
0 0.5484375 0.49140625 0.03125 0.0234375
0 0.52578125 0.50078125 0.025 0.021875
0 0.48984375 0.51015625 0.03125 0.021875
0 0.5875 0.490625 0.025 0.0203125
0 0.5703125 0.5015625 0.0234375 0.0171875
0 0.54453125 0.51796875 0.03125 0.0234375
0 0.51640625 0.51953125 0.025 0.025
0 0.4921875 0.53203125 0.03125 0.021875
0 0.5921875 0.509375 0.0265625 0.021875
0 0.571875 0.52109375 0.028125 0.01875
0 0.58671875 0.53984375 0.0296875 0.021875
0 0.56953125 0.559375 0.0265625 0.021875
0 0.57421875 0.58046875 0.028125 0.021875
0 0.58984375 0.59375 0.028125 0.025
0 0.578125 0.6078125 0.0234375 0.021875
0 0.5921875 0.621875 0.0265625 0.021875
0 0.584375 0.6390625 0.025 0.028125
0 0.584375 0.66015625 0.028125 0.025
0 0.5875 0.6875 0.025 0.01875
0 0.58515625 0.715625 0.025 0.01875
0 0.59140625 0.73984375 0.025 0.0203125
0 0.59609375 0.76796875 0.0234375 0.0203125
0 0.59375 0.79140625 0.0265625 0.01875
0 0.596875 0.81640625 0.025 0.01875
0 0.59921875 0.84453125 0.0265625 0.01875
0 0.55625 0.53671875 0.0265625 0.021875
0 0.51953125 0.5421875 0.0265625 0.021875
0 0.49453125 0.553125 0.025 0.021875
0 0.5453125 0.55390625 0.0265625 0.01875
0 0.51953125 0.56328125 0.0265625 0.025
0 0.49765625 0.5734375 0.0296875 0.021875
0 0.5484375 0.57421875 0.025 0.025
0 0.52890625 0.5859375 0.028125 0.01875
0 0.5 0.59453125 0.0265625 0.021875
0 0.5546875 0.59375 0.03125 0.021875
0 0.540625 0.6078125 0.0328125 0.025
0 0.5109375 0.61640625 0.0359375 0.025
0 0.56328125 0.62265625 0.025 0.0203125
0 0.5421875 0.6296875 0.028125 0.0265625
0 0.51328125 0.64296875 0.034375 0.025
0 0.56171875 0.6484375 0.028125 0.021875
0 0.540625 0.659375 0.028125 0.021875
0 0.515625 0.6703125 0.0375 0.028125
0 0.56328125 0.675 0.0265625 0.021875
0 0.54453125 0.68515625 0.0296875 0.025
0 0.5171875 0.69609375 0.034375 0.03125
0 0.56640625 0.69921875 0.03125 0.025
0 0.54765625 0.71015625 0.025 0.025
0 0.525 0.7234375 0.040625 0.028125
0 0.51953125 0.74921875 0.03125 0.0265625
0 0.565625 0.72578125 0.028125 0.021875
0 0.55 0.7390625 0.028125 0.025
0 0.57265625 0.753125 0.025 0.0234375
0 0.5734375 0.7765625 0.0234375 0.0234375
0 0.575 0.80390625 0.0265625 0.0203125
0 0.5796875 0.828125 0.025 0.025
0 0.58125 0.85546875 0.025 0.021875
0 0.603125 0.8671875 0.025 0.01875
0 0.61015625 0.88671875 0.0234375 0.0203125
0 0.60625 0.9125 0.0265625 0.015625
0 0.5671875 0.9203125 0.028125 0.0203125
0 0.59140625 0.89375 0.025 0.0203125
0 0.58671875 0.8765625 0.025 0.01875
0 0.56640625 0.884375 0.0265625 0.025
0 0.54375 0.8984375 0.03125 0.025
0 0.53515625 0.8765625 0.0359375 0.025
0 0.5515625 0.76171875 0.025 0.021875
0 0.52890625 0.77421875 0.034375 0.0234375
0 0.55546875 0.7875 0.028125 0.025
0 0.53125 0.7984375 0.034375 0.0234375
0 0.559375 0.8140625 0.028125 0.021875
0 0.53203125 0.82421875 0.034375 0.025
0 0.5625 0.8375 0.028125 0.021875
0 0.5359375 0.84765625 0.034375 0.028125
0 0.5640625 0.86171875 0.03125 0.025