0 0.859375 0.32734375 0.053125 0.053125
0 0.87890625 0.38203125 0.046875 0.059375
0 0.9140625 0.41640625 0.0453125 0.053125
0 0.909375 0.47421875 0.04375 0.05
0 0.9140625 0.53203125 0.0359375 0.065625
0 0.903125 0.609375 0.040625 0.053125
0 0.85703125 0.63203125 0.0390625 0.046875
0 0.8453125 0.68359375 0.040625 0.053125
0 0.809375 0.7046875 0.040625 0.046875
0 0.76953125 0.70703125 0.040625 0.05625
0 0.8328125 0.29453125 0.046875 0.0625
0 0.7921875 0.27578125 0.046875 0.0625
0 0.7484375 0.25234375 0.05 0.0625
0 0.6828125 0.24140625 0.046875 0.05625
0 0.63203125 0.24453125 0.0453125 0.053125
0 0.5921875 0.24453125 0.046875 0.059375
0 0.553125 0.24453125 0.046875 0.05625
0 0.51640625 0.26328125 0.040625 0.053125
0 0.46953125 0.2453125 0.04375 0.0625
0 0.43046875 0.2546875 0.046875 0.05625
0 0.3875 0.24609375 0.0375 0.0625
0 0.346875 0.24765625 0.040625 0.05
0 0.31015625 0.25 0.0390625 0.05625
0 0.2765625 0.28671875 0.040625 0.059375
0 0.2296875 0.24921875 0.034375 0.053125
0 0.2171875 0.29921875 0.034375 0.05
0 0.19375 0.253125 0.034375 0.053125
0 0.1515625 0.26171875 0.040625 0.059375
0 0.121875 0.26796875 0.0421875 0.053125
0 0.065625 0.31015625 0.0375 0.05625
0 0.0359375 0.353125 0.04375 0.065625
0 0.7875 0.33359375 0.059375 0.05
0 0.8328125 0.37265625 0.05 0.046875
0 0.846875 0.42421875 0.053125 0.05
0 0.834375 0.47265625 0.040625 0.053125
0 0.84921875 0.53359375 0.0390625 0.05
0 0.80625 0.58828125 0.05 0.05625
0 0.8171875 0.628125 0.05 0.05
0 0.828125 0.56640625 0.0375 0.046875
0 0.79453125 0.67265625 0.0515625 0.0625
0 0.746875 0.66171875 0.04375 0.053125
0 0.7765625 0.62734375 0.053125 0.053125
0 0.7234375 0.69296875 0.0375 0.04375
0 0.6875 0.7015625 0.0375 0.04375
0 0.64140625 0.71875 0.040625 0.046875
0 0.5890625 0.6953125 0.040625 0.04375
0 0.55 0.69921875 0.0375 0.053125
0 0.5125 0.6828125 0.0375 0.05
0 0.4734375 0.69765625 0.0375 0.05
0 0.428125 0.68515625 0.0375 0.046875
0 0.3734375 0.69609375 0.040625 0.046875
0 0.31875 0.71015625 0.040625 0.05
0 0.275 0.703125 0.040625 0.05625
0 0.22734375 0.7140625 0.0421875 0.05625
0 0.2 0.69453125 0.034375 0.046875
0 0.1578125 0.69296875 0.034375 0.05
0 0.134375 0.66015625 0.0375 0.046875
0 0.096875 0.7046875 0.040625 0.05
0 0.0515625 0.68828125 0.034375 0.04375
0 0.0484375 0.63828125 0.0421875 0.05
0 0.73125 0.32890625 0.046875 0.053125
0 0.69765625 0.29296875 0.0546875 0.0625
0 0.6546875 0.28984375 0.04375 0.05625
0 0.6171875 0.29140625 0.046875 0.05625
0 0.58046875 0.3203125 0.04375 0.05625
0 0.5484375 0.29453125 0.0453125 0.065625
0 0.5078125 0.31796875 0.0484375 0.0625
0 0.4484375 0.29765625 0.040625 0.05625
0 0.471875 0.34765625 0.046875 0.059375
0 0.4078125 0.29765625 0.04375 0.059375
0 0.3671875 0.29921875 0.040625 0.0625
0 0.32578125 0.30546875 0.0421875 0.05625
0 0.271875 0.33515625 0.04375 0.059375
0 0.23125 0.35390625 0.04375 0.059375
0 0.18515625 0.35546875 0.040625 0.059375
0 0.1296875 0.31796875 0.0375 0.053125
0 0.10625 0.31484375 0.034375 0.053125
0 0.1859375 0.30078125 0.0375 0.05
0 0.08203125 0.3546875 0.0375 0.05
0 0.1203125 0.36796875 0.04375 0.059375
0 0.1640625 0.39453125 0.034375 0.053125
0 0.2 0.39296875 0.0390625 0.046875
0 0.121875 0.4015625 0.04375 0.05
0 0.06796875 0.39921875 0.0359375 0.05
0 0.02890625 0.4 0.0359375 0.05625
0 0.24140625 0.39296875 0.0390625 0.046875
0 0.2921875 0.38125 0.040625 0.05625
0 0.3125 0.34765625 0.046875 0.04375
0 0.3625 0.34609375 0.0515625 0.05
0 0.3375 0.38828125 0.040625 0.05
0 0.37578125 0.39296875 0.046875 0.05
0 0.39453125 0.35546875 0.0390625 0.053125
0 0.43515625 0.36328125 0.0421875 0.05625
0 0.68125 0.3390625 0.046875 0.05625
0 0.640625 0.3328125 0.040625 0.05625
0 0.6046875 0.359375 0.040625 0.053125
0 0.78984375 0.38515625 0.0453125 0.053125
0 0.80703125 0.45078125 0.04375 0.053125
0 0.7875 0.5328125 0.046875 0.053125
0 0.7578125 0.57421875 0.040625 0.05625
0 0.734375 0.62421875 0.05 0.05625
0 0.709375 0.66484375 0.040625 0.05625
0 0.665625 0.67578125 0.05 0.053125
0 0.75 0.37734375 0.053125 0.059375
0 0.7625 0.43203125 0.05 0.05625
0 0.75625 0.4828125 0.0578125 0.05625
0 0.734375 0.53203125 0.04375 0.059375
0 0.70625 0.571875 0.05625 0.06875
0 0.684375 0.621875 0.05 0.053125
0 0.72109375 0.43828125 0.0375 0.05
0 0.709375 0.49140625 0.040625 0.05
0 0.68046875 0.5359375 0.0484375 0.0625
0 0.6546875 0.5703125 0.053125 0.04375
0 0.640625 0.61640625 0.046875 0.053125
0 0.6046875 0.6375 0.0546875 0.046875
0 0.5734375 0.615625 0.04375 0.053125
0 0.54375 0.63515625 0.03125 0.04375
0 0.70625 0.384375 0.04375 0.05625
0 0.65703125 0.38046875 0.046875 0.059375
0 0.56953125 0.3796875 0.0375 0.05625
0 0.5375 0.3515625 0.040625 0.053125
0 0.5078125 0.38828125 0.040625 0.059375
0 0.465625 0.39921875 0.034375 0.053125
0 0.41640625 0.39921875 0.040625 0.05
0 0.67578125 0.42109375 0.034375 0.053125
0 0.63125 0.42734375 0.040625 0.053125
0 0.58984375 0.41875 0.040625 0.059375
0 0.659375 0.47734375 0.05625 0.05625
0 0.634375 0.52421875 0.05 0.0625
0 0.609375 0.48046875 0.04375 0.05625
0 0.57890625 0.5171875 0.04375 0.05625
0 0.559375 0.5625 0.0484375 0.059375
0 0.60859375 0.59140625 0.0515625 0.065625
0 0.540625 0.4140625 0.04375 0.05625
0 0.4921875 0.43671875 0.040625 0.05625
0 0.5265625 0.46328125 0.05 0.0625
0 0.565625 0.46875 0.05 0.053125
0 0.534375 0.5140625 0.046875 0.05625
0 0.5203125 0.575 0.0484375 0.071875
0 0.50078125 0.64609375 0.04375 0.053125
0 0.4921875 0.48203125 0.0421875 0.05625
0 0.490625 0.53203125 0.05 0.059375
0 0.48203125 0.58671875 0.040625 0.04375
0 0.4625 0.63515625 0.0421875 0.053125
0 0.459375 0.46015625 0.046875 0.053125
0 0.4203125 0.44921875 0.034375 0.053125
0 0.3921875 0.43671875 0.0328125 0.046875
0 0.3453125 0.4359375 0.040625 0.05
0 0.3078125 0.43125 0.0375 0.059375
0 0.2828125 0.42734375 0.04375 0.065625
0 0.225 0.43828125 0.04375 0.059375
0 0.1875 0.43984375 0.046875 0.05625
0 0.140625 0.43671875 0.040625 0.053125
0 0.0875 0.45078125 0.04375 0.05
0 0.0484375 0.44921875 0.040625 0.05625
0 0.0171875 0.45390625 0.034375 0.065625
0 0.0234375 0.49296875 0.04375 0.05
0 0.0359375 0.54921875 0.046875 0.053125
0 0.028125 0.596875 0.046875 0.05
0 0.071875 0.49296875 0.04375 0.053125
0 0.0765625 0.54609375 0.04375 0.059375
0 0.06328125 0.59765625 0.0453125 0.0625
0 0.10234375 0.628125 0.0328125 0.046875
0 0.13125 0.47890625 0.0328125 0.053125
0 0.115625 0.5421875 0.05 0.0625
0 0.103125 0.58359375 0.04375 0.05
0 0.14375 0.58828125 0.0375 0.04375
0 0.18046875 0.59453125 0.0453125 0.059375
0 0.175 0.64140625 0.03125 0.065625
0 0.2140625 0.621875 0.040625 0.046875
0 0.25390625 0.66015625 0.0421875 0.040625
0 0.44921875 0.51640625 0.0484375 0.065625
0 0.4453125 0.571875 0.0375 0.046875
0 0.428125 0.62265625 0.053125 0.053125
0 0.3890625 0.6515625 0.0421875 0.05
0 0.3421875 0.66484375 0.05 0.05
0 0.30390625 0.640625 0.0421875 0.059375
0 0.2671875 0.61953125 0.0421875 0.046875
0 0.39921875 0.5796875 0.0453125 0.05625
0 0.3890625 0.49609375 0.05 0.05625
0 0.3765625 0.52890625 0.0375 0.05
0 0.34921875 0.56484375 0.0328125 0.046875
0 0.36015625 0.61953125 0.04375 0.05625
0 0.3296875 0.60859375 0.040625 0.046875
0 0.3328125 0.52578125 0.0359375 0.053125
0 0.30625 0.5234375 0.04375 0.0625
0 0.2578125 0.528125 0.040625 0.04375
0 0.29375 0.47109375 0.03125 0.04375
0 0.3609375 0.48515625 0.040625 0.053125
0 0.215625 0.4890625 0.0390625 0.05625
0 0.1765625 0.4859375 0.046875 0.05625
0 0.171875 0.5328125 0.034375 0.053125
0 0.23828125 0.52734375 0.0296875 0.053125
0 0.234375 0.58359375 0.0359375 0.046875
0 0.2828125 0.57890625 0.0421875 0.053125
0 0.2515625 0.571875 0.040625 0.053125
0 0.88203125 0.56796875 0.04375 0.05
0 0.8890625 0.51171875 0.046875 0.053125
0 0.88203125 0.4546875 0.0421875 0.05625