0 0.621875 0.728125 0.0640625 0.0453125
0 0.64375 0.66015625 0.0578125 0.04375
0 0.634375 0.61796875 0.065625 0.04375
0 0.58828125 0.6359375 0.0578125 0.0484375
0 0.58359375 0.6953125 0.0609375 0.0375
0 0.53046875 0.79921875 0.065625 0.040625
0 0.57109375 0.73984375 0.05625 0.040625
0 0.51640625 0.75 0.0578125 0.040625
0 0.434375 0.825 0.0421875 0.03125
0 0.425 0.8 0.04375 0.03125
0 0.4125 0.76796875 0.0453125 0.0328125
0 0.41796875 0.72109375 0.053125 0.040625
0 0.46171875 0.74921875 0.05625 0.040625
0 0.346875 0.73046875 0.05625 0.04375
0 0.471875 0.71796875 0.0625 0.040625
0 0.5296875 0.70703125 0.0609375 0.04375
0 0.38515625 0.6828125 0.0546875 0.04375
0 0.3265625 0.69375 0.053125 0.040625
0 0.4453125 0.6796875 0.059375 0.040625
0 0.46015625 0.63359375 0.0578125 0.04375
0 0.5265625 0.66796875 0.0703125 0.0375
0 0.32578125 0.659375 0.053125 0.04375
0 0.3125 0.60390625 0.053125 0.040625
0 0.35859375 0.63125 0.053125 0.04375
0 0.37109375 0.58828125 0.05 0.040625
0 0.4140625 0.6078125 0.05625 0.04375
0 0.41171875 0.64921875 0.05625 0.0375
0 0.446875 0.5734375 0.0578125 0.04375
0 0.39296875 0.559375 0.05625 0.040625
0 0.31875 0.56015625 0.053125 0.0421875
0 0.53046875 0.62734375 0.0625 0.0421875
0 0.56953125 0.5859375 0.0578125 0.0421875
0 0.51328125 0.578125 0.05625 0.0453125
0 0.65390625 0.56328125 0.0625 0.0390625
0 0.64453125 0.525 0.0609375 0.0453125
0 0.59375 0.5484375 0.0609375 0.0421875
0 0.53828125 0.52265625 0.059375 0.040625
0 0.4796875 0.5421875 0.0625 0.04375
0 0.42734375 0.52578125 0.059375 0.040625
0 0.34921875 0.52890625 0.05 0.04375
0 0.3375 0.48125 0.0515625 0.04375
0 0.396875 0.47421875 0.040625 0.0421875
0 0.43984375 0.48046875 0.05625 0.04375
0 0.49140625 0.5015625 0.059375 0.04375
0 0.5484375 0.478125 0.0609375 0.040625
0 0.58984375 0.50625 0.0625 0.040625
0 0.52421875 0.42265625 0.0578125 0.046875
0 0.4859375 0.45859375 0.059375 0.040625
0 0.4671875 0.41875 0.053125 0.0453125
0 0.4140625 0.4359375 0.053125 0.0453125
0 0.36171875 0.4390625 0.05625 0.04375
0 0.325 0.415625 0.05625 0.046875
0 0.3125 0.3671875 0.0609375 0.0421875
0 0.3828125 0.3984375 0.0578125 0.040625
0 0.4328125 0.3875 0.05625 0.0453125
0 0.50625 0.35859375 0.05625 0.04375
0 0.4203125 0.328125 0.05625 0.04375
0 0.371875 0.34140625 0.053125 0.0421875
0 0.315625 0.30859375 0.05625 0.04375
0 0.4265625 0.2859375 0.05625 0.04375
0 0.38359375 0.25234375 0.053125 0.0421875
0 0.3375 0.22578125 0.059375 0.046875
0 0.36171875 0.1859375 0.0625 0.046875
0 0.31640625 0.1953125 0.0453125 0.04375
0 0.3375 0.14921875 0.0546875 0.046875