0 0.728125 0.378125 0.0453125 0.0640625
0 0.66015625 0.35625 0.04375 0.0578125
0 0.61796875 0.365625 0.04375 0.065625
0 0.6359375 0.41171875 0.0484375 0.0578125
0 0.6953125 0.41640625 0.0375 0.0609375
0 0.79921875 0.46953125 0.040625 0.065625
0 0.73984375 0.42890625 0.040625 0.05625
0 0.75 0.48359375 0.040625 0.0578125
0 0.825 0.565625 0.03125 0.0421875
0 0.8 0.575 0.03125 0.04375
0 0.76796875 0.5875 0.0328125 0.0453125
0 0.72109375 0.58203125 0.040625 0.053125
0 0.74921875 0.53828125 0.040625 0.05625
0 0.73046875 0.653125 0.04375 0.05625
0 0.71796875 0.528125 0.040625 0.0625
0 0.70703125 0.4703125 0.04375 0.0609375
0 0.6828125 0.61484375 0.04375 0.0546875
0 0.69375 0.6734375 0.040625 0.053125
0 0.6796875 0.5546875 0.040625 0.059375
0 0.63359375 0.53984375 0.04375 0.0578125
0 0.66796875 0.4734375 0.0375 0.0703125
0 0.659375 0.67421875 0.04375 0.053125
0 0.60390625 0.6875 0.040625 0.053125
0 0.63125 0.64140625 0.04375 0.053125
0 0.58828125 0.62890625 0.040625 0.05
0 0.6078125 0.5859375 0.04375 0.05625
0 0.64921875 0.58828125 0.0375 0.05625
0 0.5734375 0.553125 0.04375 0.0578125
0 0.559375 0.60703125 0.040625 0.05625
0 0.56015625 0.68125 0.0421875 0.053125
0 0.62734375 0.46953125 0.0421875 0.0625
0 0.5859375 0.43046875 0.0421875 0.0578125
0 0.578125 0.48671875 0.0453125 0.05625
0 0.56328125 0.34609375 0.0390625 0.0625
0 0.525 0.35546875 0.0453125 0.0609375
0 0.5484375 0.40625 0.0421875 0.0609375
0 0.52265625 0.46171875 0.040625 0.059375
0 0.5421875 0.5203125 0.04375 0.0625
0 0.52578125 0.57265625 0.040625 0.059375
0 0.52890625 0.65078125 0.04375 0.05
0 0.48125 0.6625 0.04375 0.0515625
0 0.47421875 0.603125 0.0421875 0.040625
0 0.48046875 0.56015625 0.04375 0.05625
0 0.5015625 0.50859375 0.04375 0.059375
0 0.478125 0.4515625 0.040625 0.0609375
0 0.50625 0.41015625 0.040625 0.0625
0 0.42265625 0.47578125 0.046875 0.0578125
0 0.45859375 0.5140625 0.040625 0.059375
0 0.41875 0.5328125 0.0453125 0.053125
0 0.4359375 0.5859375 0.0453125 0.053125
0 0.4390625 0.63828125 0.04375 0.05625
0 0.415625 0.675 0.046875 0.05625
0 0.3671875 0.6875 0.0421875 0.0609375
0 0.3984375 0.6171875 0.040625 0.0578125
0 0.3875 0.5671875 0.0453125 0.05625
0 0.35859375 0.49375 0.04375 0.05625
0 0.328125 0.5796875 0.04375 0.05625
0 0.34140625 0.628125 0.0421875 0.053125
0 0.30859375 0.684375 0.04375 0.05625
0 0.2859375 0.5734375 0.04375 0.05625
0 0.25234375 0.61640625 0.0421875 0.053125
0 0.22578125 0.6625 0.046875 0.059375
0 0.1859375 0.63828125 0.046875 0.0625
0 0.1953125 0.68359375 0.04375 0.0453125
0 0.14921875 0.6625 0.046875 0.0546875