0 0.77734375 0.71015625 0.0375 0.05
0 0.71953125 0.78125 0.0375 0.05
0 0.6890625 0.796875 0.0328125 0.0515625
0 0.64140625 0.79453125 0.028125 0.046875
0 0.584375 0.775 0.03125 0.053125
0 0.73828125 0.72109375 0.040625 0.053125
0 0.66171875 0.75390625 0.03125 0.05
0 0.61875 0.7421875 0.03125 0.046875
0 0.6703125 0.709375 0.0375 0.05
0 0.7765625 0.65390625 0.0375 0.05
0 0.7765625 0.59375 0.0375 0.0515625
0 0.78046875 0.54453125 0.0390625 0.05
0 0.7828125 0.4859375 0.0375 0.05
0 0.7390625 0.6671875 0.034375 0.0515625
0 0.70703125 0.69296875 0.034375 0.046875
0 0.68125 0.66328125 0.03125 0.0453125
0 0.709375 0.64140625 0.0296875 0.04375
0 0.7390625 0.609375 0.0390625 0.05
0 0.70859375 0.5734375 0.0359375 0.0484375
0 0.6734375 0.6015625 0.034375 0.046875
0 0.5890625 0.71640625 0.03125 0.05
0 0.56875 0.7515625 0.025 0.046875
0 0.5625 0.70546875 0.028125 0.05
0 0.53984375 0.70546875 0.028125 0.05
0 0.5859375 0.66796875 0.03125 0.04375
0 0.63828125 0.68203125 0.0359375 0.053125
0 0.61328125 0.646875 0.028125 0.0453125
0 0.6546875 0.62890625 0.03125 0.04375
0 0.73828125 0.53671875 0.034375 0.0453125
0 0.74453125 0.4890625 0.034375 0.046875
0 0.7046875 0.49921875 0.0375 0.0484375
0 0.66015625 0.5703125 0.03125 0.046875
0 0.6234375 0.5859375 0.0296875 0.05
0 0.603125 0.61796875 0.0296875 0.040625
0 0.5765625 0.5921875 0.0265625 0.0453125
0 0.6046875 0.5703125 0.025 0.040625
0 0.6171875 0.53359375 0.034375 0.0453125
0 0.675 0.528125 0.034375 0.04375
0 0.67265625 0.46953125 0.034375 0.046875
0 0.5484375 0.6609375 0.028125 0.04375
0 0.52265625 0.66328125 0.021875 0.040625
0 0.5046875 0.61875 0.0296875 0.046875
0 0.54453125 0.61640625 0.03125 0.04375
0 0.54765625 0.57265625 0.03125 0.04375
0 0.51328125 0.575 0.0265625 0.0453125
0 0.521875 0.534375 0.025 0.046875
0 0.5484375 0.5140625 0.025 0.040625
0 0.571875 0.54765625 0.025 0.040625
0 0.5765625 0.4984375 0.028125 0.04375
0 0.61484375 0.49921875 0.028125 0.0359375
0 0.62734375 0.45703125 0.03125 0.046875
0 0.603125 0.45703125 0.021875 0.040625
0 0.571875 0.46015625 0.028125 0.0390625
0 0.54296875 0.475 0.028125 0.0359375
0 0.5125 0.46796875 0.0265625 0.04375
0 0.76484375 0.44609375 0.0359375 0.046875
0 0.77734375 0.40234375 0.040625 0.046875
0 0.7640625 0.35625 0.0359375 0.0453125
0 0.73671875 0.4140625 0.034375 0.04375
0 0.72578125 0.4703125 0.028125 0.034375
0 0.7 0.42890625 0.0296875 0.040625
0 0.696875 0.39609375 0.03125 0.034375
0 0.659375 0.43359375 0.03125 0.040625
0 0.65 0.3921875 0.03125 0.0421875
0 0.67109375 0.353125 0.0328125 0.0390625
0 0.72734375 0.3609375 0.034375 0.0453125
0 0.73359375 0.3015625 0.0328125 0.040625
0 0.725 0.2796875 0.0328125 0.040625
0 0.70390625 0.32578125 0.034375 0.04375
0 0.66484375 0.29765625 0.0328125 0.0453125
0 0.6796875 0.25625 0.034375 0.0453125
0 0.6453125 0.275 0.0328125 0.0453125
0 0.60078125 0.25234375 0.03125 0.04375
0 0.63671875 0.3640625 0.03125 0.0375
0 0.63359375 0.32734375 0.0296875 0.034375
0 0.6 0.31015625 0.0296875 0.040625
0 0.5796875 0.26875 0.0296875 0.046875
0 0.553125 0.27734375 0.0296875 0.0421875
0 0.5546875 0.315625 0.03125 0.040625
0 0.5984375 0.353125 0.034375 0.040625
0 0.5671875 0.3609375 0.028125 0.040625
0 0.53984375 0.35390625 0.028125 0.0390625
0 0.53125 0.3203125 0.025 0.0375
0 0.5125 0.35390625 0.028125 0.040625
0 0.52109375 0.3984375 0.028125 0.0375
0 0.5421875 0.4359375 0.028125 0.0390625
0 0.57109375 0.4171875 0.028125 0.040625
0 0.553125 0.39921875 0.025 0.0375
0 0.62421875 0.4171875 0.0328125 0.046875
0 0.59921875 0.4015625 0.028125 0.040625