0 0.77734375 0.28984375 0.0375 0.05
0 0.71953125 0.21875 0.0375 0.05
0 0.6890625 0.203125 0.0328125 0.05
0 0.64140625 0.20546875 0.028125 0.046875
0 0.584375 0.225 0.03125 0.053125
0 0.73828125 0.27890625 0.040625 0.053125
0 0.66171875 0.24609375 0.03125 0.05
0 0.61875 0.2578125 0.03125 0.046875
0 0.6703125 0.290625 0.0375 0.05
0 0.7765625 0.34609375 0.0375 0.05
0 0.7765625 0.40625 0.0375 0.0515625
0 0.78046875 0.45546875 0.0390625 0.05
0 0.7828125 0.5140625 0.0375 0.05
0 0.7390625 0.3328125 0.034375 0.0515625
0 0.70703125 0.30703125 0.034375 0.046875
0 0.68125 0.33671875 0.03125 0.0453125
0 0.709375 0.35859375 0.0296875 0.04375
0 0.7390625 0.390625 0.0390625 0.05
0 0.70859375 0.4265625 0.0359375 0.0484375
0 0.6734375 0.3984375 0.034375 0.046875
0 0.5890625 0.28359375 0.03125 0.05
0 0.56875 0.2484375 0.025 0.046875
0 0.5625 0.29453125 0.028125 0.05
0 0.53984375 0.29453125 0.028125 0.05
0 0.5859375 0.33203125 0.03125 0.04375
0 0.63828125 0.31796875 0.0359375 0.053125
0 0.61328125 0.353125 0.028125 0.0453125
0 0.6546875 0.37109375 0.03125 0.04375
0 0.73828125 0.46328125 0.034375 0.0453125
0 0.74453125 0.5109375 0.034375 0.046875
0 0.7046875 0.50078125 0.0375 0.0484375
0 0.66015625 0.4296875 0.03125 0.046875
0 0.6234375 0.4140625 0.0296875 0.05
0 0.603125 0.38203125 0.0296875 0.040625
0 0.5765625 0.4078125 0.0265625 0.0453125
0 0.6046875 0.4296875 0.025 0.040625
0 0.6171875 0.46640625 0.034375 0.0453125
0 0.675 0.471875 0.034375 0.04375
0 0.67265625 0.53046875 0.034375 0.046875
0 0.5484375 0.3390625 0.028125 0.04375
0 0.52265625 0.33671875 0.021875 0.040625
0 0.5046875 0.38125 0.0296875 0.046875
0 0.54453125 0.38359375 0.03125 0.04375
0 0.54765625 0.42734375 0.03125 0.04375
0 0.51328125 0.425 0.0265625 0.0453125
0 0.521875 0.465625 0.025 0.046875
0 0.5484375 0.4859375 0.025 0.040625
0 0.571875 0.45234375 0.025 0.040625
0 0.5765625 0.5015625 0.028125 0.04375
0 0.61484375 0.50078125 0.028125 0.0359375
0 0.62734375 0.54296875 0.03125 0.046875
0 0.603125 0.54296875 0.021875 0.040625
0 0.571875 0.53984375 0.028125 0.0390625
0 0.54296875 0.525 0.028125 0.0359375
0 0.5125 0.53203125 0.0265625 0.04375
0 0.76484375 0.55390625 0.0359375 0.046875
0 0.77734375 0.59765625 0.040625 0.046875
0 0.7640625 0.64375 0.0359375 0.0453125
0 0.73671875 0.5859375 0.034375 0.04375
0 0.72578125 0.5296875 0.028125 0.034375
0 0.7 0.57109375 0.0296875 0.040625
0 0.696875 0.60390625 0.03125 0.034375
0 0.659375 0.56640625 0.03125 0.040625
0 0.65 0.6078125 0.03125 0.0421875
0 0.67109375 0.646875 0.0328125 0.0390625
0 0.72734375 0.6390625 0.034375 0.0453125
0 0.73359375 0.6984375 0.0328125 0.040625
0 0.725 0.7203125 0.0328125 0.040625
0 0.70390625 0.67421875 0.034375 0.04375
0 0.66484375 0.70234375 0.0328125 0.0453125
0 0.6796875 0.74375 0.034375 0.0453125
0 0.6453125 0.725 0.0328125 0.0453125
0 0.60078125 0.74765625 0.03125 0.04375
0 0.63671875 0.6359375 0.03125 0.0375
0 0.63359375 0.67265625 0.0296875 0.034375
0 0.6 0.68984375 0.0296875 0.040625
0 0.5796875 0.73125 0.0296875 0.046875
0 0.553125 0.72265625 0.0296875 0.0421875
0 0.5546875 0.684375 0.03125 0.040625
0 0.5984375 0.646875 0.034375 0.040625
0 0.5671875 0.6390625 0.028125 0.040625
0 0.53984375 0.64609375 0.028125 0.0390625
0 0.53125 0.6796875 0.025 0.0375
0 0.5125 0.64609375 0.028125 0.040625
0 0.52109375 0.6015625 0.028125 0.0375
0 0.5421875 0.5640625 0.028125 0.0390625
0 0.57109375 0.5828125 0.028125 0.040625
0 0.553125 0.60078125 0.025 0.0375
0 0.62421875 0.5828125 0.0328125 0.046875
0 0.59921875 0.5984375 0.028125 0.040625