0 0.15703125 0.59140625 0.08125 0.0671875
0 0.17421875 0.4796875 0.0875 0.05625
0 0.22421875 0.4265625 0.084375 0.059375
0 0.23359375 0.69921875 0.084375 0.059375
0 0.30390625 0.65625 0.075 0.059375
0 0.246875 0.6109375 0.090625 0.0578125
0 0.30546875 0.5625 0.084375 0.0625
0 0.3796875 0.54296875 0.0765625 0.05625
0 0.34296875 0.4875 0.08125 0.059375
0 0.26328125 0.4828125 0.0875 0.0625
0 0.31171875 0.43515625 0.08125 0.0625
0 0.28828125 0.371875 0.075 0.0609375
0 0.31796875 0.30234375 0.084375 0.0625
0 0.37265625 0.35546875 0.0828125 0.0578125
0 0.409375 0.3 0.08125 0.059375
0 0.46953125 0.26796875 0.078125 0.053125
0 0.5234375 0.21640625 0.0671875 0.0515625
0 0.55 0.26953125 0.0796875 0.053125
0 0.61015625 0.2390625 0.0703125 0.0484375
0 0.51953125 0.3265625 0.084375 0.05625
0 0.5953125 0.31953125 0.071875 0.0609375
0 0.66015625 0.2828125 0.0796875 0.05625
0 0.7375 0.278125 0.084375 0.059375
0 0.40546875 0.41171875 0.075 0.0625
0 0.48359375 0.40703125 0.075 0.059375
0 0.55546875 0.3765625 0.08125 0.05625
0 0.63984375 0.3671875 0.0765625 0.059375
0 0.69765625 0.334375 0.0796875 0.053125
0 0.771875 0.33203125 0.065625 0.05625
0 0.846875 0.3140625 0.0625 0.05625
0 0.90234375 0.34296875 0.06875 0.0578125
0 0.8515625 0.371875 0.0671875 0.053125
0 0.7875 0.38671875 0.071875 0.0546875
0 0.709375 0.39296875 0.071875 0.059375
0 0.42109375 0.4734375 0.0796875 0.0625
0 0.5046875 0.46640625 0.0765625 0.059375
0 0.56953125 0.44375 0.071875 0.0578125
0 0.459375 0.53671875 0.075 0.0578125
0 0.534375 0.52421875 0.06875 0.0578125
0 0.6015625 0.50234375 0.071875 0.059375
0 0.66875 0.4859375 0.0734375 0.0578125
0 0.73125 0.45078125 0.075 0.05625
0 0.6453125 0.43359375 0.0734375 0.0609375
0 0.80234375 0.4515625 0.0703125 0.0546875
0 0.86796875 0.425 0.0671875 0.05625
0 0.934375 0.40078125 0.0640625 0.0578125
0 0.43515625 0.5953125 0.08125 0.0609375
0 0.5125 0.58046875 0.078125 0.059375
0 0.58125 0.565625 0.0734375 0.0578125
0 0.6578125 0.5421875 0.0703125 0.059375
0 0.721875 0.521875 0.059375 0.0515625
0 0.7921875 0.5046875 0.0671875 0.05625
0 0.859375 0.48359375 0.071875 0.05625
0 0.9265625 0.46484375 0.0609375 0.053125
0 0.9171875 0.5203125 0.065625 0.053125
0 0.8453125 0.5359375 0.059375 0.0578125
0 0.7828125 0.55703125 0.065625 0.05625
0 0.7140625 0.578125 0.0625 0.05
0 0.64296875 0.60078125 0.0671875 0.0625
0 0.56171875 0.65078125 0.075 0.065625
0 0.48359375 0.6421875 0.075 0.0609375
0 0.40625 0.65390625 0.078125 0.0609375
0 0.29140625 0.75 0.084375 0.065625
0 0.34921875 0.70390625 0.084375 0.065625
0 0.434375 0.70859375 0.075 0.0609375
0 0.3875 0.7578125 0.0828125 0.0640625
0 0.3234375 0.79921875 0.0859375 0.0640625
0 0.3953125 0.8203125 0.0765625 0.0640625
0 0.43828125 0.88203125 0.078125 0.0609375
0 0.48046875 0.82578125 0.078125 0.065625
0 0.46875 0.765625 0.06875 0.059375
0 0.5125 0.6984375 0.084375 0.0578125
0 0.54765625 0.75390625 0.0765625 0.0609375
0 0.61953125 0.725 0.071875 0.0609375
0 0.6359375 0.6625 0.06875 0.065625
0 0.71015625 0.63515625 0.0671875 0.059375
0 0.77265625 0.61875 0.0625 0.05625
0 0.83828125 0.59453125 0.0640625 0.0609375
0 0.903125 0.57421875 0.06875 0.053125
0 0.89921875 0.63046875 0.071875 0.0609375
0 0.83203125 0.64921875 0.0625 0.0609375
0 0.76953125 0.67109375 0.075 0.0578125
0 0.6984375 0.69609375 0.071875 0.05625
0 0.68359375 0.75234375 0.071875 0.0609375
0 0.75859375 0.728125 0.06875 0.0609375
0 0.81953125 0.709375 0.0625 0.05625
0 0.88828125 0.6890625 0.065625 0.0515625
0 0.88125 0.74609375 0.075 0.0578125
0 0.87421875 0.80859375 0.0734375 0.065625
0 0.80234375 0.76484375 0.071875 0.05625
0 0.7984375 0.825 0.065625 0.065625
0 0.7296875 0.79296875 0.0765625 0.059375
0 0.64140625 0.80390625 0.075 0.059375
0 0.67734375 0.8484375 0.071875 0.0609375
0 0.60234375 0.85859375 0.06875 0.065625
0 0.54921875 0.81015625 0.078125 0.059375
0 0.5234375 0.87421875 0.0859375 0.06875
0 0.35390625 0.60859375 0.084375 0.0625
0 0.1203125 0.54453125 0.03125 0.01875