0 0.40859375 0.15703125 0.065625 0.08125
0 0.5203125 0.17421875 0.05625 0.0875
0 0.5734375 0.22421875 0.059375 0.084375
0 0.30078125 0.23359375 0.059375 0.084375
0 0.34375 0.30390625 0.059375 0.075
0 0.3890625 0.246875 0.0578125 0.090625
0 0.4375 0.30546875 0.0625 0.084375
0 0.45703125 0.3796875 0.05625 0.0765625
0 0.5125 0.34296875 0.059375 0.08125
0 0.5171875 0.26328125 0.0625 0.0875
0 0.56484375 0.31171875 0.0625 0.08125
0 0.628125 0.28828125 0.0609375 0.075
0 0.69765625 0.31796875 0.0625 0.084375
0 0.64453125 0.37265625 0.0578125 0.0828125
0 0.7 0.409375 0.059375 0.08125
0 0.73203125 0.46953125 0.053125 0.078125
0 0.78359375 0.5234375 0.0515625 0.0671875
0 0.73046875 0.55 0.053125 0.0796875
0 0.7609375 0.61015625 0.0484375 0.0703125
0 0.6734375 0.51953125 0.05625 0.084375
0 0.68046875 0.5953125 0.0609375 0.071875
0 0.7171875 0.66015625 0.05625 0.0796875
0 0.721875 0.7375 0.059375 0.084375
0 0.58828125 0.40546875 0.0625 0.075
0 0.59296875 0.48359375 0.059375 0.075
0 0.6234375 0.55546875 0.05625 0.08125
0 0.6328125 0.63984375 0.059375 0.0765625
0 0.665625 0.69765625 0.053125 0.0796875
0 0.66796875 0.771875 0.05625 0.065625
0 0.6859375 0.846875 0.05625 0.0625
0 0.65703125 0.90234375 0.0578125 0.06875
0 0.628125 0.8515625 0.053125 0.0671875
0 0.61328125 0.7875 0.0546875 0.071875
0 0.60703125 0.709375 0.059375 0.071875
0 0.5265625 0.42109375 0.0625 0.0796875
0 0.53359375 0.5046875 0.059375 0.0765625
0 0.55625 0.56953125 0.0578125 0.071875
0 0.46328125 0.459375 0.0578125 0.075
0 0.47578125 0.534375 0.0578125 0.06875
0 0.49765625 0.6015625 0.059375 0.071875
0 0.5140625 0.66875 0.0578125 0.0734375
0 0.54921875 0.73125 0.05625 0.075
0 0.56640625 0.6453125 0.0609375 0.0734375
0 0.5484375 0.80234375 0.0546875 0.0703125
0 0.575 0.86796875 0.05625 0.0671875
0 0.59921875 0.934375 0.0578125 0.0640625
0 0.4046875 0.43515625 0.0609375 0.08125
0 0.41953125 0.5125 0.059375 0.078125
0 0.434375 0.58125 0.0578125 0.0734375
0 0.4578125 0.6578125 0.059375 0.0703125
0 0.478125 0.721875 0.0515625 0.059375
0 0.4953125 0.7921875 0.05625 0.0671875
0 0.51640625 0.859375 0.05625 0.071875
0 0.53515625 0.9265625 0.053125 0.0609375
0 0.4796875 0.9171875 0.053125 0.065625
0 0.4640625 0.8453125 0.0578125 0.059375
0 0.44296875 0.7828125 0.05625 0.065625
0 0.421875 0.7140625 0.05 0.0625
0 0.39921875 0.64296875 0.0625 0.0671875
0 0.34921875 0.56171875 0.065625 0.075
0 0.3578125 0.48359375 0.0609375 0.075
0 0.34609375 0.40625 0.0609375 0.078125
0 0.25 0.29140625 0.065625 0.084375
0 0.29609375 0.34921875 0.065625 0.084375
0 0.29140625 0.434375 0.0609375 0.075
0 0.2421875 0.3875 0.0640625 0.0828125
0 0.20078125 0.3234375 0.0625 0.0859375
0 0.1796875 0.3953125 0.0640625 0.0765625
0 0.11796875 0.43828125 0.0609375 0.078125
0 0.17421875 0.48046875 0.065625 0.078125
0 0.234375 0.46875 0.059375 0.06875
0 0.3015625 0.5125 0.0578125 0.084375
0 0.24609375 0.54765625 0.0609375 0.0765625
0 0.275 0.61953125 0.0609375 0.071875
0 0.3375 0.6359375 0.065625 0.06875
0 0.36484375 0.71015625 0.059375 0.0671875
0 0.38125 0.77265625 0.05625 0.0625
0 0.40546875 0.83828125 0.0609375 0.0640625
0 0.42578125 0.903125 0.053125 0.06875
0 0.36953125 0.89921875 0.0625 0.071875
0 0.35078125 0.83203125 0.0609375 0.0625
0 0.32890625 0.76953125 0.0578125 0.075
0 0.30390625 0.6984375 0.05625 0.071875
0 0.24765625 0.68359375 0.0609375 0.071875
0 0.271875 0.75859375 0.0609375 0.06875
0 0.290625 0.81953125 0.05625 0.0625
0 0.3109375 0.88828125 0.0515625 0.065625
0 0.25390625 0.88125 0.0578125 0.075
0 0.19140625 0.87421875 0.065625 0.0734375
0 0.23515625 0.80234375 0.05625 0.071875
0 0.175 0.7984375 0.065625 0.065625
0 0.20703125 0.7296875 0.059375 0.0765625
0 0.19609375 0.64140625 0.059375 0.075
0 0.1515625 0.67734375 0.059375 0.071875
0 0.14140625 0.60234375 0.065625 0.06875
0 0.18984375 0.54921875 0.059375 0.078125
0 0.12578125 0.5234375 0.06875 0.0859375
0 0.39140625 0.35390625 0.0625 0.084375
0 0.45546875 0.1203125 0.01875 0.03125