0 0.0921875 0.59375 0.09375 0.0671875
0 0.175 0.7015625 0.0953125 0.071875
0 0.25859375 0.75078125 0.103125 0.084375
0 0.18046875 0.54765625 0.090625 0.071875
0 0.2859375 0.5859375 0.096875 0.071875
0 0.265625 0.67109375 0.0921875 0.06875
0 0.37734375 0.7984375 0.11875 0.0890625
0 0.36640625 0.70234375 0.096875 0.075
0 0.4671875 0.690625 0.103125 0.08125
0 0.49375 0.76796875 0.109375 0.08125
0 0.48984375 0.859375 0.1078125 0.0875
0 0.59453125 0.81640625 0.1140625 0.0875
0 0.6734375 0.88984375 0.1125 0.084375
0 0.73203125 0.81328125 0.1046875 0.0859375
0 0.80390625 0.88828125 0.109375 0.0953125
0 0.8515625 0.8171875 0.109375 0.0828125
0 0.7921875 0.75 0.1109375 0.084375
0 0.8984375 0.75 0.1015625 0.08125
0 0.6625 0.74765625 0.103125 0.0875
0 0.5671875 0.70625 0.1 0.08125
0 0.3625 0.6265625 0.096875 0.06875
0 0.45859375 0.615625 0.0984375 0.06875
0 0.5484375 0.63515625 0.090625 0.0671875
0 0.646875 0.6703125 0.09375 0.0765625
0 0.73125 0.6375 0.103125 0.071875
0 0.83046875 0.684375 0.0921875 0.0828125
0 0.91328125 0.64765625 0.1 0.078125
0 0.8171875 0.6140625 0.0921875 0.071875
0 0.72265625 0.57265625 0.096875 0.0703125
0 0.61640625 0.58671875 0.084375 0.0671875
0 0.52578125 0.5703125 0.0875 0.06875
0 0.4484375 0.5265625 0.0921875 0.0640625
0 0.3515625 0.54140625 0.0921875 0.0625
0 0.26015625 0.4953125 0.084375 0.065625
0 0.20234375 0.43515625 0.0921875 0.0640625
0 0.33828125 0.465625 0.0859375 0.0609375
0 0.43046875 0.4625 0.084375 0.065625
0 0.51484375 0.48203125 0.08125 0.065625
0 0.59296875 0.521875 0.096875 0.0640625
0 0.73515625 0.49765625 0.0859375 0.0734375
0 0.6515625 0.46328125 0.0875 0.06875
0 0.5703125 0.4359375 0.0828125 0.0625
0 0.4859375 0.41796875 0.0734375 0.0609375
0 0.36640625 0.40546875 0.078125 0.0625
0 0.271875 0.39453125 0.0875 0.06875
0 0.1875 0.38359375 0.0875 0.0609375
0 0.24453125 0.3265625 0.08125 0.059375
0 0.2546875 0.26875 0.1125 0.04375
0 0.34296875 0.30703125 0.0765625 0.05625
0 0.4203125 0.296875 0.075 0.059375
0 0.48984375 0.3375 0.0875 0.059375
0 0.5390625 0.37890625 0.0828125 0.05
0 0.628125 0.39453125 0.0828125 0.059375
0 0.72734375 0.42421875 0.0984375 0.053125
0 0.815625 0.47421875 0.0953125 0.065625
0 0.88671875 0.51015625 0.0921875 0.0625
0 0.8921875 0.571875 0.1140625 0.065625
0 0.90078125 0.45234375 0.09375 0.071875
0 0.89921875 0.39140625 0.096875 0.0625
0 0.90546875 0.31953125 0.084375 0.0578125
0 0.871875 0.265625 0.078125 0.0515625
0 0.86328125 0.2234375 0.08125 0.0515625
0 0.82421875 0.1828125 0.071875 0.05
0 0.2796875 0.22109375 0.0765625 0.0546875
0 0.3578125 0.21171875 0.06875 0.05
0 0.403125 0.246875 0.071875 0.05
0 0.48203125 0.26171875 0.078125 0.05
0 0.54140625 0.29609375 0.078125 0.0484375
0 0.6015625 0.3328125 0.08125 0.053125
0 0.675 0.35 0.084375 0.059375
0 0.75625 0.36953125 0.0875 0.05625
0 0.65703125 0.29375 0.0890625 0.059375
0 0.7359375 0.315625 0.084375 0.0515625
0 0.83671875 0.34765625 0.0890625 0.0546875
0 0.821875 0.41640625 0.096875 0.0578125
0 0.80546875 0.29296875 0.08125 0.05
0 0.7875 0.23515625 0.071875 0.059375
0 0.70078125 0.26484375 0.075 0.05
0 0.33203125 0.165625 0.071875 0.0484375
0 0.3703125 0.13515625 0.0671875 0.040625
0 0.41484375 0.17265625 0.071875 0.034375
0 0.4546875 0.209375 0.071875 0.0484375
0 0.5421875 0.21875 0.08125 0.05
0 0.62890625 0.22265625 0.078125 0.0515625
0 0.71484375 0.2046875 0.075 0.053125
0 0.75234375 0.17734375 0.0703125 0.0625
0 0.7546875 0.13671875 0.08125 0.046875
0 0.68828125 0.15234375 0.0734375 0.040625
0 0.646875 0.18359375 0.071875 0.046875
0 0.5703125 0.1703125 0.0796875 0.0390625
0 0.49609375 0.18046875 0.08125 0.046875
0 0.42421875 0.10859375 0.075 0.0453125
0 0.45 0.1421875 0.0703125 0.046875
0 0.496875 0.1046875 0.0796875 0.0453125
0 0.53359375 0.12890625 0.0796875 0.04375
0 0.596875 0.10390625 0.0625 0.0390625
0 0.6234375 0.13828125 0.078125 0.04375
0 0.665625 0.1078125 0.06875 0.05