0 0.0921875 0.40625 0.09375 0.0671875
0 0.175 0.2984375 0.0953125 0.071875
0 0.25859375 0.24921875 0.103125 0.084375
0 0.18046875 0.45234375 0.090625 0.071875
0 0.2859375 0.4140625 0.096875 0.071875
0 0.265625 0.32890625 0.0921875 0.06875
0 0.37734375 0.2015625 0.11875 0.0875
0 0.36640625 0.29765625 0.096875 0.075
0 0.4671875 0.309375 0.103125 0.08125
0 0.49375 0.23203125 0.109375 0.08125
0 0.48984375 0.140625 0.1078125 0.0875
0 0.59453125 0.18359375 0.1140625 0.0875
0 0.6734375 0.11015625 0.1125 0.084375
0 0.73203125 0.18671875 0.1046875 0.0859375
0 0.80390625 0.11171875 0.109375 0.0953125
0 0.8515625 0.1828125 0.109375 0.0828125
0 0.7921875 0.25 0.1109375 0.084375
0 0.8984375 0.25 0.1015625 0.08125
0 0.6625 0.25234375 0.103125 0.0875
0 0.5671875 0.29375 0.1 0.08125
0 0.3625 0.3734375 0.096875 0.06875
0 0.45859375 0.384375 0.0984375 0.06875
0 0.5484375 0.36484375 0.090625 0.0671875
0 0.646875 0.3296875 0.09375 0.0765625
0 0.73125 0.3625 0.103125 0.071875
0 0.83046875 0.315625 0.0921875 0.08125
0 0.91328125 0.35234375 0.1 0.078125
0 0.8171875 0.3859375 0.0921875 0.071875
0 0.72265625 0.42734375 0.096875 0.0703125
0 0.61640625 0.41328125 0.084375 0.0671875
0 0.52578125 0.4296875 0.0875 0.06875
0 0.4484375 0.4734375 0.0921875 0.0640625
0 0.3515625 0.45859375 0.0921875 0.0625
0 0.26015625 0.5046875 0.084375 0.065625
0 0.20234375 0.56484375 0.0921875 0.0640625
0 0.33828125 0.534375 0.0859375 0.0609375
0 0.43046875 0.5375 0.084375 0.065625
0 0.51484375 0.51796875 0.08125 0.065625
0 0.59296875 0.478125 0.096875 0.0640625
0 0.73515625 0.50234375 0.0859375 0.0734375
0 0.6515625 0.53671875 0.0875 0.06875
0 0.5703125 0.5640625 0.0828125 0.0625
0 0.4859375 0.58203125 0.0734375 0.0609375
0 0.36640625 0.59453125 0.078125 0.0625
0 0.271875 0.60546875 0.0875 0.06875
0 0.1875 0.61640625 0.0875 0.0609375
0 0.24453125 0.6734375 0.08125 0.059375
0 0.2546875 0.73125 0.1125 0.04375
0 0.34296875 0.69296875 0.0765625 0.05625
0 0.4203125 0.703125 0.075 0.059375
0 0.48984375 0.6625 0.0875 0.059375
0 0.5390625 0.62109375 0.0828125 0.05
0 0.628125 0.60546875 0.0828125 0.059375
0 0.72734375 0.57578125 0.0984375 0.053125
0 0.815625 0.52578125 0.0953125 0.065625
0 0.88671875 0.48984375 0.0921875 0.0625
0 0.8921875 0.428125 0.1140625 0.065625
0 0.90078125 0.54765625 0.09375 0.071875
0 0.89921875 0.60859375 0.096875 0.0625
0 0.90546875 0.68046875 0.084375 0.0578125
0 0.871875 0.734375 0.078125 0.0515625
0 0.86328125 0.7765625 0.08125 0.0515625
0 0.82421875 0.8171875 0.071875 0.0484375
0 0.2796875 0.77890625 0.0765625 0.0546875
0 0.3578125 0.78828125 0.06875 0.05
0 0.403125 0.753125 0.071875 0.05
0 0.48203125 0.73828125 0.078125 0.05
0 0.54140625 0.70390625 0.078125 0.0484375
0 0.6015625 0.6671875 0.08125 0.053125
0 0.675 0.65 0.084375 0.059375
0 0.75625 0.63046875 0.0875 0.05625
0 0.65703125 0.70625 0.0890625 0.059375
0 0.7359375 0.684375 0.084375 0.0515625
0 0.83671875 0.65234375 0.0890625 0.0546875
0 0.821875 0.58359375 0.096875 0.0578125
0 0.80546875 0.70703125 0.08125 0.05
0 0.7875 0.76484375 0.071875 0.059375
0 0.70078125 0.73515625 0.075 0.05
0 0.33203125 0.834375 0.071875 0.0484375
0 0.3703125 0.86484375 0.0671875 0.040625
0 0.41484375 0.82734375 0.071875 0.034375
0 0.4546875 0.790625 0.071875 0.0484375
0 0.5421875 0.78125 0.08125 0.05
0 0.62890625 0.77734375 0.078125 0.0515625
0 0.71484375 0.7953125 0.075 0.053125
0 0.75234375 0.82265625 0.0703125 0.0625
0 0.7546875 0.86328125 0.08125 0.046875
0 0.68828125 0.84765625 0.0734375 0.0421875
0 0.646875 0.81640625 0.071875 0.046875
0 0.5703125 0.8296875 0.0796875 0.0390625
0 0.49609375 0.81953125 0.08125 0.046875
0 0.42421875 0.89140625 0.075 0.0453125
0 0.45 0.8578125 0.0703125 0.046875
0 0.496875 0.8953125 0.0796875 0.0453125
0 0.53359375 0.87109375 0.0796875 0.04375
0 0.596875 0.89609375 0.0625 0.0390625
0 0.6234375 0.86171875 0.078125 0.04375
0 0.665625 0.8921875 0.06875 0.05