0 0.9078125 0.59375 0.09375 0.0671875
0 0.825 0.7015625 0.0953125 0.071875
0 0.74140625 0.75078125 0.103125 0.084375
0 0.81953125 0.54765625 0.090625 0.071875
0 0.7140625 0.5859375 0.096875 0.071875
0 0.734375 0.67109375 0.0921875 0.06875
0 0.62265625 0.7984375 0.11875 0.0890625
0 0.63359375 0.70234375 0.096875 0.075
0 0.5328125 0.690625 0.103125 0.08125
0 0.50625 0.76796875 0.109375 0.08125
0 0.51015625 0.859375 0.1078125 0.0875
0 0.40546875 0.81640625 0.1140625 0.0875
0 0.3265625 0.88984375 0.1125 0.084375
0 0.26796875 0.81328125 0.1046875 0.0859375
0 0.19609375 0.88828125 0.109375 0.0953125
0 0.1484375 0.8171875 0.109375 0.0828125
0 0.2078125 0.75 0.1109375 0.084375
0 0.1015625 0.75 0.1015625 0.08125
0 0.3375 0.74765625 0.103125 0.0875
0 0.4328125 0.70625 0.1 0.08125
0 0.6375 0.6265625 0.096875 0.06875
0 0.54140625 0.615625 0.0984375 0.06875
0 0.4515625 0.63515625 0.090625 0.0671875
0 0.353125 0.6703125 0.09375 0.0765625
0 0.26875 0.6375 0.103125 0.071875
0 0.16953125 0.684375 0.0921875 0.0828125
0 0.08671875 0.64765625 0.1 0.078125
0 0.1828125 0.6140625 0.0921875 0.071875
0 0.27734375 0.57265625 0.096875 0.0703125
0 0.38359375 0.58671875 0.084375 0.0671875
0 0.47421875 0.5703125 0.0875 0.06875
0 0.5515625 0.5265625 0.0921875 0.0640625
0 0.6484375 0.54140625 0.0921875 0.0625
0 0.73984375 0.4953125 0.084375 0.065625
0 0.79765625 0.43515625 0.0921875 0.0640625
0 0.66171875 0.465625 0.0859375 0.0609375
0 0.56953125 0.4625 0.084375 0.065625
0 0.48515625 0.48203125 0.08125 0.065625
0 0.40703125 0.521875 0.096875 0.0640625
0 0.26484375 0.49765625 0.0859375 0.0734375
0 0.3484375 0.46328125 0.0875 0.06875
0 0.4296875 0.4359375 0.0828125 0.0625
0 0.5140625 0.41796875 0.0734375 0.0609375
0 0.63359375 0.40546875 0.078125 0.0625
0 0.728125 0.39453125 0.0875 0.06875
0 0.8125 0.38359375 0.0875 0.0609375
0 0.75546875 0.3265625 0.08125 0.059375
0 0.7453125 0.26875 0.1125 0.04375
0 0.65703125 0.30703125 0.0765625 0.05625
0 0.5796875 0.296875 0.075 0.059375
0 0.51015625 0.3375 0.0875 0.059375
0 0.4609375 0.37890625 0.0828125 0.05
0 0.371875 0.39453125 0.0828125 0.059375
0 0.27265625 0.42421875 0.0984375 0.053125
0 0.184375 0.47421875 0.0953125 0.065625
0 0.11328125 0.51015625 0.0921875 0.0625
0 0.1078125 0.571875 0.1140625 0.065625
0 0.09921875 0.45234375 0.09375 0.071875
0 0.10078125 0.39140625 0.096875 0.0625
0 0.09453125 0.31953125 0.084375 0.0578125
0 0.128125 0.265625 0.078125 0.0515625
0 0.13671875 0.2234375 0.08125 0.0515625
0 0.17578125 0.1828125 0.071875 0.05
0 0.7203125 0.22109375 0.0765625 0.0546875
0 0.6421875 0.21171875 0.06875 0.05
0 0.596875 0.246875 0.071875 0.05
0 0.51796875 0.26171875 0.078125 0.05
0 0.45859375 0.29609375 0.078125 0.0484375
0 0.3984375 0.3328125 0.08125 0.053125
0 0.325 0.35 0.084375 0.059375
0 0.24375 0.36953125 0.0875 0.05625
0 0.34296875 0.29375 0.0890625 0.059375
0 0.2640625 0.315625 0.084375 0.0515625
0 0.16328125 0.34765625 0.0890625 0.0546875
0 0.178125 0.41640625 0.096875 0.0578125
0 0.19453125 0.29296875 0.08125 0.05
0 0.2125 0.23515625 0.071875 0.059375
0 0.29921875 0.26484375 0.075 0.05
0 0.66796875 0.165625 0.071875 0.0484375
0 0.6296875 0.13515625 0.0671875 0.040625
0 0.58515625 0.17265625 0.071875 0.034375
0 0.5453125 0.209375 0.071875 0.0484375
0 0.4578125 0.21875 0.08125 0.05
0 0.37109375 0.22265625 0.078125 0.0515625
0 0.28515625 0.2046875 0.075 0.053125
0 0.24765625 0.17734375 0.0703125 0.0625
0 0.2453125 0.13671875 0.08125 0.046875
0 0.31171875 0.15234375 0.0734375 0.040625
0 0.353125 0.18359375 0.071875 0.046875
0 0.4296875 0.1703125 0.0796875 0.0390625
0 0.50390625 0.18046875 0.08125 0.046875
0 0.57578125 0.10859375 0.075 0.0453125
0 0.55 0.1421875 0.0703125 0.046875
0 0.503125 0.1046875 0.0796875 0.0453125
0 0.46640625 0.12890625 0.0796875 0.04375
0 0.403125 0.10390625 0.0625 0.0390625
0 0.3765625 0.13828125 0.078125 0.04375
0 0.334375 0.1078125 0.06875 0.05