0 0.18671875 0.2671875 0.078125 0.06875
0 0.15234375 0.32734375 0.084375 0.0671875
0 0.128125 0.38515625 0.090625 0.06875
0 0.109375 0.440625 0.08125 0.071875
0 0.078125 0.50078125 0.078125 0.071875
0 0.0578125 0.54921875 0.078125 0.065625
0 0.0390625 0.6203125 0.071875 0.0671875
0 0.26953125 0.26015625 0.0796875 0.0640625
0 0.24140625 0.315625 0.075 0.0609375
0 0.2109375 0.37265625 0.08125 0.065625
0 0.18984375 0.43203125 0.0875 0.06875
0 0.165625 0.490625 0.084375 0.0609375
0 0.13828125 0.54609375 0.0796875 0.0625
0 0.11953125 0.60390625 0.078125 0.0609375
0 0.0765625 0.66796875 0.084375 0.06875
0 0.346875 0.2515625 0.075 0.0609375
0 0.32265625 0.30703125 0.0796875 0.0609375
0 0.29765625 0.3625 0.078125 0.0625
0 0.27421875 0.41796875 0.0796875 0.065625
0 0.25 0.478125 0.08125 0.059375
0 0.22578125 0.5328125 0.075 0.059375
0 0.19921875 0.58828125 0.075 0.0625
0 0.16484375 0.65 0.071875 0.053125
0 0.13359375 0.71015625 0.08125 0.0625
0 0.42578125 0.246875 0.071875 0.065625
0 0.403125 0.29921875 0.075 0.065625
0 0.37109375 0.35234375 0.06875 0.0578125
0 0.3484375 0.4078125 0.071875 0.05625
0 0.321875 0.4609375 0.071875 0.059375
0 0.3015625 0.51796875 0.078125 0.0609375
0 0.27578125 0.5765625 0.06875 0.05625
0 0.24453125 0.63671875 0.075 0.0625
0 0.215625 0.69296875 0.0625 0.059375
0 0.1859375 0.74765625 0.078125 0.0609375
0 0.49609375 0.2375 0.065625 0.059375
0 0.47421875 0.2921875 0.06875 0.059375
0 0.45078125 0.3453125 0.0703125 0.065625
0 0.42109375 0.39296875 0.084375 0.05625
0 0.39140625 0.44921875 0.065625 0.059375
0 0.371875 0.503125 0.071875 0.05625
0 0.34765625 0.55859375 0.06875 0.0640625
0 0.31875 0.61796875 0.06875 0.0625
0 0.29375 0.67578125 0.08125 0.0625
0 0.2671875 0.73671875 0.08125 0.05625
0 0.23984375 0.78671875 0.075 0.0578125
0 0.5640625 0.23203125 0.065625 0.065625
0 0.540625 0.2828125 0.0703125 0.059375
0 0.5203125 0.334375 0.065625 0.0578125
0 0.49609375 0.38828125 0.06875 0.0625
0 0.46796875 0.43828125 0.0703125 0.0578125
0 0.4375 0.4890625 0.0625 0.05625
0 0.4171875 0.54375 0.06875 0.05625
0 0.3921875 0.60625 0.0625 0.059375
0 0.365625 0.6546875 0.065625 0.053125
0 0.35859375 0.7359375 0.075 0.0640625
0 0.3203125 0.76796875 0.078125 0.0578125
0 0.29609375 0.81640625 0.065625 0.0578125
0 0.63359375 0.22578125 0.071875 0.0625
0 0.61171875 0.2765625 0.0703125 0.0609375
0 0.58984375 0.33125 0.06875 0.059375
0 0.5640625 0.3796875 0.0734375 0.0578125
0 0.53671875 0.428125 0.05625 0.053125
0 0.51328125 0.47734375 0.0625 0.053125
0 0.48671875 0.53203125 0.0625 0.059375
0 0.46328125 0.58671875 0.06875 0.05625
0 0.4375 0.6390625 0.059375 0.0546875
0 0.4171875 0.69140625 0.0625 0.05625
0 0.3953125 0.74140625 0.046875 0.0484375
0 0.36875 0.7875 0.06875 0.0625
0 0.34140625 0.83984375 0.071875 0.053125
0 0.6796875 0.265625 0.071875 0.05625
0 0.66015625 0.31796875 0.0625 0.065625
0 0.634375 0.36328125 0.075 0.059375
0 0.6125 0.4171875 0.059375 0.05625
0 0.58671875 0.46484375 0.065625 0.05625
0 0.5515625 0.51640625 0.0609375 0.0640625
0 0.52578125 0.565625 0.06875 0.0609375
0 0.50390625 0.62578125 0.065625 0.0609375
0 0.48046875 0.67734375 0.071875 0.05625
0 0.453125 0.72578125 0.0625 0.0609375
0 0.43671875 0.775 0.06875 0.053125
0 0.4078125 0.8203125 0.065625 0.05625
0 0.721875 0.30546875 0.0703125 0.0515625
0 0.69765625 0.359375 0.05625 0.05625
0 0.67578125 0.40546875 0.0625 0.05
0 0.65703125 0.45625 0.0625 0.05625
0 0.61796875 0.50546875 0.065625 0.05625
0 0.5984375 0.55625 0.059375 0.05
0 0.56640625 0.6078125 0.059375 0.05625
0 0.54140625 0.66328125 0.071875 0.0546875
0 0.52109375 0.7125 0.059375 0.053125
0 0.50078125 0.75546875 0.05625 0.05625
0 0.475 0.8046875 0.0625 0.0578125
0 0.76015625 0.34375 0.0625 0.0625
0 0.7375 0.4 0.0625 0.0546875
0 0.71171875 0.446875 0.053125 0.0578125
0 0.68359375 0.49921875 0.053125 0.053125
0 0.65703125 0.54296875 0.0546875 0.046875
0 0.63046875 0.59140625 0.05625 0.0578125
0 0.60078125 0.63984375 0.059375 0.053125
0 0.58203125 0.6953125 0.0625 0.053125
0 0.5609375 0.7453125 0.05625 0.046875
0 0.5375 0.7921875 0.05625 0.05625
0 0.79765625 0.38671875 0.05625 0.0578125
0 0.77265625 0.4359375 0.053125 0.05625
0 0.74296875 0.4875 0.059375 0.059375
0 0.7140625 0.53203125 0.0546875 0.0578125
0 0.69140625 0.58125 0.05625 0.05
0 0.66484375 0.628125 0.0625 0.05625
0 0.6390625 0.67578125 0.059375 0.05
0 0.61953125 0.72734375 0.0625 0.05
0 0.59765625 0.775 0.05625 0.05
0 0.82421875 0.42578125 0.0625 0.059375
0 0.79609375 0.48046875 0.053125 0.053125
0 0.775 0.52265625 0.065625 0.0625
0 0.74921875 0.571875 0.059375 0.053125
0 0.725 0.615625 0.05625 0.053125
0 0.70078125 0.66171875 0.059375 0.0484375
0 0.67421875 0.70546875 0.05625 0.05
0 0.65703125 0.75625 0.05625 0.0546875
0 0.84921875 0.46796875 0.046875 0.05
0 0.83203125 0.51328125 0.0546875 0.0515625
0 0.80703125 0.56171875 0.05625 0.05
0 0.78828125 0.603125 0.0625 0.0484375
0 0.75859375 0.64921875 0.0625 0.0515625
0 0.73203125 0.690625 0.059375 0.04375
0 0.709375 0.73671875 0.059375 0.0515625