0 0.2828125 0.17734375 0.04375 0.0390625
0 0.234375 0.55546875 0.0453125 0.046875
0 0.2484375 0.6296875 0.05 0.04375
0 0.27734375 0.7015625 0.046875 0.046875
0 0.31953125 0.7515625 0.04375 0.046875
0 0.3359375 0.86953125 0.046875 0.0453125
0 0.265625 0.4109375 0.0453125 0.04375
0 0.2875 0.49453125 0.059375 0.05
0 0.3015625 0.55625 0.05625 0.0546875
0 0.31796875 0.6484375 0.05625 0.05
0 0.35390625 0.7140625 0.046875 0.046875
0 0.35234375 0.7984375 0.0625 0.0578125
0 0.39609375 0.859375 0.053125 0.0609375
0 0.40546875 0.7640625 0.046875 0.0453125
0 0.45859375 0.8125 0.04375 0.05
0 0.515625 0.8359375 0.04375 0.04375
0 0.35234375 0.59140625 0.04375 0.046875
0 0.38828125 0.6546875 0.046875 0.0484375
0 0.42421875 0.6984375 0.040625 0.046875
0 0.46171875 0.74609375 0.046875 0.04375
0 0.51484375 0.7640625 0.046875 0.0390625
0 0.5625 0.809375 0.05 0.05
0 0.56484375 0.74375 0.040625 0.0453125
0 0.46015625 0.65625 0.04375 0.0375
0 0.50546875 0.7 0.05 0.05
0 0.4265625 0.60625 0.0390625 0.040625
0 0.40625 0.54765625 0.0453125 0.040625
0 0.35390625 0.51015625 0.05 0.0484375
0 0.3234375 0.44296875 0.040625 0.046875
0 0.3890625 0.453125 0.05 0.0546875
0 0.42578125 0.50390625 0.040625 0.0421875
0 0.46171875 0.55234375 0.0375 0.0453125
0 0.4890625 0.5953125 0.040625 0.0375
0 0.51640625 0.64375 0.0515625 0.04375
0 0.28515625 0.30078125 0.040625 0.040625
0 0.31328125 0.36015625 0.046875 0.04375
0 0.3625 0.39296875 0.0453125 0.046875
0 0.36875 0.30390625 0.04375 0.04375
0 0.31015625 0.26640625 0.040625 0.04375
0 0.3640625 0.20078125 0.040625 0.04375
0 0.3828125 0.26640625 0.040625 0.034375
0 0.403125 0.34921875 0.05625 0.0515625
0 0.42109375 0.20625 0.0421875 0.0421875
0 0.4609375 0.22109375 0.046875 0.046875
0 0.43671875 0.275 0.0484375 0.046875
0 0.44765625 0.315625 0.05 0.05
0 0.48828125 0.26328125 0.040625 0.0375
0 0.5109375 0.20859375 0.04375 0.0421875
0 0.5625 0.225 0.0390625 0.034375
0 0.6 0.23125 0.04375 0.05
0 0.58671875 0.26875 0.0359375 0.040625
0 0.5296875 0.28046875 0.040625 0.0453125
0 0.50859375 0.30859375 0.04375 0.04375
0 0.55078125 0.309375 0.040625 0.0390625
0 0.61328125 0.29609375 0.0375 0.034375
0 0.62734375 0.284375 0.0359375 0.0359375
0 0.62265625 0.33046875 0.0375 0.040625
0 0.6421875 0.3734375 0.034375 0.0390625
0 0.58359375 0.37578125 0.05 0.0484375
0 0.55234375 0.36484375 0.04375 0.046875
0 0.4625 0.3734375 0.0484375 0.053125
0 0.4265625 0.40859375 0.046875 0.05
0 0.46640625 0.4625 0.04375 0.046875
0 0.4953125 0.4296875 0.046875 0.053125
0 0.54453125 0.46484375 0.0484375 0.05
0 0.5671875 0.42265625 0.0453125 0.053125
0 0.59609375 0.43828125 0.04375 0.0484375
0 0.65078125 0.43203125 0.0375 0.040625
0 0.66015625 0.48984375 0.0375 0.0375
0 0.61796875 0.5234375 0.0375 0.0359375
0 0.55078125 0.521875 0.0375 0.040625
0 0.4984375 0.50859375 0.04375 0.0484375
0 0.5421875 0.55859375 0.046875 0.05
0 0.559375 0.59609375 0.0390625 0.040625
0 0.55 0.68046875 0.046875 0.04375
0 0.60859375 0.640625 0.05 0.053125
0 0.6 0.5609375 0.040625 0.0453125
0 0.6390625 0.60390625 0.05 0.05
0 0.68125 0.55078125 0.040625 0.040625
0 0.69609375 0.5921875 0.040625 0.0375
0 0.7 0.65 0.0390625 0.0359375
0 0.6484375 0.6640625 0.046875 0.0359375
0 0.67734375 0.7125 0.040625 0.04375
0 0.70234375 0.7015625 0.0375 0.0375
0 0.71796875 0.76796875 0.0375 0.040625
0 0.66640625 0.78125 0.0375 0.040625
0 0.6375 0.80078125 0.0390625 0.0453125
0 0.6125 0.72109375 0.0375 0.0421875