0 0.7171875 0.82265625 0.04375 0.0390625
0 0.765625 0.44453125 0.0453125 0.046875
0 0.7515625 0.3703125 0.05 0.04375
0 0.72265625 0.2984375 0.046875 0.046875
0 0.68046875 0.2484375 0.04375 0.046875
0 0.6640625 0.13046875 0.046875 0.0453125
0 0.734375 0.5890625 0.0453125 0.04375
0 0.7125 0.50546875 0.059375 0.05
0 0.6984375 0.44375 0.05625 0.0546875
0 0.68203125 0.3515625 0.05625 0.05
0 0.64609375 0.2859375 0.046875 0.046875
0 0.64765625 0.2015625 0.0625 0.0578125
0 0.60390625 0.140625 0.053125 0.0609375
0 0.59453125 0.2359375 0.046875 0.0453125
0 0.54140625 0.1875 0.04375 0.05
0 0.484375 0.1640625 0.04375 0.04375
0 0.64765625 0.40859375 0.04375 0.046875
0 0.61171875 0.3453125 0.046875 0.0484375
0 0.57578125 0.3015625 0.040625 0.046875
0 0.53828125 0.25390625 0.046875 0.04375
0 0.48515625 0.2359375 0.046875 0.0390625
0 0.4375 0.190625 0.05 0.05
0 0.43515625 0.25625 0.040625 0.0453125
0 0.53984375 0.34375 0.04375 0.0375
0 0.49453125 0.3 0.05 0.05
0 0.5734375 0.39375 0.0390625 0.040625
0 0.59375 0.45234375 0.0453125 0.040625
0 0.64609375 0.48984375 0.05 0.0484375
0 0.6765625 0.55703125 0.040625 0.046875
0 0.6109375 0.546875 0.05 0.0546875
0 0.57421875 0.49609375 0.040625 0.0421875
0 0.53828125 0.44765625 0.0375 0.0453125
0 0.5109375 0.4046875 0.040625 0.0375
0 0.48359375 0.35625 0.0515625 0.04375
0 0.71484375 0.69921875 0.040625 0.040625
0 0.68671875 0.63984375 0.046875 0.04375
0 0.6375 0.60703125 0.0453125 0.046875
0 0.63125 0.69609375 0.04375 0.04375
0 0.68984375 0.73359375 0.040625 0.04375
0 0.6359375 0.79921875 0.040625 0.04375
0 0.6171875 0.73359375 0.040625 0.034375
0 0.596875 0.65078125 0.05625 0.0515625
0 0.57890625 0.79375 0.0421875 0.0421875
0 0.5390625 0.77890625 0.046875 0.046875
0 0.56328125 0.725 0.0484375 0.046875
0 0.55234375 0.684375 0.05 0.05
0 0.51171875 0.73671875 0.040625 0.0375
0 0.4890625 0.79140625 0.04375 0.0421875
0 0.4375 0.775 0.0390625 0.034375
0 0.4 0.76875 0.04375 0.05
0 0.41328125 0.73125 0.0359375 0.040625
0 0.4703125 0.71953125 0.040625 0.0453125
0 0.49140625 0.69140625 0.04375 0.04375
0 0.44921875 0.690625 0.040625 0.0390625
0 0.38671875 0.70390625 0.0375 0.034375
0 0.37265625 0.715625 0.0359375 0.0359375
0 0.37734375 0.66953125 0.0375 0.040625
0 0.3578125 0.6265625 0.034375 0.0390625
0 0.41640625 0.62421875 0.05 0.0484375
0 0.44765625 0.63515625 0.04375 0.046875
0 0.5375 0.6265625 0.0484375 0.053125
0 0.5734375 0.59140625 0.046875 0.05
0 0.53359375 0.5375 0.04375 0.046875
0 0.5046875 0.5703125 0.046875 0.053125
0 0.45546875 0.53515625 0.0484375 0.05
0 0.4328125 0.57734375 0.0453125 0.053125
0 0.40390625 0.56171875 0.04375 0.0484375
0 0.34921875 0.56796875 0.0375 0.040625
0 0.33984375 0.51015625 0.0375 0.0375
0 0.38203125 0.4765625 0.0375 0.0359375
0 0.44921875 0.478125 0.0375 0.040625
0 0.5015625 0.49140625 0.04375 0.0484375
0 0.4578125 0.44140625 0.046875 0.05
0 0.440625 0.40390625 0.0390625 0.040625
0 0.45 0.31953125 0.046875 0.04375
0 0.39140625 0.359375 0.05 0.053125
0 0.4 0.4390625 0.040625 0.0453125
0 0.3609375 0.39609375 0.05 0.05
0 0.31875 0.44921875 0.040625 0.040625
0 0.30390625 0.4078125 0.040625 0.0375
0 0.3 0.35 0.0390625 0.0359375
0 0.3515625 0.3359375 0.046875 0.0359375
0 0.32265625 0.2875 0.040625 0.04375
0 0.29765625 0.2984375 0.0375 0.0375
0 0.28203125 0.23203125 0.0375 0.040625
0 0.33359375 0.21875 0.0375 0.040625
0 0.3625 0.19921875 0.0390625 0.0453125
0 0.3875 0.27890625 0.0375 0.0421875