0 0.2828125 0.82265625 0.04375 0.0390625
0 0.234375 0.44453125 0.0453125 0.046875
0 0.2484375 0.3703125 0.05 0.04375
0 0.27734375 0.2984375 0.046875 0.046875
0 0.31953125 0.2484375 0.04375 0.046875
0 0.3359375 0.13046875 0.046875 0.0453125
0 0.265625 0.5890625 0.0453125 0.04375
0 0.2875 0.50546875 0.059375 0.05
0 0.3015625 0.44375 0.05625 0.0546875
0 0.31796875 0.3515625 0.05625 0.05
0 0.35390625 0.2859375 0.046875 0.046875
0 0.35234375 0.2015625 0.0625 0.0578125
0 0.39609375 0.140625 0.053125 0.0609375
0 0.40546875 0.2359375 0.046875 0.0453125
0 0.45859375 0.1875 0.04375 0.05
0 0.515625 0.1640625 0.04375 0.04375
0 0.35234375 0.40859375 0.04375 0.046875
0 0.38828125 0.3453125 0.046875 0.0484375
0 0.42421875 0.3015625 0.040625 0.046875
0 0.46171875 0.25390625 0.046875 0.04375
0 0.51484375 0.2359375 0.046875 0.0390625
0 0.5625 0.190625 0.05 0.05
0 0.56484375 0.25625 0.040625 0.0453125
0 0.46015625 0.34375 0.04375 0.0375
0 0.50546875 0.3 0.05 0.05
0 0.4265625 0.39375 0.0390625 0.040625
0 0.40625 0.45234375 0.0453125 0.040625
0 0.35390625 0.48984375 0.05 0.0484375
0 0.3234375 0.55703125 0.040625 0.046875
0 0.3890625 0.546875 0.05 0.0546875
0 0.42578125 0.49609375 0.040625 0.0421875
0 0.46171875 0.44765625 0.0375 0.0453125
0 0.4890625 0.4046875 0.040625 0.0375
0 0.51640625 0.35625 0.0515625 0.04375
0 0.28515625 0.69921875 0.040625 0.040625
0 0.31328125 0.63984375 0.046875 0.04375
0 0.3625 0.60703125 0.0453125 0.046875
0 0.36875 0.69609375 0.04375 0.04375
0 0.31015625 0.73359375 0.040625 0.04375
0 0.3640625 0.79921875 0.040625 0.04375
0 0.3828125 0.73359375 0.040625 0.034375
0 0.403125 0.65078125 0.05625 0.0515625
0 0.42109375 0.79375 0.0421875 0.0421875
0 0.4609375 0.77890625 0.046875 0.046875
0 0.43671875 0.725 0.0484375 0.046875
0 0.44765625 0.684375 0.05 0.05
0 0.48828125 0.73671875 0.040625 0.0375
0 0.5109375 0.79140625 0.04375 0.0421875
0 0.5625 0.775 0.0390625 0.034375
0 0.6 0.76875 0.04375 0.05
0 0.58671875 0.73125 0.0359375 0.040625
0 0.5296875 0.71953125 0.040625 0.0453125
0 0.50859375 0.69140625 0.04375 0.04375
0 0.55078125 0.690625 0.040625 0.0390625
0 0.61328125 0.70390625 0.0375 0.034375
0 0.62734375 0.715625 0.0359375 0.0359375
0 0.62265625 0.66953125 0.0375 0.040625
0 0.6421875 0.6265625 0.034375 0.0390625
0 0.58359375 0.62421875 0.05 0.0484375
0 0.55234375 0.63515625 0.04375 0.046875
0 0.4625 0.6265625 0.0484375 0.053125
0 0.4265625 0.59140625 0.046875 0.05
0 0.46640625 0.5375 0.04375 0.046875
0 0.4953125 0.5703125 0.046875 0.053125
0 0.54453125 0.53515625 0.0484375 0.05
0 0.5671875 0.57734375 0.0453125 0.053125
0 0.59609375 0.56171875 0.04375 0.0484375
0 0.65078125 0.56796875 0.0375 0.040625
0 0.66015625 0.51015625 0.0375 0.0375
0 0.61796875 0.4765625 0.0375 0.0359375
0 0.55078125 0.478125 0.0375 0.040625
0 0.4984375 0.49140625 0.04375 0.0484375
0 0.5421875 0.44140625 0.046875 0.05
0 0.559375 0.40390625 0.0390625 0.040625
0 0.55 0.31953125 0.046875 0.04375
0 0.60859375 0.359375 0.05 0.053125
0 0.6 0.4390625 0.040625 0.0453125
0 0.6390625 0.39609375 0.05 0.05
0 0.68125 0.44921875 0.040625 0.040625
0 0.69609375 0.4078125 0.040625 0.0375
0 0.7 0.35 0.0390625 0.0359375
0 0.6484375 0.3359375 0.046875 0.0359375
0 0.67734375 0.2875 0.040625 0.04375
0 0.70234375 0.2984375 0.0375 0.0375
0 0.71796875 0.23203125 0.0375 0.040625
0 0.66640625 0.21875 0.0375 0.040625
0 0.6375 0.19921875 0.0390625 0.0453125
0 0.6125 0.27890625 0.0375 0.0421875