0 0.25703125 0.3859375 0.06875 0.0515625
0 0.25078125 0.4328125 0.0640625 0.046875
0 0.259375 0.48125 0.0703125 0.05
0 0.25625 0.52890625 0.0703125 0.053125
0 0.2546875 0.5765625 0.0765625 0.05
0 0.25390625 0.628125 0.06875 0.05
0 0.3015625 0.35546875 0.065625 0.05
0 0.31328125 0.40390625 0.0703125 0.0546875
0 0.3109375 0.45390625 0.0625 0.05
0 0.31640625 0.50078125 0.0625 0.0484375
0 0.3171875 0.55 0.065625 0.05
0 0.3109375 0.59921875 0.06875 0.05
0 0.31484375 0.65859375 0.0734375 0.0546875
0 0.35 0.328125 0.065625 0.04375
0 0.36015625 0.378125 0.0609375 0.046875
0 0.37421875 0.425 0.0625 0.0484375
0 0.36953125 0.471875 0.0625 0.05
0 0.36953125 0.525 0.0609375 0.046875
0 0.365625 0.57578125 0.0578125 0.04375
0 0.36640625 0.6265625 0.065625 0.05
0 0.37890625 0.68515625 0.0625 0.0484375
0 0.4046875 0.303125 0.059375 0.0484375
0 0.40625 0.35234375 0.059375 0.0453125
0 0.4125 0.39765625 0.0609375 0.05
0 0.42109375 0.45 0.0625 0.0484375
0 0.41796875 0.496875 0.05625 0.04375
0 0.421875 0.55390625 0.0703125 0.0484375
0 0.42109375 0.60625 0.06875 0.046875
0 0.41875 0.65234375 0.0625 0.0421875
0 0.434375 0.70859375 0.059375 0.0515625
0 0.4484375 0.2875 0.05625 0.046875
0 0.45234375 0.33125 0.05625 0.0453125
0 0.46171875 0.3765625 0.059375 0.046875
0 0.46875 0.42265625 0.059375 0.040625
0 0.4765625 0.47578125 0.0625 0.046875
0 0.47265625 0.525 0.05625 0.04375
0 0.47109375 0.58125 0.05625 0.0421875
0 0.47890625 0.62890625 0.059375 0.046875
0 0.4890625 0.6734375 0.065625 0.05
0 0.4921875 0.7234375 0.059375 0.046875
0 0.49609375 0.275 0.05625 0.0390625
0 0.50625 0.3140625 0.0546875 0.046875
0 0.50859375 0.359375 0.05625 0.0453125
0 0.51796875 0.40078125 0.05625 0.05
0 0.5125 0.446875 0.05625 0.04375
0 0.515625 0.50546875 0.053125 0.040625
0 0.5203125 0.55078125 0.059375 0.040625
0 0.5171875 0.59609375 0.059375 0.04375
0 0.540625 0.6421875 0.0625 0.0484375
0 0.53984375 0.6859375 0.0578125 0.04375
0 0.5484375 0.7359375 0.0546875 0.046875
0 0.54921875 0.29375 0.0515625 0.040625
0 0.55703125 0.33125 0.05625 0.04375
0 0.56484375 0.3765625 0.05625 0.0484375
0 0.55625 0.42734375 0.05625 0.04375
0 0.553125 0.47890625 0.0515625 0.04375
0 0.56796875 0.525 0.0625 0.0484375
0 0.56015625 0.56875 0.05625 0.040625
0 0.5890625 0.61796875 0.065625 0.046875
0 0.578125 0.6625 0.059375 0.04375
0 0.59296875 0.709375 0.0625 0.046875
0 0.59140625 0.3140625 0.053125 0.04375
0 0.59453125 0.35390625 0.053125 0.0421875
0 0.59765625 0.40390625 0.053125 0.04375
0 0.60390625 0.45546875 0.053125 0.040625
0 0.60703125 0.49609375 0.059375 0.040625
0 0.60390625 0.54140625 0.05625 0.04375
0 0.6359375 0.58671875 0.059375 0.046875
0 0.63125 0.6390625 0.0546875 0.046875
0 0.646875 0.68671875 0.0609375 0.04375
0 0.6359375 0.33671875 0.053125 0.04375
0 0.63515625 0.3828125 0.05 0.046875
0 0.63671875 0.4359375 0.05625 0.0421875
0 0.65390625 0.47265625 0.05625 0.0421875
0 0.65625 0.51796875 0.05625 0.046875
0 0.6578125 0.55625 0.059375 0.046875
0 0.68984375 0.6078125 0.059375 0.0453125
0 0.69453125 0.65859375 0.0625 0.0390625
0 0.6875 0.3578125 0.05625 0.046875
0 0.68125 0.409375 0.053125 0.04375
0 0.6890625 0.4546875 0.0484375 0.040625
0 0.68984375 0.4921875 0.05 0.0375
0 0.69296875 0.534375 0.05 0.0375
0 0.709375 0.57734375 0.05625 0.040625
0 0.7359375 0.628125 0.05625 0.0484375
0 0.74765625 0.55546875 0.0625 0.046875
0 0.73203125 0.509375 0.059375 0.040625
0 0.7265625 0.4734375 0.05625 0.0390625
0 0.73359375 0.428125 0.0609375 0.05
0 0.71484375 0.38984375 0.05625 0.04375