0 0.74296875 0.6140625 0.06875 0.0515625
0 0.74921875 0.5671875 0.0640625 0.046875
0 0.740625 0.51875 0.0703125 0.05
0 0.74375 0.47109375 0.0703125 0.053125
0 0.7453125 0.4234375 0.0765625 0.05
0 0.74609375 0.371875 0.06875 0.05
0 0.6984375 0.64453125 0.065625 0.05
0 0.68671875 0.59609375 0.0703125 0.0546875
0 0.6890625 0.54609375 0.0625 0.05
0 0.68359375 0.49921875 0.0625 0.0484375
0 0.6828125 0.45 0.065625 0.05
0 0.6890625 0.40078125 0.06875 0.05
0 0.68515625 0.34140625 0.0734375 0.0546875
0 0.65 0.671875 0.065625 0.04375
0 0.63984375 0.621875 0.0609375 0.046875
0 0.62578125 0.575 0.0625 0.0484375
0 0.63046875 0.528125 0.0625 0.05
0 0.63046875 0.475 0.0609375 0.046875
0 0.634375 0.42421875 0.0578125 0.04375
0 0.63359375 0.3734375 0.065625 0.05
0 0.62109375 0.31484375 0.0625 0.0484375
0 0.5953125 0.696875 0.059375 0.0484375
0 0.59375 0.64765625 0.059375 0.0453125
0 0.5875 0.60234375 0.0609375 0.05
0 0.57890625 0.55 0.0625 0.0484375
0 0.58203125 0.503125 0.05625 0.04375
0 0.578125 0.44609375 0.0703125 0.0484375
0 0.57890625 0.39375 0.06875 0.046875
0 0.58125 0.34765625 0.0625 0.0421875
0 0.565625 0.29140625 0.059375 0.0515625
0 0.5515625 0.7125 0.05625 0.046875
0 0.54765625 0.66875 0.05625 0.0453125
0 0.53828125 0.6234375 0.059375 0.046875
0 0.53125 0.57734375 0.059375 0.040625
0 0.5234375 0.52421875 0.0625 0.046875
0 0.52734375 0.475 0.05625 0.04375
0 0.52890625 0.41875 0.05625 0.0421875
0 0.52109375 0.37109375 0.059375 0.046875
0 0.5109375 0.3265625 0.065625 0.05
0 0.5078125 0.2765625 0.059375 0.046875
0 0.50390625 0.725 0.05625 0.0390625
0 0.49375 0.6859375 0.0546875 0.046875
0 0.49140625 0.640625 0.05625 0.0453125
0 0.48203125 0.59921875 0.05625 0.05
0 0.4875 0.553125 0.05625 0.04375
0 0.484375 0.49453125 0.053125 0.040625
0 0.4796875 0.44921875 0.059375 0.040625
0 0.4828125 0.40390625 0.059375 0.04375
0 0.459375 0.3578125 0.0625 0.0484375
0 0.46015625 0.3140625 0.0578125 0.04375
0 0.4515625 0.2640625 0.0546875 0.046875
0 0.45078125 0.70625 0.0515625 0.040625
0 0.44296875 0.66875 0.05625 0.04375
0 0.43515625 0.6234375 0.05625 0.0484375
0 0.44375 0.57265625 0.05625 0.04375
0 0.446875 0.52109375 0.0515625 0.04375
0 0.43203125 0.475 0.0625 0.0484375
0 0.43984375 0.43125 0.05625 0.040625
0 0.4109375 0.38203125 0.065625 0.046875
0 0.421875 0.3375 0.059375 0.04375
0 0.40703125 0.290625 0.0625 0.046875
0 0.40859375 0.6859375 0.053125 0.04375
0 0.40546875 0.64609375 0.053125 0.0421875
0 0.40234375 0.59609375 0.053125 0.04375
0 0.39609375 0.54453125 0.053125 0.040625
0 0.39296875 0.50390625 0.059375 0.040625
0 0.39609375 0.45859375 0.05625 0.04375
0 0.3640625 0.41328125 0.059375 0.046875
0 0.36875 0.3609375 0.0546875 0.046875
0 0.353125 0.31328125 0.0609375 0.04375
0 0.3640625 0.66328125 0.053125 0.04375
0 0.36484375 0.6171875 0.05 0.046875
0 0.36328125 0.5640625 0.05625 0.0421875
0 0.34609375 0.52734375 0.05625 0.0421875
0 0.34375 0.48203125 0.05625 0.046875
0 0.3421875 0.44375 0.059375 0.046875
0 0.31015625 0.3921875 0.059375 0.0453125
0 0.30546875 0.34140625 0.0625 0.0390625
0 0.3125 0.6421875 0.05625 0.046875
0 0.31875 0.590625 0.053125 0.04375
0 0.3109375 0.5453125 0.0484375 0.040625
0 0.31015625 0.5078125 0.05 0.0375
0 0.30703125 0.465625 0.05 0.0375
0 0.290625 0.42265625 0.05625 0.040625
0 0.2640625 0.371875 0.05625 0.0484375
0 0.25234375 0.44453125 0.0625 0.046875
0 0.26796875 0.490625 0.059375 0.040625
0 0.2734375 0.5265625 0.05625 0.0390625
0 0.26640625 0.571875 0.0609375 0.05
0 0.28515625 0.61015625 0.05625 0.04375