0 0.3703125 0.62265625 0.0625 0.06875
0 0.40625 0.6515625 0.05625 0.05625
0 0.434375 0.628125 0.059375 0.0671875
0 0.44921875 0.56015625 0.065625 0.078125
0 0.4390625 0.75703125 0.0625 0.0625
0 0.465625 0.68671875 0.06875 0.06875
0 0.48828125 0.63515625 0.059375 0.06875
0 0.43671875 0.7859375 0.059375 0.059375
0 0.48671875 0.7953125 0.0625 0.0671875
0 0.4796875 0.8265625 0.0453125 0.059375
0 0.51484375 0.875 0.0484375 0.065625
0 0.559375 0.89765625 0.0625 0.0515625
0 0.56328125 0.9390625 0.05625 0.0484375
0 0.5234375 0.81015625 0.0484375 0.053125
0 0.51875 0.7359375 0.05625 0.0609375
0 0.559375 0.740625 0.05 0.0609375
0 0.5921875 0.79609375 0.0625 0.059375
0 0.59453125 0.86328125 0.053125 0.059375
0 0.6046875 0.92265625 0.046875 0.0453125
0 0.6421875 0.92890625 0.046875 0.05
0 0.64453125 0.88125 0.053125 0.05
0 0.64140625 0.8328125 0.046875 0.05
0 0.621875 0.778125 0.053125 0.0625
0 0.6421875 0.7875 0.059375 0.065625
0 0.70703125 0.96796875 0.0546875 0.0515625
0 0.7 0.88671875 0.0515625 0.053125
0 0.7421875 0.92421875 0.04375 0.05625
0 0.765625 0.8734375 0.053125 0.053125
0 0.7703125 0.94296875 0.046875 0.0484375
0 0.80390625 0.91875 0.05 0.05
0 0.815625 0.94921875 0.0484375 0.0625
0 0.871875 0.9453125 0.053125 0.053125
0 0.925 0.9296875 0.0546875 0.0625
0 0.94765625 0.89453125 0.04375 0.0625
0 0.921875 0.81953125 0.0546875 0.05625
0 0.9515625 0.72109375 0.059375 0.053125
0 0.9453125 0.79140625 0.0484375 0.05625
0 0.9046875 0.68828125 0.0640625 0.0625
0 0.8640625 0.6171875 0.0671875 0.071875
0 0.890625 0.7359375 0.065625 0.06875
0 0.84140625 0.7640625 0.05625 0.0734375
0 0.8375 0.71015625 0.059375 0.0515625
0 0.828125 0.82578125 0.05625 0.059375
0 0.796875 0.82265625 0.053125 0.06875
0 0.796875 0.75546875 0.05625 0.071875
0 0.79453125 0.68984375 0.0625 0.06875
0 0.74609375 0.78828125 0.0625 0.053125
0 0.759375 0.75390625 0.059375 0.071875
0 0.690625 0.809375 0.05 0.071875
0 0.7890625 0.5546875 0.0671875 0.075
0 0.7765625 0.50078125 0.0671875 0.0859375
0 0.7640625 0.6171875 0.05625 0.0640625
0 0.7203125 0.64765625 0.053125 0.0734375
0 0.71171875 0.56953125 0.0609375 0.065625
0 0.66484375 0.61640625 0.053125 0.0640625
0 0.64765625 0.70546875 0.053125 0.065625
0 0.66953125 0.7078125 0.0453125 0.0625
0 0.59375 0.703125 0.05625 0.065625
0 0.6140625 0.63671875 0.0578125 0.065625
0 0.56015625 0.62109375 0.059375 0.0671875
0 0.54375 0.5484375 0.0625 0.0765625
0 0.59765625 0.56953125 0.05625 0.06875
0 0.6375 0.53671875 0.0640625 0.075
0 0.696875 0.4734375 0.0625 0.08125
0 0.646875 0.421875 0.06875 0.078125
0 0.69140625 0.3515625 0.0625 0.0890625
0 0.72890625 0.37734375 0.0640625 0.0875
0 0.340625 0.43984375 0.065625 0.0875
0 0.3328125 0.35390625 0.075 0.08125
0 0.3375 0.2625 0.078125 0.0953125
0 0.40703125 0.43828125 0.059375 0.075
0 0.4 0.3609375 0.075 0.084375
0 0.4203125 0.27109375 0.0828125 0.1125
0 0.40234375 0.15703125 0.078125 0.090625
0 0.46796875 0.43203125 0.065625 0.084375
0 0.5078125 0.48671875 0.0671875 0.075
0 0.571875 0.4921875 0.0625 0.0734375
0 0.58515625 0.42265625 0.0625 0.084375
0 0.503125 0.3953125 0.06875 0.084375
0 0.48671875 0.29921875 0.065625 0.078125
0 0.4671875 0.2171875 0.075 0.1015625
0 0.45625 0.09921875 0.071875 0.109375
0 0.55859375 0.3421875 0.075 0.096875
0 0.5453125 0.23203125 0.06875 0.096875
0 0.52890625 0.14765625 0.071875 0.0984375
0 0.5109375 0.04453125 0.0734375 0.0875
0 0.58671875 0.06015625 0.071875 0.1078125
0 0.60234375 0.14921875 0.065625 0.0859375
0 0.6203125 0.2515625 0.071875 0.096875
0 0.61171875 0.33203125 0.0609375 0.0875
0 0.6984375 0.259375 0.075 0.096875
0 0.6703125 0.15546875 0.06875 0.0875
0 0.665625 0.08046875 0.078125 0.103125
0 0.63671875 0.0125 0.04375 0.025
0 0.6859375 0.01875 0.040625 0.0375
0 0.78671875 0.39765625 0.053125 0.05625
0 0.803125 0.43203125 0.0453125 0.053125
0 0.8484375 0.44609375 0.0421875 0.0546875
0 0.87890625 0.3984375 0.0421875 0.05
0 0.8546875 0.35859375 0.05 0.0546875
0 0.8125 0.340625 0.0421875 0.05625
0 0.778125 0.3171875 0.0421875 0.053125
0 0.7546875 0.27265625 0.0453125 0.059375
0 0.7359375 0.2171875 0.04375 0.05
0 0.70859375 0.13046875 0.0421875 0.0625
0 0.71484375 0.06640625 0.059375 0.071875
0 0.72890625 0.01640625 0.034375 0.03125
0 0.74609375 0.1625 0.05 0.059375
0 0.75546875 0.10078125 0.053125 0.0640625
0 0.77109375 0.0390625 0.053125 0.065625
0 0.8203125 0.0546875 0.053125 0.059375
0 0.834375 0.1109375 0.046875 0.059375
0 0.7890625 0.1296875 0.0484375 0.065625
0 0.78203125 0.1984375 0.0484375 0.0546875
0 0.7953125 0.253125 0.0421875 0.053125
0 0.84296875 0.278125 0.0484375 0.0609375
0 0.8890625 0.3046875 0.05 0.059375
0 0.88359375 0.2421875 0.05 0.05625
0 0.8421875 0.21015625 0.05 0.05625
0 0.81875 0.16484375 0.05 0.0609375
0 0.8625 0.153125 0.046875 0.0625
0 0.91484375 0.17734375 0.0515625 0.053125
0 0.921875 0.2859375 0.05 0.0609375
0 0.915625 0.1109375 0.059375 0.065625
0 0.88125 0.0625 0.05625 0.0703125
0 0.8609375 0.025 0.0625 0.05
0 0.92421875 0.02734375 0.0578125 0.053125
0 0.9453125 0.06796875 0.0578125 0.065625