0 0.81484375 0.2890625 0.06875 0.0546875
0 0.659375 0.2640625 0.0625 0.04375
0 0.61015625 0.2 0.06875 0.05
0 0.53515625 0.18671875 0.06875 0.0546875
0 0.4953125 0.10546875 0.0765625 0.0578125
0 0.4421875 0.18203125 0.08125 0.0671875
0 0.4984375 0.2328125 0.065625 0.05
0 0.45078125 0.296875 0.0625 0.046875
0 0.54453125 0.3265625 0.065625 0.0484375
0 0.62578125 0.35234375 0.059375 0.046875
0 0.5984375 0.40546875 0.06875 0.0484375
0 0.6953125 0.4203125 0.075 0.05625
0 0.6546875 0.45859375 0.0625 0.046875
0 0.5078125 0.38515625 0.059375 0.0453125
0 0.5265625 0.45234375 0.05625 0.0421875
0 0.425 0.43203125 0.065625 0.05
0 0.48203125 0.48828125 0.0625 0.0453125
0 0.4046875 0.52734375 0.078125 0.05625
0 0.37890625 0.35 0.071875 0.05625
0 0.38046875 0.08671875 0.0625 0.05
0 0.34765625 0.1421875 0.08125 0.0625
0 0.33671875 0.25546875 0.065625 0.0484375
0 0.27578125 0.3 0.065625 0.05
0 0.3078125 0.034375 0.0640625 0.053125
0 0.253125 0.0203125 0.0796875 0.040625
0 0.271875 0.103125 0.06875 0.0515625
0 0.1984375 0.1578125 0.0734375 0.059375
0 0.26640625 0.190625 0.071875 0.0546875
0 0.19921875 0.27265625 0.0921875 0.053125
0 0.21953125 0.35625 0.078125 0.05625
0 0.3046875 0.4 0.06875 0.053125
0 0.23046875 0.44453125 0.078125 0.059375
0 0.271875 0.5140625 0.075 0.05625
0 0.35390625 0.47578125 0.0609375 0.046875
0 0.3 0.575 0.065625 0.05
0 0.3359375 0.63984375 0.0625 0.046875
0 0.49296875 0.5671875 0.05625 0.04375
0 0.53828125 0.609375 0.0546875 0.040625
0 0.60625 0.58125 0.0625 0.040625
0 0.6609375 0.52421875 0.0625 0.04375
0 0.39453125 0.68671875 0.0609375 0.04375
0 0.30859375 0.709375 0.06875 0.053125
0 0.29375 0.784375 0.06875 0.05
0 0.37890625 0.77421875 0.0765625 0.0546875
0 0.46328125 0.653125 0.06875 0.053125
0 0.3046875 0.86015625 0.065625 0.0421875
0 0.34296875 0.890625 0.059375 0.0453125
0 0.37578125 0.93203125 0.071875 0.046875
0 0.40703125 0.82578125 0.075 0.05
0 0.4734375 0.78203125 0.06875 0.05
0 0.42890625 0.88125 0.059375 0.04375
0 0.45390625 0.97109375 0.0625 0.0421875
0 0.509375 0.90625 0.0625 0.0484375
0 0.5703125 0.91171875 0.0625 0.0453125
0 0.56484375 0.8078125 0.075 0.046875
0 0.56015625 0.7640625 0.075 0.053125
0 0.54765625 0.70625 0.0625 0.046875
0 0.48828125 0.83359375 0.0640625 0.0453125
0 0.696875 0.93046875 0.0625 0.0375
0 0.703125 0.88359375 0.071875 0.0515625
0 0.67109375 0.8265625 0.06875 0.0453125
0 0.65859375 0.75859375 0.08125 0.059375
0 0.65078125 0.66328125 0.071875 0.05
0 0.7421875 0.74296875 0.06875 0.046875
0 0.75546875 0.78359375 0.065625 0.046875
0 0.790625 0.63828125 0.075 0.053125
0 0.84765625 0.7296875 0.0625 0.0453125
0 0.896875 0.64921875 0.078125 0.053125
0 0.82734375 0.58046875 0.078125 0.0546875
0 0.8859375 0.575 0.065625 0.053125
0 0.946875 0.58203125 0.0625 0.040625
0 0.9453125 0.515625 0.0703125 0.053125
0 0.86796875 0.48203125 0.078125 0.05625
0 0.96953125 0.46484375 0.0609375 0.0453125
0 0.91796875 0.41796875 0.0640625 0.04375
0 0.83203125 0.403125 0.0640625 0.046875
0 0.77578125 0.459375 0.0625 0.046875
0 0.5734375 0.49375 0.059375 0.04375
0 0.4109375 0.9765625 0.0625 0.046875
0 0.13984375 0.0546875 0.08125 0.0625