0 0.7109375 0.18515625 0.0546875 0.06875
0 0.7359375 0.340625 0.04375 0.0625
0 0.8 0.38984375 0.05 0.06875
0 0.81328125 0.46484375 0.0546875 0.06875
0 0.89453125 0.5046875 0.0578125 0.0765625
0 0.81796875 0.5578125 0.0671875 0.08125
0 0.7671875 0.5015625 0.05 0.065625
0 0.703125 0.54921875 0.046875 0.0625
0 0.6734375 0.45546875 0.0484375 0.065625
0 0.64765625 0.37421875 0.046875 0.059375
0 0.59453125 0.4015625 0.0484375 0.06875
0 0.5796875 0.3046875 0.05625 0.075
0 0.54140625 0.3453125 0.046875 0.0625
0 0.61484375 0.4921875 0.0453125 0.059375
0 0.54765625 0.4734375 0.0421875 0.05625
0 0.56796875 0.575 0.05 0.065625
0 0.51171875 0.51796875 0.0453125 0.0625
0 0.47265625 0.5953125 0.05625 0.078125
0 0.65 0.62109375 0.05625 0.071875
0 0.91328125 0.61953125 0.05 0.0625
0 0.8578125 0.65234375 0.0625 0.08125
0 0.74453125 0.66328125 0.0484375 0.065625
0 0.7 0.72421875 0.05 0.065625
0 0.965625 0.6921875 0.053125 0.0640625
0 0.9796875 0.746875 0.040625 0.0796875
0 0.896875 0.728125 0.0515625 0.06875
0 0.8421875 0.8015625 0.059375 0.0734375
0 0.809375 0.73359375 0.0546875 0.071875
0 0.72734375 0.80078125 0.053125 0.0921875
0 0.64375 0.78046875 0.05625 0.078125
0 0.6 0.6953125 0.053125 0.06875
0 0.55546875 0.76953125 0.059375 0.078125
0 0.4859375 0.728125 0.05625 0.075
0 0.52421875 0.64609375 0.046875 0.0609375
0 0.425 0.7 0.05 0.065625
0 0.36015625 0.6640625 0.046875 0.0625
0 0.4328125 0.50703125 0.04375 0.05625
0 0.390625 0.46171875 0.040625 0.0546875
0 0.41875 0.39375 0.040625 0.0625
0 0.47578125 0.3390625 0.04375 0.0625
0 0.31328125 0.60546875 0.04375 0.0609375
0 0.290625 0.69140625 0.053125 0.06875
0 0.215625 0.70625 0.05 0.06875
0 0.22578125 0.62109375 0.0546875 0.0765625
0 0.346875 0.53671875 0.053125 0.06875
0 0.13984375 0.6953125 0.040625 0.065625
0 0.109375 0.65703125 0.04375 0.059375
0 0.06796875 0.62421875 0.046875 0.071875
0 0.17421875 0.59296875 0.05 0.075
0 0.21796875 0.5265625 0.05 0.06875
0 0.11875 0.57109375 0.04375 0.059375
0 0.02890625 0.54609375 0.0421875 0.0625
0 0.09375 0.490625 0.0484375 0.0625
0 0.08828125 0.4296875 0.0453125 0.0625
0 0.1921875 0.43515625 0.046875 0.075
0 0.2359375 0.43984375 0.053125 0.075
0 0.29375 0.45234375 0.046875 0.0625
0 0.16640625 0.51171875 0.0453125 0.0640625
0 0.06953125 0.303125 0.0375 0.0625
0 0.11640625 0.296875 0.05 0.071875
0 0.1734375 0.32890625 0.0453125 0.06875
0 0.24140625 0.34140625 0.059375 0.08125
0 0.33671875 0.34921875 0.05 0.071875
0 0.25703125 0.2578125 0.046875 0.06875
0 0.21640625 0.24453125 0.046875 0.065625
0 0.36171875 0.209375 0.053125 0.075
0 0.2703125 0.15234375 0.0453125 0.0625
0 0.35078125 0.103125 0.053125 0.078125
0 0.41953125 0.17265625 0.053125 0.078125
0 0.425 0.1140625 0.053125 0.065625
0 0.41796875 0.053125 0.040625 0.0625
0 0.484375 0.0546875 0.053125 0.0703125
0 0.51796875 0.13203125 0.05625 0.078125
0 0.53515625 0.03046875 0.0453125 0.0609375
0 0.58203125 0.08203125 0.04375 0.0640625
0 0.596875 0.16796875 0.046875 0.0640625
0 0.540625 0.22421875 0.046875 0.0625
0 0.50625 0.4265625 0.04375 0.059375
0 0.0234375 0.5890625 0.046875 0.0625
0 0.9453125 0.86015625 0.0625 0.08125