0 0.0796875 0.584375 0.05 0.0328125
0 0.06171875 0.540625 0.040625 0.0375
0 0.03359375 0.496875 0.05625 0.034375
0 0.06953125 0.521875 0.05 0.0390625
0 0.0859375 0.49375 0.05625 0.046875
0 0.0625 0.4515625 0.059375 0.040625
0 0.075 0.428125 0.046875 0.034375
0 0.03203125 0.4 0.05 0.04375
0 0.04921875 0.36875 0.053125 0.04375
0 0.01953125 0.32890625 0.0375 0.0421875
0 0.03125 0.290625 0.053125 0.046875
0 0.03046875 0.2078125 0.053125 0.046875
0 0.02265625 0.2515625 0.03125 0.0375
0 0.059375 0.2515625 0.059375 0.05625
0 0.09140625 0.16328125 0.06875 0.0515625
0 0.11484375 0.1171875 0.071875 0.059375
0 0.17421875 0.1078125 0.06875 0.05625
0 0.15546875 0.15859375 0.065625 0.0546875
0 0.13515625 0.21484375 0.059375 0.0453125
0 0.08046875 0.2078125 0.05625 0.04375
0 0.11953125 0.60625 0.046875 0.0359375
0 0.1515625 0.625 0.04375 0.0328125
0 0.1859375 0.64296875 0.05625 0.040625
0 0.19609375 0.6859375 0.053125 0.028125
0 0.22109375 0.66484375 0.05 0.03125
0 0.2375 0.646875 0.05 0.028125
0 0.23984375 0.69140625 0.04375 0.0390625
0 0.3 0.721875 0.046875 0.028125
0 0.29140625 0.6921875 0.046875 0.034375
0 0.27109375 0.66484375 0.046875 0.0296875
0 0.3515625 0.71640625 0.040625 0.0359375
0 0.3953125 0.715625 0.05 0.03125
0 0.44140625 0.715625 0.04375 0.03125
0 0.48046875 0.715625 0.046875 0.028125
0 0.5296875 0.7125 0.046875 0.028125
0 0.56484375 0.703125 0.05625 0.0375
0 0.60859375 0.6921875 0.040625 0.028125
0 0.6515625 0.6859375 0.05 0.034375
0 0.70078125 0.690625 0.05 0.03125
0 0.7296875 0.66484375 0.05 0.03125
0 0.75859375 0.64140625 0.053125 0.03125
0 0.7890625 0.6125 0.05 0.034375
0 0.81796875 0.5859375 0.046875 0.0375
0 0.84921875 0.5578125 0.05625 0.03125
0 0.8828125 0.5296875 0.04375 0.0328125
0 0.9109375 0.5 0.05625 0.040625
0 0.94296875 0.46875 0.05625 0.04375
0 0.93515625 0.434375 0.0625 0.034375
0 0.9140625 0.4015625 0.0625 0.0375
0 0.90234375 0.3734375 0.065625 0.040625
0 0.88984375 0.34375 0.0625 0.046875
0 0.87421875 0.3015625 0.059375 0.046875
0 0.84453125 0.259375 0.06875 0.05
0 0.82265625 0.21875 0.071875 0.0515625
0 0.79765625 0.1765625 0.06875 0.046875
0 0.76875 0.128125 0.065625 0.046875
0 0.70859375 0.1109375 0.065625 0.053125
0 0.64140625 0.13125 0.071875 0.059375
0 0.61171875 0.0828125 0.06875 0.05
0 0.546875 0.0828125 0.071875 0.05
0 0.47890625 0.0796875 0.078125 0.053125
0 0.41328125 0.0796875 0.071875 0.05625
0 0.34609375 0.0765625 0.075 0.05625
0 0.265625 0.078125 0.06875 0.05625
0 0.240625 0.1296875 0.078125 0.046875
0 0.11484375 0.2515625 0.0625 0.04375
0 0.08828125 0.2953125 0.065625 0.05
0 0.06640625 0.33203125 0.05625 0.046875
0 0.08671875 0.4015625 0.053125 0.040625
0 0.1296875 0.51484375 0.05 0.034375
0 0.09921875 0.553125 0.04375 0.04375
0 0.15 0.5578125 0.053125 0.040625
0 0.17578125 0.5953125 0.053125 0.0375
0 0.25234375 0.621875 0.05 0.034375
0 0.28671875 0.640625 0.05 0.03125
0 0.31328125 0.675 0.046875 0.028125
0 0.33671875 0.696875 0.05 0.03125
0 0.38046875 0.69375 0.046875 0.0328125
0 0.42578125 0.696875 0.05 0.03125
0 0.47421875 0.6984375 0.05 0.028125
0 0.521875 0.6984375 0.04375 0.03125
0 0.54609375 0.6765625 0.0375 0.034375
0 0.5921875 0.6765625 0.046875 0.03125
0 0.63359375 0.671875 0.046875 0.0265625
0 0.68515625 0.6671875 0.053125 0.028125
0 0.71328125 0.6453125 0.046875 0.03125
0 0.74140625 0.615625 0.046875 0.03125
0 0.77265625 0.590625 0.04375 0.03125
0 0.8 0.5625 0.046875 0.034375
0 0.83515625 0.534375 0.053125 0.03125
0 0.86953125 0.5140625 0.059375 0.0375
0 0.89765625 0.47421875 0.05 0.0453125
0 0.22890625 0.590625 0.05 0.0375
0 0.2 0.55703125 0.046875 0.0375
0 0.17578125 0.5265625 0.04375 0.034375
0 0.1453125 0.49375 0.04375 0.0375
0 0.115625 0.46015625 0.053125 0.0328125
0 0.12734375 0.4359375 0.046875 0.0375
0 0.1640625 0.4671875 0.053125 0.0390625
0 0.19453125 0.4953125 0.05 0.034375
0 0.22421875 0.5234375 0.053125 0.034375
0 0.25078125 0.55703125 0.05 0.0375
0 0.27890625 0.58828125 0.05 0.0375
0 0.3078125 0.6140625 0.04375 0.03125
0 0.33359375 0.6453125 0.0375 0.03125
0 0.35703125 0.6703125 0.040625 0.034375
0 0.41015625 0.6703125 0.04375 0.028125
0 0.38125 0.646875 0.040625 0.03125
0 0.35390625 0.61796875 0.053125 0.0296875
0 0.33203125 0.5875 0.053125 0.03125
0 0.3046875 0.5546875 0.05 0.0359375
0 0.27578125 0.5265625 0.059375 0.03125
0 0.2484375 0.49375 0.05 0.03125
0 0.21484375 0.4671875 0.046875 0.03125
0 0.18046875 0.43515625 0.053125 0.034375
0 0.10390625 0.371875 0.05 0.0375
0 0.14296875 0.40625 0.046875 0.034375
0 0.1234375 0.33359375 0.059375 0.0484375
0 0.159375 0.37265625 0.053125 0.0421875
0 0.1921875 0.4078125 0.05625 0.04375
0 0.23125 0.4390625 0.053125 0.0375
0 0.2671875 0.4671875 0.05 0.03125
0 0.29453125 0.4984375 0.053125 0.0375
0 0.32578125 0.5265625 0.05 0.034375
0 0.34921875 0.553125 0.05 0.03125
0 0.3765625 0.58515625 0.053125 0.0359375
0 0.40234375 0.6140625 0.053125 0.03125
0 0.42578125 0.646875 0.046875 0.028125
0 0.44765625 0.67265625 0.04375 0.025
0 0.4984375 0.6703125 0.046875 0.028125
0 0.4765625 0.6421875 0.04375 0.034375
0 0.45234375 0.6140625 0.0375 0.03125
0 0.42734375 0.5859375 0.05 0.03125
0 0.40546875 0.559375 0.04375 0.03125
0 0.37265625 0.5375 0.046875 0.03125
0 0.3484375 0.50546875 0.046875 0.0375
0 0.32109375 0.471875 0.05 0.03125
0 0.28515625 0.44375 0.053125 0.034375
0 0.25546875 0.409375 0.046875 0.0375
0 0.22421875 0.3703125 0.053125 0.0375
0 0.190625 0.33515625 0.053125 0.0390625
0 0.15390625 0.29609375 0.05625 0.0390625
0 0.1703125 0.2546875 0.053125 0.0390625
0 0.21328125 0.29609375 0.059375 0.0453125
0 0.24453125 0.33359375 0.05625 0.0421875
0 0.278125 0.3734375 0.046875 0.040625
0 0.31015625 0.40859375 0.05625 0.0390625
0 0.34140625 0.4453125 0.053125 0.0359375
0 0.36953125 0.478125 0.05 0.0375
0 0.39921875 0.5078125 0.05 0.034375
0 0.42421875 0.534375 0.053125 0.03125
0 0.45078125 0.55859375 0.05 0.0265625
0 0.475 0.58671875 0.040625 0.0296875
0 0.49921875 0.6171875 0.04375 0.03125
0 0.52265625 0.64296875 0.046875 0.03125
0 0.57265625 0.6453125 0.040625 0.03125
0 0.5484375 0.61875 0.040625 0.034375
0 0.52265625 0.59375 0.040625 0.034375
0 0.5015625 0.565625 0.040625 0.03125
0 0.475 0.5375 0.04375 0.0296875
0 0.446875 0.509375 0.040625 0.034375
0 0.42421875 0.47890625 0.053125 0.0375
0 0.3953125 0.4453125 0.04375 0.034375
0 0.365625 0.4109375 0.046875 0.0375
0 0.33671875 0.3734375 0.053125 0.040625
0 0.30234375 0.3359375 0.05 0.046875
0 0.26875 0.296875 0.05 0.04375
0 0.23359375 0.25546875 0.05 0.040625
0 0.19609375 0.215625 0.0625 0.046875
0 0.225 0.171875 0.059375 0.0546875
0 0.26171875 0.2171875 0.05625 0.0515625
0 0.29453125 0.2609375 0.0625 0.0453125
0 0.32890625 0.3015625 0.059375 0.0453125
0 0.36171875 0.3390625 0.053125 0.040625
0 0.39140625 0.378125 0.05625 0.040625
0 0.42265625 0.4140625 0.053125 0.04375
0 0.4515625 0.44765625 0.05625 0.0328125
0 0.47890625 0.4796875 0.05 0.0359375
0 0.50390625 0.5140625 0.05 0.03125
0 0.52734375 0.54375 0.04375 0.03125
0 0.55078125 0.56875 0.04375 0.03125
0 0.5734375 0.59140625 0.04375 0.03125
0 0.596875 0.61875 0.04375 0.028125
0 0.61484375 0.65390625 0.04375 0.0234375
0 0.66328125 0.6453125 0.0375 0.03125
0 0.64453125 0.6203125 0.0375 0.03125
0 0.6234375 0.59375 0.046875 0.03125
0 0.6015625 0.5703125 0.046875 0.034375
0 0.57890625 0.5453125 0.04375 0.0375
0 0.55390625 0.5125 0.053125 0.034375
0 0.53046875 0.4828125 0.05625 0.03125
0 0.50703125 0.45 0.053125 0.034375
0 0.47578125 0.4140625 0.05 0.0375
0 0.44921875 0.38125 0.053125 0.0375
0 0.41796875 0.340625 0.05 0.0375
0 0.3890625 0.30390625 0.0625 0.0421875
0 0.35625 0.259375 0.065625 0.046875
0 0.321875 0.21875 0.071875 0.0546875
0 0.2890625 0.171875 0.0625 0.05
0 0.3171875 0.12890625 0.065625 0.0546875
0 0.353125 0.1734375 0.059375 0.046875
0 0.38515625 0.21875 0.05625 0.0515625
0 0.41953125 0.2625 0.0625 0.046875
0 0.4515625 0.30625 0.05 0.04375
0 0.47890625 0.340625 0.05625 0.046875
0 0.50703125 0.3796875 0.053125 0.040625
0 0.53515625 0.415625 0.059375 0.040625
0 0.56015625 0.4484375 0.053125 0.040625
0 0.5859375 0.478125 0.05625 0.0375
0 0.60546875 0.51015625 0.053125 0.0359375
0 0.62890625 0.540625 0.053125 0.0328125
0 0.6515625 0.56953125 0.05 0.028125
0 0.675 0.5984375 0.046875 0.0296875
0 0.696875 0.6234375 0.053125 0.034375
0 0.72734375 0.5921875 0.04375 0.034375
0 0.70625 0.5703125 0.046875 0.03125
0 0.68828125 0.5421875 0.05 0.0359375
0 0.66171875 0.51484375 0.05 0.0359375
0 0.640625 0.484375 0.05 0.040625
0 0.61171875 0.45 0.05625 0.034375
0 0.59140625 0.41875 0.05625 0.0375
0 0.565625 0.3796875 0.059375 0.0421875
0 0.5421875 0.3453125 0.059375 0.0421875
0 0.5078125 0.3046875 0.0625 0.040625
0 0.48125 0.2625 0.059375 0.046875
0 0.44921875 0.22109375 0.0625 0.04375
0 0.41875 0.16875 0.053125 0.046875
0 0.38984375 0.1296875 0.053125 0.046875
0 0.45234375 0.128125 0.0625 0.046875
0 0.48046875 0.1734375 0.059375 0.0484375
0 0.5109375 0.2203125 0.06875 0.046875
0 0.54140625 0.265625 0.0625 0.05
0 0.5671875 0.30625 0.0625 0.0421875
0 0.59609375 0.3453125 0.05625 0.04375
0 0.621875 0.3828125 0.059375 0.040625
0 0.64921875 0.4171875 0.053125 0.0375
0 0.671875 0.4484375 0.05 0.0375
0 0.69140625 0.484375 0.05625 0.0375
0 0.70859375 0.51484375 0.05 0.0359375
0 0.73828125 0.546875 0.05 0.0375
0 0.75703125 0.5671875 0.046875 0.03125
0 0.78203125 0.540625 0.053125 0.0375
0 0.76484375 0.51171875 0.046875 0.0296875
0 0.74609375 0.484375 0.05625 0.0359375
0 0.72421875 0.45390625 0.05 0.0359375
0 0.70703125 0.41875 0.053125 0.040625
0 0.6796875 0.38203125 0.065625 0.04375
0 0.6578125 0.3453125 0.05625 0.04375
0 0.62890625 0.30390625 0.053125 0.040625
0 0.603125 0.26328125 0.0625 0.0484375
0 0.575 0.22109375 0.065625 0.046875
0 0.54296875 0.178125 0.0625 0.053125
0 0.5109375 0.13125 0.0625 0.05
0 0.57890625 0.1328125 0.0625 0.05
0 0.609375 0.1796875 0.059375 0.053125
0 0.63984375 0.2234375 0.0625 0.0421875
0 0.665625 0.265625 0.0625 0.04375
0 0.6921875 0.30625 0.059375 0.040625
0 0.71640625 0.3453125 0.053125 0.040625
0 0.73828125 0.38125 0.05 0.0375
0 0.75859375 0.4171875 0.059375 0.0375
0 0.78125 0.453125 0.046875 0.034375
0 0.80078125 0.4875 0.05 0.03125
0 0.81484375 0.5109375 0.053125 0.028125
0 0.8484375 0.48125 0.05 0.040625
0 0.83203125 0.4515625 0.053125 0.040625
0 0.80859375 0.415625 0.046875 0.040625
0 0.79296875 0.37890625 0.05625 0.0375
0 0.76796875 0.33984375 0.05625 0.0390625
0 0.7515625 0.3015625 0.05625 0.04375
0 0.72265625 0.265625 0.065625 0.04375
0 0.69765625 0.22265625 0.05625 0.046875
0 0.6703125 0.1796875 0.0625 0.05
0 0.73203125 0.178125 0.0625 0.053125
0 0.75859375 0.22421875 0.05625 0.05
0 0.78515625 0.26171875 0.05 0.0453125
0 0.809375 0.3015625 0.0625 0.040625
0 0.82109375 0.3390625 0.059375 0.040625
0 0.84921875 0.375 0.046875 0.04375
0 0.86640625 0.409375 0.05625 0.0390625
0 0.88046875 0.446875 0.05 0.040625