0 0.7296875 0.31328125 0.0875 0.109375
0 0.6203125 0.340625 0.0890625 0.1125
0 0.5125 0.315625 0.08125 0.1125
0 0.77109375 0.40546875 0.0875 0.103125
0 0.68671875 0.4125 0.090625 0.109375
0 0.5578125 0.41484375 0.0875 0.103125
0 0.4625 0.39921875 0.078125 0.103125
0 0.3484375 0.38828125 0.078125 0.10625
0 0.2703125 0.4078125 0.075 0.109375
0 0.1890625 0.37890625 0.08125 0.1125
0 0.9015625 0.53359375 0.0859375 0.115625
0 0.834375 0.47265625 0.090625 0.115625
0 0.75 0.51328125 0.078125 0.103125
0 0.66875 0.51796875 0.0875 0.1125
0 0.58984375 0.50703125 0.0828125 0.10625
0 0.50546875 0.49921875 0.078125 0.103125
0 0.3890625 0.50546875 0.078125 0.103125
0 0.3234375 0.49296875 0.06875 0.103125
0 0.2375 0.50078125 0.078125 0.1
0 0.16171875 0.496875 0.08125 0.103125
0 0.8109375 0.80546875 0.071875 0.078125