0 0.31328125 0.2703125 0.109375 0.0875
0 0.340625 0.3796875 0.1125 0.0890625
0 0.315625 0.4875 0.1125 0.08125
0 0.40546875 0.22890625 0.103125 0.0875
0 0.4125 0.31328125 0.109375 0.090625
0 0.41484375 0.4421875 0.103125 0.0875
0 0.39921875 0.5375 0.103125 0.078125
0 0.38828125 0.6515625 0.10625 0.078125
0 0.4078125 0.7296875 0.109375 0.075
0 0.37890625 0.8109375 0.1125 0.08125
0 0.53359375 0.0984375 0.115625 0.0859375
0 0.47265625 0.165625 0.115625 0.090625
0 0.51328125 0.25 0.103125 0.078125
0 0.51796875 0.33125 0.1125 0.0875
0 0.50703125 0.41015625 0.10625 0.0828125
0 0.49921875 0.49453125 0.103125 0.078125
0 0.50546875 0.6109375 0.103125 0.078125
0 0.49296875 0.6765625 0.103125 0.06875
0 0.50078125 0.7625 0.1 0.078125
0 0.496875 0.83828125 0.103125 0.08125
0 0.80546875 0.1890625 0.078125 0.071875