0 0.69609375 0.86328125 0.05625 0.0421875
0 0.69921875 0.8234375 0.05625 0.0421875
0 0.6984375 0.78203125 0.05625 0.0375
0 0.69765625 0.740625 0.053125 0.040625
0 0.69921875 0.6984375 0.053125 0.040625
0 0.65390625 0.925 0.046875 0.0375
0 0.65078125 0.8859375 0.053125 0.0421875
0 0.65234375 0.84140625 0.05625 0.040625
0 0.65234375 0.8 0.053125 0.040625
0 0.65078125 0.76015625 0.046875 0.0390625
0 0.65 0.71875 0.046875 0.0359375
0 0.646875 0.68125 0.053125 0.040625
0 0.66171875 0.64375 0.05625 0.040625
0 0.65546875 0.60234375 0.05625 0.0421875
0 0.66171875 0.5625 0.05625 0.0375
0 0.66953125 0.5234375 0.05 0.040625
0 0.66328125 0.46953125 0.05 0.0375
0 0.66484375 0.434375 0.053125 0.0375
0 0.66875 0.3890625 0.05 0.0375
0 0.67265625 0.34296875 0.053125 0.040625
0 0.67265625 0.2984375 0.05 0.040625
0 0.67421875 0.2609375 0.053125 0.0375
0 0.65859375 0.225 0.05 0.0375
0 0.68984375 0.18984375 0.053125 0.04375
0 0.60625 0.9296875 0.05 0.0390625
0 0.59921875 0.8984375 0.05 0.0421875
0 0.60078125 0.8578125 0.046875 0.040625
0 0.6078125 0.8140625 0.05625 0.040625
0 0.60625 0.7734375 0.05 0.040625
0 0.6046875 0.7359375 0.05 0.0375
0 0.60390625 0.696875 0.053125 0.0375
0 0.59765625 0.66328125 0.053125 0.0390625
0 0.6140625 0.61953125 0.05 0.0390625
0 0.6109375 0.578125 0.046875 0.0375
0 0.61953125 0.5421875 0.05 0.0375
0 0.62890625 0.50625 0.05 0.040625
0 0.61796875 0.4671875 0.046875 0.0375
0 0.61328125 0.428125 0.05 0.0375
0 0.61640625 0.39296875 0.046875 0.0328125
0 0.61953125 0.35625 0.05625 0.04375
0 0.62578125 0.31640625 0.05 0.0421875
0 0.625 0.27578125 0.053125 0.0421875
0 0.61171875 0.2359375 0.046875 0.040625
0 0.6078125 0.19765625 0.05 0.040625
0 0.54296875 0.934375 0.053125 0.040625
0 0.53984375 0.89375 0.05 0.04375
0 0.54296875 0.8515625 0.05 0.0421875
0 0.54609375 0.80859375 0.053125 0.0359375
0 0.534375 0.77890625 0.05625 0.0453125
0 0.5359375 0.734375 0.053125 0.0421875
0 0.5390625 0.69453125 0.05625 0.046875
0 0.53515625 0.653125 0.059375 0.04375
0 0.54140625 0.609375 0.05 0.040625
0 0.53828125 0.56796875 0.05625 0.040625
0 0.54609375 0.52734375 0.053125 0.0390625
0 0.546875 0.4875 0.053125 0.04375
0 0.54453125 0.446875 0.05 0.0375
0 0.55390625 0.409375 0.053125 0.040625
0 0.54765625 0.36796875 0.053125 0.04375
0 0.55859375 0.3328125 0.059375 0.040625
0 0.5546875 0.28203125 0.05625 0.04375
0 0.55703125 0.240625 0.053125 0.040625
0 0.54296875 0.19375 0.046875 0.04375
0 0.55703125 0.175 0.046875 0.0375
0 0.4953125 0.9515625 0.05 0.0375
0 0.48828125 0.9171875 0.05 0.05
0 0.49296875 0.8703125 0.053125 0.040625
0 0.49609375 0.83046875 0.053125 0.04375
0 0.49453125 0.7890625 0.05625 0.040625
0 0.4828125 0.7484375 0.053125 0.040625
0 0.490625 0.70625 0.059375 0.04375
0 0.48515625 0.671875 0.05625 0.04375
0 0.49453125 0.63125 0.05 0.04375
0 0.48984375 0.5859375 0.053125 0.0421875
0 0.49921875 0.5453125 0.053125 0.040625
0 0.49609375 0.5046875 0.053125 0.040625
0 0.49140625 0.465625 0.05625 0.0390625
0 0.496875 0.42578125 0.053125 0.0359375
0 0.50546875 0.3890625 0.05625 0.040625
0 0.50390625 0.3453125 0.046875 0.0390625
0 0.5109375 0.3046875 0.05 0.0375
0 0.50859375 0.2625 0.05 0.04375
0 0.50703125 0.225 0.05 0.0390625
0 0.4859375 0.1640625 0.046875 0.040625
0 0.47109375 0.20234375 0.053125 0.040625
0 0.43046875 0.178125 0.05625 0.0375
0 0.4609375 0.24375 0.05 0.0390625
0 0.44609375 0.9296875 0.053125 0.034375
0 0.4375 0.89765625 0.046875 0.04375
0 0.44140625 0.85390625 0.059375 0.04375
0 0.44453125 0.8125 0.05625 0.04375
0 0.44296875 0.76953125 0.05625 0.0421875
0 0.41953125 0.7359375 0.05625 0.0453125
0 0.43671875 0.68125 0.053125 0.046875
0 0.43671875 0.6390625 0.053125 0.04375
0 0.45234375 0.596875 0.053125 0.040625
0 0.44609375 0.56015625 0.053125 0.0390625
0 0.45078125 0.51875 0.046875 0.040625
0 0.44375 0.48046875 0.053125 0.040625
0 0.45234375 0.44453125 0.046875 0.0421875
0 0.45546875 0.40546875 0.05 0.034375
0 0.45859375 0.365625 0.05625 0.040625
0 0.4515625 0.32265625 0.053125 0.04375
0 0.46484375 0.28203125 0.05625 0.040625