0 0.30390625 0.86328125 0.05625 0.0421875
0 0.30078125 0.8234375 0.05625 0.0421875
0 0.3015625 0.78203125 0.05625 0.0375
0 0.30234375 0.740625 0.053125 0.040625
0 0.30078125 0.6984375 0.053125 0.040625
0 0.34609375 0.925 0.046875 0.0375
0 0.34921875 0.8859375 0.053125 0.0421875
0 0.34765625 0.84140625 0.05625 0.040625
0 0.34765625 0.8 0.053125 0.040625
0 0.34921875 0.76015625 0.046875 0.0390625
0 0.35 0.71875 0.046875 0.0359375
0 0.353125 0.68125 0.053125 0.040625
0 0.33828125 0.64375 0.05625 0.040625
0 0.34453125 0.60234375 0.05625 0.0421875
0 0.33828125 0.5625 0.05625 0.0375
0 0.33046875 0.5234375 0.05 0.040625
0 0.33671875 0.46953125 0.05 0.0375
0 0.33515625 0.434375 0.053125 0.0375
0 0.33125 0.3890625 0.05 0.0375
0 0.32734375 0.34296875 0.053125 0.040625
0 0.32734375 0.2984375 0.05 0.040625
0 0.32578125 0.2609375 0.053125 0.0375
0 0.34140625 0.225 0.05 0.0375
0 0.31015625 0.18984375 0.053125 0.04375
0 0.39375 0.9296875 0.05 0.0390625
0 0.40078125 0.8984375 0.05 0.0421875
0 0.39921875 0.8578125 0.046875 0.040625
0 0.3921875 0.8140625 0.05625 0.040625
0 0.39375 0.7734375 0.05 0.040625
0 0.3953125 0.7359375 0.05 0.0375
0 0.39609375 0.696875 0.053125 0.0375
0 0.40234375 0.66328125 0.053125 0.0390625
0 0.3859375 0.61953125 0.05 0.0390625
0 0.3890625 0.578125 0.046875 0.0375
0 0.38046875 0.5421875 0.05 0.0375
0 0.37109375 0.50625 0.05 0.040625
0 0.38203125 0.4671875 0.046875 0.0375
0 0.38671875 0.428125 0.05 0.0375
0 0.38359375 0.39296875 0.046875 0.0328125
0 0.38046875 0.35625 0.05625 0.04375
0 0.37421875 0.31640625 0.05 0.0421875
0 0.375 0.27578125 0.053125 0.0421875
0 0.38828125 0.2359375 0.046875 0.040625
0 0.3921875 0.19765625 0.05 0.040625
0 0.45703125 0.934375 0.053125 0.040625
0 0.46015625 0.89375 0.05 0.04375
0 0.45703125 0.8515625 0.05 0.0421875
0 0.45390625 0.80859375 0.053125 0.0359375
0 0.465625 0.77890625 0.05625 0.0453125
0 0.4640625 0.734375 0.053125 0.0421875
0 0.4609375 0.69453125 0.05625 0.046875
0 0.46484375 0.653125 0.059375 0.04375
0 0.45859375 0.609375 0.05 0.040625
0 0.46171875 0.56796875 0.05625 0.040625
0 0.45390625 0.52734375 0.053125 0.0390625
0 0.453125 0.4875 0.053125 0.04375
0 0.45546875 0.446875 0.05 0.0375
0 0.44609375 0.409375 0.053125 0.040625
0 0.45234375 0.36796875 0.053125 0.04375
0 0.44140625 0.3328125 0.059375 0.040625
0 0.4453125 0.28203125 0.05625 0.04375
0 0.44296875 0.240625 0.053125 0.040625
0 0.45703125 0.19375 0.046875 0.04375
0 0.44296875 0.175 0.046875 0.0375
0 0.5046875 0.9515625 0.05 0.0375
0 0.51171875 0.9171875 0.05 0.05
0 0.50703125 0.8703125 0.053125 0.040625
0 0.50390625 0.83046875 0.053125 0.04375
0 0.50546875 0.7890625 0.05625 0.040625
0 0.5171875 0.7484375 0.053125 0.040625
0 0.509375 0.70625 0.059375 0.04375
0 0.51484375 0.671875 0.05625 0.04375
0 0.50546875 0.63125 0.05 0.04375
0 0.51015625 0.5859375 0.053125 0.0421875
0 0.50078125 0.5453125 0.053125 0.040625
0 0.50390625 0.5046875 0.053125 0.040625
0 0.50859375 0.465625 0.05625 0.0390625
0 0.503125 0.42578125 0.053125 0.0359375
0 0.49453125 0.3890625 0.05625 0.040625
0 0.49609375 0.3453125 0.046875 0.0390625
0 0.4890625 0.3046875 0.05 0.0375
0 0.49140625 0.2625 0.05 0.04375
0 0.49296875 0.225 0.05 0.0390625
0 0.5140625 0.1640625 0.046875 0.040625
0 0.52890625 0.20234375 0.053125 0.040625
0 0.56953125 0.178125 0.05625 0.0375
0 0.5390625 0.24375 0.05 0.0390625
0 0.55390625 0.9296875 0.053125 0.034375
0 0.5625 0.89765625 0.046875 0.04375
0 0.55859375 0.85390625 0.059375 0.04375
0 0.55546875 0.8125 0.05625 0.04375
0 0.55703125 0.76953125 0.05625 0.0421875
0 0.58046875 0.7359375 0.05625 0.0453125
0 0.56328125 0.68125 0.053125 0.046875
0 0.56328125 0.6390625 0.053125 0.04375
0 0.54765625 0.596875 0.053125 0.040625
0 0.55390625 0.56015625 0.053125 0.0390625
0 0.54921875 0.51875 0.046875 0.040625
0 0.55625 0.48046875 0.053125 0.040625
0 0.54765625 0.44453125 0.046875 0.0421875
0 0.54453125 0.40546875 0.05 0.034375
0 0.54140625 0.365625 0.05625 0.040625
0 0.5484375 0.32265625 0.053125 0.04375
0 0.53515625 0.28203125 0.05625 0.040625