0 0.86484375 0.63671875 0.0328125 0.05
0 0.9015625 0.6953125 0.034375 0.046875
0 0.91875 0.7015625 0.025 0.05
0 0.909375 0.7484375 0.034375 0.053125
0 0.86953125 0.7359375 0.0390625 0.05
0 0.8265625 0.68671875 0.034375 0.05
0 0.78671875 0.696875 0.0390625 0.053125
0 0.76171875 0.66796875 0.0375 0.05
0 0.8671875 0.7734375 0.034375 0.04375
0 0.853125 0.80703125 0.0375 0.05
0 0.840625 0.84453125 0.034375 0.046875
0 0.80390625 0.884375 0.0359375 0.05
0 0.77734375 0.92109375 0.0328125 0.05
0 0.753125 0.8734375 0.034375 0.053125
0 0.8015625 0.75234375 0.0328125 0.046875
0 0.7546875 0.71953125 0.0375 0.05625
0 0.7125 0.67890625 0.0375 0.046875
0 0.7171875 0.73359375 0.0375 0.053125
0 0.7765625 0.76328125 0.03125 0.05
0 0.73671875 0.75546875 0.03125 0.046875
0 0.7578125 0.80234375 0.0375 0.046875
0 0.803125 0.80546875 0.03125 0.040625
0 0.73125 0.83515625 0.0328125 0.040625
0 0.71875 0.79765625 0.03125 0.040625
0 0.7078125 0.76171875 0.0375 0.053125
0 0.678125 0.69609375 0.034375 0.05
0 0.59296875 0.60703125 0.0390625 0.053125
0 0.646875 0.66484375 0.0390625 0.046875
0 0.590625 0.66328125 0.0375 0.046875
0 0.63359375 0.70390625 0.0375 0.040625
0 0.66484375 0.73671875 0.0390625 0.046875
0 0.63125 0.74765625 0.0375 0.046875
0 0.59140625 0.72109375 0.0421875 0.05
0 0.68125 0.7890625 0.034375 0.046875
0 0.646875 0.79296875 0.034375 0.04375
0 0.615625 0.790625 0.034375 0.05
0 0.5796875 0.78671875 0.034375 0.05625
0 0.70234375 0.8375 0.0359375 0.046875
0 0.6640625 0.8265625 0.0359375 0.04375
0 0.709375 0.87421875 0.0375 0.04375
0 0.67890625 0.865625 0.0328125 0.040625
0 0.64375 0.871875 0.0328125 0.05
0 0.6265625 0.83828125 0.034375 0.046875
0 0.721875 0.91171875 0.0328125 0.04375
0 0.6921875 0.91640625 0.03125 0.040625
0 0.66328125 0.91015625 0.034375 0.046875
0 0.63046875 0.91484375 0.0359375 0.05
0 0.71015625 0.96328125 0.0328125 0.04375
0 0.678125 0.9765625 0.0359375 0.04375
0 0.64765625 0.95078125 0.0328125 0.046875
0 0.6046875 0.94296875 0.0328125 0.046875
0 0.596875 0.878125 0.034375 0.05
0 0.590625 0.834375 0.0328125 0.04375
0 0.55 0.68671875 0.034375 0.04375
0 0.5234375 0.66484375 0.034375 0.046875
0 0.490625 0.65703125 0.034375 0.046875
0 0.50078125 0.696875 0.0390625 0.05
0 0.559375 0.74375 0.034375 0.046875
0 0.5234375 0.73203125 0.0375 0.046875
0 0.5234375 0.77734375 0.0390625 0.04375
0 0.54921875 0.8046875 0.034375 0.05
0 0.5625 0.8609375 0.034375 0.04375
0 0.5609375 0.91015625 0.0375 0.046875
0 0.5703125 0.94609375 0.034375 0.05
0 0.4859375 0.7375 0.0375 0.05
0 0.44765625 0.71171875 0.034375 0.046875
0 0.4515625 0.75703125 0.034375 0.05
0 0.4890625 0.78046875 0.03125 0.04375
0 0.5015625 0.8171875 0.034375 0.05
0 0.53125 0.84921875 0.0375 0.046875
0 0.5265625 0.89609375 0.034375 0.046875
0 0.5296875 0.95546875 0.034375 0.04375
0 0.4609375 0.80390625 0.0359375 0.046875
0 0.471875 0.84296875 0.03125 0.046875
0 0.48984375 0.88671875 0.034375 0.046875
0 0.5015625 0.92890625 0.0328125 0.05
0 0.4671875 0.93515625 0.0375 0.05
0 0.45703125 0.88828125 0.034375 0.053125
0 0.4390625 0.83828125 0.0375 0.05
0 0.42734375 0.92109375 0.0359375 0.046875
0 0.4171875 0.74140625 0.0375 0.046875
0 0.371875 0.74765625 0.0375 0.046875
0 0.3359375 0.74921875 0.0390625 0.05
0 0.3 0.7328125 0.034375 0.04375
0 0.2671875 0.74375 0.034375 0.046875
0 0.22421875 0.740625 0.0375 0.046875
0 0.17734375 0.6984375 0.0375 0.05
0 0.1609375 0.77265625 0.0375 0.05
0 0.4296875 0.7953125 0.034375 0.046875
0 0.3890625 0.78984375 0.034375 0.04375
0 0.35546875 0.809375 0.0359375 0.046875
0 0.31875 0.79453125 0.0375 0.046875
0 0.28359375 0.79140625 0.0390625 0.05625
0 0.24375 0.78671875 0.0375 0.046875
0 0.196875 0.7828125 0.034375 0.04375
0 0.4203125 0.87578125 0.040625 0.046875
0 0.3734375 0.86015625 0.034375 0.046875
0 0.40546875 0.8265625 0.034375 0.05
0 0.3296875 0.8421875 0.034375 0.046875
0 0.296875 0.82890625 0.034375 0.046875
0 0.26015625 0.82890625 0.0375 0.053125
0 0.22265625 0.81953125 0.0375 0.05
0 0.17734375 0.8234375 0.040625 0.046875
0 0.13125 0.8296875 0.040625 0.05
0 0.3453125 0.88359375 0.0375 0.04375
0 0.30625 0.878125 0.0375 0.05
0 0.271875 0.87265625 0.034375 0.053125
0 0.234375 0.86796875 0.040625 0.053125
0 0.19609375 0.87109375 0.040625 0.05
0 0.159375 0.8703125 0.040625 0.046875
0 0.115625 0.86796875 0.040625 0.04375
0 0.390625 0.9234375 0.034375 0.046875
0 0.35546875 0.928125 0.0359375 0.053125
0 0.31875 0.9265625 0.0375 0.05
0 0.28203125 0.92109375 0.0359375 0.05625
0 0.246875 0.91015625 0.0375 0.046875
0 0.209375 0.9171875 0.040625 0.059375
0 0.16875 0.9171875 0.040625 0.05625
0 0.12890625 0.915625 0.0359375 0.053125
0 0.09375 0.90859375 0.0359375 0.053125