0 0.36328125 0.13515625 0.05 0.0328125
0 0.3046875 0.0984375 0.046875 0.034375
0 0.2984375 0.08125 0.05 0.025
0 0.2515625 0.090625 0.053125 0.034375
0 0.2640625 0.13046875 0.05 0.0390625
0 0.31328125 0.1734375 0.05 0.034375
0 0.303125 0.21328125 0.053125 0.0390625
0 0.33203125 0.23828125 0.05 0.0375
0 0.2265625 0.1328125 0.04375 0.034375
0 0.19296875 0.146875 0.05 0.0375
0 0.15546875 0.159375 0.046875 0.034375
0 0.115625 0.19609375 0.05 0.0359375
0 0.07890625 0.22265625 0.05 0.0328125
0 0.1265625 0.246875 0.053125 0.034375
0 0.24765625 0.1984375 0.046875 0.0328125
0 0.28046875 0.2453125 0.05625 0.0375
0 0.32109375 0.2875 0.046875 0.0375
0 0.26640625 0.2828125 0.053125 0.0375
0 0.23671875 0.2234375 0.05 0.03125
0 0.24453125 0.26328125 0.046875 0.03125
0 0.19765625 0.2421875 0.046875 0.0375
0 0.19453125 0.196875 0.040625 0.03125
0 0.16484375 0.26875 0.040625 0.0328125
0 0.20234375 0.28125 0.040625 0.03125
0 0.23828125 0.2921875 0.053125 0.0375
0 0.30390625 0.321875 0.05 0.034375
0 0.39296875 0.40703125 0.053125 0.0390625
0 0.33515625 0.353125 0.046875 0.0390625
0 0.33671875 0.409375 0.046875 0.0375
0 0.29609375 0.36640625 0.040625 0.0375
0 0.26328125 0.33515625 0.046875 0.0390625
0 0.25234375 0.36875 0.046875 0.0375
0 0.27890625 0.40859375 0.05 0.0421875
0 0.2109375 0.31875 0.046875 0.034375
0 0.20703125 0.353125 0.04375 0.034375
0 0.209375 0.384375 0.05 0.034375
0 0.21328125 0.4203125 0.05625 0.034375
0 0.1625 0.29765625 0.046875 0.0359375
0 0.1734375 0.3359375 0.04375 0.0359375
0 0.12578125 0.290625 0.04375 0.0375
0 0.134375 0.32109375 0.040625 0.0328125
0 0.128125 0.35625 0.05 0.0328125
0 0.16171875 0.3734375 0.046875 0.034375
0 0.08828125 0.278125 0.04375 0.0328125
0 0.08359375 0.3078125 0.040625 0.03125
0 0.08984375 0.33671875 0.046875 0.034375
0 0.08515625 0.36953125 0.05 0.0359375
0 0.03671875 0.28984375 0.04375 0.0328125
0 0.0234375 0.321875 0.04375 0.0359375
0 0.04921875 0.35234375 0.046875 0.0328125
0 0.05703125 0.3953125 0.046875 0.0328125
0 0.121875 0.403125 0.05 0.034375
0 0.165625 0.409375 0.04375 0.0328125
0 0.31328125 0.45 0.04375 0.034375
0 0.33515625 0.4765625 0.046875 0.034375
0 0.34296875 0.509375 0.046875 0.034375
0 0.303125 0.49921875 0.05 0.0390625
0 0.25625 0.440625 0.046875 0.034375
0 0.26796875 0.4765625 0.046875 0.0375
0 0.22265625 0.4765625 0.04375 0.0390625
0 0.1953125 0.45078125 0.05 0.034375
0 0.1390625 0.4375 0.04375 0.034375
0 0.08984375 0.4390625 0.046875 0.0375
0 0.05390625 0.4296875 0.05 0.034375
0 0.2625 0.5140625 0.05 0.0375
0 0.28828125 0.55234375 0.046875 0.034375
0 0.24296875 0.5484375 0.05 0.034375
0 0.21953125 0.5109375 0.04375 0.03125
0 0.1828125 0.4984375 0.05 0.034375
0 0.15078125 0.46875 0.046875 0.0375
0 0.10390625 0.4734375 0.046875 0.034375
0 0.04453125 0.4703125 0.04375 0.034375
0 0.19609375 0.5390625 0.046875 0.0359375
0 0.15703125 0.528125 0.046875 0.03125
0 0.11328125 0.51015625 0.046875 0.034375
0 0.07109375 0.4984375 0.05 0.0328125
0 0.06484375 0.5328125 0.05 0.0375
0 0.11171875 0.54296875 0.053125 0.034375
0 0.16171875 0.5609375 0.05 0.0375
0 0.07890625 0.57265625 0.046875 0.0359375
0 0.25859375 0.5828125 0.046875 0.0375
0 0.25234375 0.628125 0.046875 0.0375
0 0.25078125 0.6640625 0.05 0.0390625
0 0.2671875 0.7 0.04375 0.034375
0 0.25625 0.7328125 0.046875 0.034375
0 0.259375 0.77578125 0.046875 0.0375
0 0.3015625 0.82265625 0.05 0.0375
0 0.22734375 0.8390625 0.05 0.0375
0 0.2046875 0.5703125 0.046875 0.034375
0 0.21015625 0.6109375 0.04375 0.034375
0 0.190625 0.64453125 0.046875 0.0359375
0 0.20546875 0.68125 0.046875 0.0375
0 0.20859375 0.71640625 0.05625 0.0390625
0 0.21328125 0.75625 0.046875 0.0375
0 0.2171875 0.803125 0.04375 0.0328125
0 0.12421875 0.5796875 0.046875 0.040625
0 0.13984375 0.6265625 0.046875 0.0359375
0 0.1734375 0.59453125 0.05 0.034375
0 0.1578125 0.6703125 0.046875 0.0359375
0 0.17109375 0.703125 0.046875 0.034375
0 0.17109375 0.73984375 0.053125 0.0375
0 0.18046875 0.77734375 0.05 0.0375
0 0.1765625 0.82265625 0.046875 0.040625
0 0.1703125 0.86875 0.05 0.040625
0 0.11640625 0.6546875 0.04375 0.0390625
0 0.121875 0.69375 0.05 0.0390625
0 0.12734375 0.728125 0.053125 0.034375
0 0.13203125 0.765625 0.053125 0.040625
0 0.12890625 0.80390625 0.05 0.040625
0 0.1296875 0.840625 0.046875 0.040625
0 0.13203125 0.884375 0.04375 0.040625
0 0.0765625 0.609375 0.046875 0.034375
0 0.071875 0.64453125 0.053125 0.0359375
0 0.0734375 0.68125 0.05 0.0375
0 0.07890625 0.71796875 0.05625 0.0359375
0 0.08984375 0.753125 0.046875 0.0375
0 0.0828125 0.790625 0.059375 0.0421875
0 0.0828125 0.83125 0.05625 0.040625
0 0.084375 0.87109375 0.053125 0.0359375
0 0.09140625 0.90625 0.053125 0.0359375