0 0.69765625 0.11484375 0.078125 0.0625
0 0.61953125 0.121875 0.078125 0.0609375
0 0.540625 0.1421875 0.084375 0.0625
0 0.47890625 0.18125 0.08125 0.0640625
0 0.7171875 0.17734375 0.0875 0.0625
0 0.61015625 0.1875 0.08125 0.059375
0 0.39609375 0.21328125 0.078125 0.059375
0 0.31953125 0.234375 0.08125 0.065625
0 0.2328125 0.2609375 0.08125 0.059375
0 0.5421875 0.221875 0.075 0.05625
0 0.74453125 0.2453125 0.071875 0.0578125
0 0.68046875 0.246875 0.078125 0.0625
0 0.61796875 0.26875 0.075 0.059375
0 0.5484375 0.2953125 0.078125 0.0609375
0 0.4609375 0.3078125 0.0875 0.059375
0 0.38671875 0.2734375 0.08125 0.059375
0 0.31171875 0.29296875 0.084375 0.0625
0 0.371875 0.33046875 0.084375 0.0625
0 0.79453125 0.28984375 0.078125 0.053125
0 0.70703125 0.31484375 0.078125 0.05625
0 0.6203125 0.32890625 0.075 0.0578125
0 0.51953125 0.35 0.08125 0.05625
0 0.43671875 0.3765625 0.08125 0.059375
0 0.1796875 0.309375 0.08125 0.05625
0 0.23125 0.35078125 0.084375 0.059375
0 0.13984375 0.3609375 0.09375 0.059375
0 0.77109375 0.36328125 0.075 0.0515625
0 0.75234375 0.4109375 0.078125 0.05625
0 0.66171875 0.39375 0.078125 0.0625
0 0.58359375 0.39453125 0.08125 0.0640625
0 0.8671875 0.4734375 0.071875 0.05625
0 0.79609375 0.44765625 0.078125 0.0578125
0 0.7015625 0.453125 0.075 0.059375
0 0.621875 0.4484375 0.071875 0.059375
0 0.53984375 0.45390625 0.08125 0.0625
0 0.459375 0.440625 0.084375 0.0625
0 0.37578125 0.4265625 0.075 0.065625
0 0.30390625 0.3953125 0.09375 0.065625
0 0.215625 0.409375 0.08125 0.065625
0 0.11328125 0.4203125 0.084375 0.059375
0 0.28046875 0.453125 0.0875 0.0625
0 0.19140625 0.46953125 0.0875 0.05625
0 0.11640625 0.51328125 0.084375 0.059375
0 0.34296875 0.5109375 0.08125 0.059375
0 0.23203125 0.52734375 0.08125 0.0609375
0 0.1265625 0.590625 0.0875 0.0578125
0 0.85078125 0.5375 0.078125 0.05625
0 0.884375 0.5875 0.08125 0.059375
0 0.74453125 0.515625 0.075 0.0625
0 0.67734375 0.509375 0.08125 0.05625
0 0.58359375 0.5078125 0.08125 0.059375
0 0.48515625 0.515625 0.08125 0.0625
0 0.41953125 0.5453125 0.084375 0.0609375
0 0.31015625 0.5671875 0.084375 0.05625
0 0.22734375 0.5859375 0.084375 0.059375
0 0.78515625 0.5765625 0.08125 0.053125
0 0.70703125 0.5734375 0.08125 0.0640625
0 0.6125 0.565625 0.078125 0.0578125
0 0.5296875 0.56484375 0.084375 0.059375
0 0.471875 0.60390625 0.078125 0.0640625
0 0.38046875 0.6046875 0.08125 0.065625
0 0.27890625 0.6265625 0.08125 0.0625
0 0.1859375 0.640625 0.0875 0.065625
0 0.82890625 0.6375 0.0875 0.05625
0 0.74765625 0.64765625 0.078125 0.0546875
0 0.6671875 0.62578125 0.08125 0.05625
0 0.56796875 0.61875 0.078125 0.05625
0 0.86171875 0.696875 0.084375 0.059375
0 0.76953125 0.7125 0.071875 0.059375
0 0.68359375 0.68046875 0.071875 0.0609375
0 0.60703125 0.671875 0.078125 0.059375
0 0.5140625 0.66015625 0.075 0.0609375
0 0.43203125 0.6546875 0.078125 0.0625
0 0.3484375 0.66015625 0.078125 0.0609375
0 0.27734375 0.6890625 0.071875 0.059375
0 0.18984375 0.703125 0.084375 0.059375
0 0.8328125 0.7484375 0.078125 0.0546875
0 0.71015625 0.74375 0.08125 0.05625
0 0.64765625 0.734375 0.08125 0.059375
0 0.56875 0.715625 0.0875 0.059375
0 0.43828125 0.7140625 0.078125 0.05625
0 0.33515625 0.73125 0.08125 0.05625
0 0.25546875 0.74296875 0.075 0.0671875
0 0.76953125 0.7875 0.071875 0.059375
0 0.65078125 0.78203125 0.071875 0.0546875
0 0.56796875 0.77265625 0.071875 0.05625
0 0.48828125 0.759375 0.071875 0.05625
0 0.3921875 0.7734375 0.08125 0.0625
0 0.2796875 0.8125 0.08125 0.059375
0 0.703125 0.821875 0.08125 0.053125
0 0.59765625 0.828125 0.078125 0.059375
0 0.52265625 0.8328125 0.08125 0.05625
0 0.45078125 0.8078125 0.078125 0.05625
0 0.36171875 0.8390625 0.08125 0.05625
0 0.6546875 0.86875 0.08125 0.053125
0 0.58359375 0.90078125 0.08125 0.0609375
0 0.50859375 0.89140625 0.08125 0.0546875
0 0.4296875 0.86875 0.08125 0.059375