0 0.88515625 0.69765625 0.0625 0.078125
0 0.878125 0.61953125 0.0609375 0.078125
0 0.8578125 0.540625 0.0625 0.084375
0 0.81875 0.47890625 0.0640625 0.08125
0 0.82265625 0.7171875 0.0625 0.0875
0 0.8125 0.61015625 0.059375 0.08125
0 0.78671875 0.39609375 0.059375 0.078125
0 0.765625 0.31953125 0.065625 0.08125
0 0.7390625 0.2328125 0.059375 0.08125
0 0.778125 0.5421875 0.05625 0.075
0 0.7546875 0.74453125 0.0578125 0.071875
0 0.753125 0.68046875 0.0625 0.078125
0 0.73125 0.61796875 0.059375 0.075
0 0.7046875 0.5484375 0.0609375 0.078125
0 0.6921875 0.4609375 0.059375 0.0875
0 0.7265625 0.38671875 0.059375 0.08125
0 0.70703125 0.31171875 0.0625 0.084375
0 0.66953125 0.371875 0.0625 0.084375
0 0.71015625 0.79453125 0.053125 0.078125
0 0.68515625 0.70703125 0.05625 0.078125
0 0.67109375 0.6203125 0.0578125 0.075
0 0.65 0.51953125 0.05625 0.08125
0 0.6234375 0.43671875 0.059375 0.08125
0 0.690625 0.1796875 0.05625 0.08125
0 0.64921875 0.23125 0.059375 0.084375
0 0.6390625 0.13984375 0.059375 0.09375
0 0.63671875 0.77109375 0.0515625 0.075
0 0.5890625 0.75234375 0.05625 0.078125
0 0.60625 0.66171875 0.0625 0.078125
0 0.60546875 0.58359375 0.0640625 0.08125
0 0.5265625 0.8671875 0.05625 0.071875
0 0.55234375 0.79609375 0.0578125 0.078125
0 0.546875 0.7015625 0.059375 0.075
0 0.5515625 0.621875 0.059375 0.071875
0 0.54609375 0.53984375 0.0625 0.08125
0 0.559375 0.459375 0.0625 0.084375
0 0.5734375 0.37578125 0.065625 0.075
0 0.6046875 0.30390625 0.065625 0.09375
0 0.590625 0.215625 0.065625 0.08125
0 0.5796875 0.11328125 0.059375 0.084375
0 0.546875 0.28046875 0.0625 0.0875
0 0.53046875 0.19140625 0.05625 0.0875
0 0.48671875 0.11640625 0.059375 0.084375
0 0.4890625 0.34296875 0.059375 0.08125
0 0.47265625 0.23203125 0.0609375 0.08125
0 0.409375 0.1265625 0.0578125 0.0875
0 0.4625 0.85078125 0.05625 0.078125
0 0.4125 0.884375 0.059375 0.08125
0 0.484375 0.74453125 0.0625 0.075
0 0.490625 0.67734375 0.05625 0.08125
0 0.4921875 0.58359375 0.059375 0.08125
0 0.484375 0.48515625 0.0625 0.08125
0 0.4546875 0.41953125 0.0609375 0.084375
0 0.4328125 0.31015625 0.05625 0.084375
0 0.4140625 0.22734375 0.059375 0.084375
0 0.4234375 0.78515625 0.053125 0.08125
0 0.4265625 0.70703125 0.0640625 0.08125
0 0.434375 0.6125 0.0578125 0.078125
0 0.43515625 0.5296875 0.059375 0.084375
0 0.39609375 0.471875 0.0640625 0.078125
0 0.3953125 0.38046875 0.065625 0.08125
0 0.3734375 0.27890625 0.0625 0.08125
0 0.359375 0.1859375 0.065625 0.0875
0 0.3625 0.82890625 0.05625 0.0875
0 0.35234375 0.74765625 0.0546875 0.078125
0 0.37421875 0.6671875 0.05625 0.08125
0 0.38125 0.56796875 0.05625 0.078125
0 0.303125 0.86171875 0.059375 0.084375
0 0.2875 0.76953125 0.059375 0.071875
0 0.31953125 0.68359375 0.0609375 0.071875
0 0.328125 0.60703125 0.059375 0.078125
0 0.33984375 0.5140625 0.0609375 0.075
0 0.3453125 0.43203125 0.0625 0.078125
0 0.33984375 0.3484375 0.0609375 0.078125
0 0.3109375 0.27734375 0.059375 0.071875
0 0.296875 0.18984375 0.059375 0.084375
0 0.2515625 0.8328125 0.0546875 0.078125
0 0.25625 0.71015625 0.05625 0.08125
0 0.265625 0.64765625 0.059375 0.08125
0 0.284375 0.56875 0.059375 0.0875
0 0.2859375 0.43828125 0.05625 0.078125
0 0.26875 0.33515625 0.05625 0.08125
0 0.25703125 0.25546875 0.0671875 0.075
0 0.2125 0.76953125 0.059375 0.071875
0 0.21796875 0.65078125 0.0546875 0.071875
0 0.22734375 0.56796875 0.05625 0.071875
0 0.240625 0.48828125 0.05625 0.071875
0 0.2265625 0.3921875 0.0625 0.08125
0 0.1875 0.2796875 0.059375 0.08125
0 0.178125 0.703125 0.053125 0.08125
0 0.171875 0.59765625 0.059375 0.078125
0 0.1671875 0.52265625 0.05625 0.08125
0 0.1921875 0.45078125 0.05625 0.078125
0 0.1609375 0.36171875 0.05625 0.08125
0 0.13125 0.6546875 0.053125 0.08125
0 0.09921875 0.58359375 0.0609375 0.0796875
0 0.10859375 0.50859375 0.0546875 0.08125
0 0.13125 0.4296875 0.059375 0.08125