0 0.85078125 0.84375 0.078125 0.05625
0 0.80390625 0.91328125 0.075 0.053125
0 0.7234375 0.834375 0.0625 0.04375
0 0.77109375 0.78359375 0.071875 0.0390625
0 0.77109375 0.75 0.078125 0.059375
0 0.82734375 0.61796875 0.078125 0.059375
0 0.75859375 0.665625 0.059375 0.040625
0 0.75546875 0.60390625 0.071875 0.05625
0 0.81953125 0.55546875 0.08125 0.0546875
0 0.759375 0.5140625 0.078125 0.0625
0 0.8109375 0.45625 0.071875 0.05
0 0.85078125 0.38828125 0.084375 0.0609375
0 0.77421875 0.353125 0.078125 0.0546875
0 0.7765625 0.29140625 0.0875 0.06875
0 0.7953125 0.20625 0.078125 0.053125
0 0.73515625 0.1640625 0.08125 0.065625
0 0.78984375 0.08359375 0.0875 0.0703125
0 0.67421875 0.071875 0.0875 0.075
0 0.6828125 0.23984375 0.065625 0.059375
0 0.63515625 0.1671875 0.090625 0.075
0 0.59921875 0.13203125 0.075 0.0453125
0 0.65078125 0.30703125 0.065625 0.0453125
0 0.58515625 0.2453125 0.071875 0.053125
0 0.54296875 0.20859375 0.075 0.0609375
0 0.496875 0.0984375 0.071875 0.05625
0 0.47265625 0.165625 0.08125 0.0625
0 0.390625 0.08125 0.08125 0.0703125
0 0.3015625 0.1203125 0.071875 0.05625
0 0.22421875 0.0828125 0.065625 0.053125
0 0.15703125 0.1125 0.0625 0.05
0 0.22109375 0.1828125 0.059375 0.0515625
0 0.28984375 0.1921875 0.06875 0.05
0 0.4015625 0.1984375 0.0625 0.05625
0 0.16328125 0.2265625 0.075 0.0578125
0 0.22421875 0.2640625 0.06875 0.05
0 0.13671875 0.2890625 0.075 0.059375
0 0.51640625 0.2890625 0.059375 0.05
0 0.45390625 0.2359375 0.08125 0.0625
0 0.34140625 0.2734375 0.0625 0.05
0 0.40546875 0.29375 0.0625 0.0484375
0 0.29453125 0.32421875 0.065625 0.0453125
0 0.20234375 0.3515625 0.078125 0.059375
0 0.14296875 0.4 0.059375 0.0484375
0 0.68671875 0.53515625 0.078125 0.059375
0 0.684375 0.4421875 0.084375 0.0625
0 0.67890625 0.37421875 0.090625 0.065625
0 0.59296875 0.35625 0.059375 0.053125
0 0.50390625 0.384375 0.078125 0.059375
0 0.47578125 0.340625 0.071875 0.0578125
0 0.375 0.365625 0.065625 0.046875
0 0.4359375 0.4078125 0.059375 0.0453125
0 0.296875 0.396875 0.078125 0.065625
0 0.34453125 0.43828125 0.071875 0.059375
0 0.26015625 0.4890625 0.075 0.059375
0 0.22734375 0.446875 0.071875 0.059375
0 0.13046875 0.48203125 0.065625 0.05
0 0.565625 0.43125 0.075 0.05625
0 0.61640625 0.490625 0.078125 0.059375
0 0.49140625 0.471875 0.084375 0.0625
0 0.41796875 0.47578125 0.065625 0.0453125
0 0.21015625 0.5203125 0.059375 0.046875
0 0.68046875 0.64375 0.065625 0.046875
0 0.64765625 0.5953125 0.06875 0.053125
0 0.571875 0.534375 0.065625 0.05
0 0.4734375 0.53125 0.065625 0.05
0 0.51875 0.58125 0.078125 0.05625
0 0.3578125 0.53125 0.06875 0.0546875
0 0.32421875 0.553125 0.078125 0.053125
0 0.23828125 0.58203125 0.09375 0.0609375
0 0.13984375 0.5609375 0.075 0.0546875
0 0.16015625 0.60546875 0.06875 0.0453125
0 0.39609375 0.584375 0.065625 0.05
0 0.30625 0.625 0.0625 0.04375
0 0.20078125 0.65 0.065625 0.046875
0 0.16171875 0.6609375 0.065625 0.0484375
0 0.68671875 0.71484375 0.078125 0.0453125
0 0.69453125 0.771875 0.065625 0.0421875
0 0.66328125 0.8984375 0.084375 0.053125
0 0.61484375 0.85703125 0.075 0.05625
0 0.58671875 0.76875 0.084375 0.05625
0 0.60859375 0.69765625 0.075 0.0546875
0 0.590625 0.6359375 0.071875 0.053125
0 0.52578125 0.6734375 0.08125 0.05625
0 0.45703125 0.6328125 0.071875 0.059375
0 0.36328125 0.6625 0.08125 0.053125
0 0.26171875 0.6953125 0.065625 0.046875
0 0.25390625 0.72890625 0.059375 0.040625
0 0.57109375 0.85625 0.065625 0.053125
0 0.4921875 0.85625 0.065625 0.046875
0 0.48828125 0.81484375 0.078125 0.05625
0 0.5 0.7546875 0.059375 0.05
0 0.434375 0.6984375 0.078125 0.046875
0 0.43828125 0.7703125 0.075 0.0546875
0 0.41484375 0.8546875 0.065625 0.05
0 0.36953125 0.865625 0.078125 0.05
0 0.37578125 0.78203125 0.065625 0.0421875
0 0.35859375 0.7453125 0.065625 0.05
0 0.30859375 0.8125 0.071875 0.05625
0 0.29296875 0.771875 0.0625 0.046875
0 0.15 0.7359375 0.065625 0.053125
0 0.22265625 0.8140625 0.059375 0.0453125
0 0.2109375 0.8734375 0.071875 0.05625
0 0.15390625 0.8390625 0.075 0.053125
0 0.1328125 0.796875 0.0625 0.0484375