0 0.14921875 0.15625 0.078125 0.05625
0 0.19609375 0.08671875 0.075 0.053125
0 0.2765625 0.165625 0.0625 0.04375
0 0.22890625 0.21640625 0.071875 0.0390625
0 0.22890625 0.25 0.078125 0.059375
0 0.17265625 0.38203125 0.078125 0.059375
0 0.24140625 0.334375 0.059375 0.040625
0 0.24453125 0.39609375 0.071875 0.05625
0 0.18046875 0.44453125 0.08125 0.0546875
0 0.240625 0.4859375 0.078125 0.0625
0 0.1890625 0.54375 0.071875 0.05
0 0.14921875 0.61171875 0.084375 0.0609375
0 0.22578125 0.646875 0.078125 0.0546875
0 0.2234375 0.70859375 0.0875 0.06875
0 0.2046875 0.79375 0.078125 0.053125
0 0.26484375 0.8359375 0.08125 0.065625
0 0.21015625 0.91640625 0.0875 0.0703125
0 0.32578125 0.928125 0.0875 0.075
0 0.3171875 0.76015625 0.065625 0.059375
0 0.36484375 0.8328125 0.090625 0.075
0 0.40078125 0.86796875 0.075 0.0453125
0 0.34921875 0.69296875 0.065625 0.0453125
0 0.41484375 0.7546875 0.071875 0.053125
0 0.45703125 0.79140625 0.075 0.0609375
0 0.503125 0.9015625 0.071875 0.05625
0 0.52734375 0.834375 0.08125 0.0625
0 0.609375 0.91875 0.08125 0.0703125
0 0.6984375 0.8796875 0.071875 0.05625
0 0.77578125 0.9171875 0.065625 0.053125
0 0.84296875 0.8875 0.0625 0.05
0 0.77890625 0.8171875 0.059375 0.0515625
0 0.71015625 0.8078125 0.06875 0.05
0 0.5984375 0.8015625 0.0625 0.05625
0 0.83671875 0.7734375 0.075 0.0578125
0 0.77578125 0.7359375 0.06875 0.05
0 0.86328125 0.7109375 0.075 0.059375
0 0.48359375 0.7109375 0.059375 0.05
0 0.54609375 0.7640625 0.08125 0.0625
0 0.65859375 0.7265625 0.0625 0.05
0 0.59453125 0.70625 0.0625 0.0484375
0 0.70546875 0.67578125 0.065625 0.0453125
0 0.79765625 0.6484375 0.078125 0.059375
0 0.85703125 0.6 0.059375 0.0484375
0 0.31328125 0.46484375 0.078125 0.059375
0 0.315625 0.5578125 0.084375 0.0625
0 0.32109375 0.62578125 0.090625 0.065625
0 0.40703125 0.64375 0.059375 0.053125
0 0.49609375 0.615625 0.078125 0.059375
0 0.52421875 0.659375 0.071875 0.0578125
0 0.625 0.634375 0.065625 0.046875
0 0.5640625 0.5921875 0.059375 0.0453125
0 0.703125 0.603125 0.078125 0.065625
0 0.65546875 0.56171875 0.071875 0.059375
0 0.73984375 0.5109375 0.075 0.059375
0 0.77265625 0.553125 0.071875 0.059375
0 0.86953125 0.51796875 0.065625 0.05
0 0.434375 0.56875 0.075 0.05625
0 0.38359375 0.509375 0.078125 0.059375
0 0.50859375 0.528125 0.084375 0.0625
0 0.58203125 0.52421875 0.065625 0.0453125
0 0.78984375 0.4796875 0.059375 0.046875
0 0.31953125 0.35625 0.065625 0.046875
0 0.35234375 0.4046875 0.06875 0.053125
0 0.428125 0.465625 0.065625 0.05
0 0.5265625 0.46875 0.065625 0.05
0 0.48125 0.41875 0.078125 0.05625
0 0.6421875 0.46875 0.06875 0.0546875
0 0.67578125 0.446875 0.078125 0.053125
0 0.76171875 0.41796875 0.09375 0.0609375
0 0.86015625 0.4390625 0.075 0.0546875
0 0.83984375 0.39453125 0.06875 0.0453125
0 0.60390625 0.415625 0.065625 0.05
0 0.69375 0.375 0.0625 0.04375
0 0.79921875 0.35 0.065625 0.046875
0 0.83828125 0.3390625 0.065625 0.046875
0 0.31328125 0.28515625 0.078125 0.0453125
0 0.30546875 0.228125 0.065625 0.0421875
0 0.33671875 0.1015625 0.084375 0.053125
0 0.38515625 0.14296875 0.075 0.05625
0 0.41328125 0.23125 0.084375 0.05625
0 0.39140625 0.30234375 0.075 0.0546875
0 0.409375 0.3640625 0.071875 0.053125
0 0.47421875 0.3265625 0.08125 0.05625
0 0.54296875 0.3671875 0.071875 0.059375
0 0.63671875 0.3375 0.08125 0.053125
0 0.73828125 0.3046875 0.065625 0.046875
0 0.74609375 0.27109375 0.059375 0.040625
0 0.42890625 0.14375 0.065625 0.053125
0 0.5078125 0.14375 0.065625 0.046875
0 0.51171875 0.18515625 0.078125 0.05625
0 0.5 0.2453125 0.059375 0.05
0 0.565625 0.3015625 0.078125 0.046875
0 0.56171875 0.2296875 0.075 0.0546875
0 0.58515625 0.1453125 0.065625 0.05
0 0.63046875 0.134375 0.078125 0.05
0 0.62421875 0.21796875 0.065625 0.0421875
0 0.64140625 0.2546875 0.065625 0.05
0 0.69140625 0.1875 0.071875 0.05625
0 0.70703125 0.228125 0.0625 0.046875
0 0.85 0.2640625 0.065625 0.053125
0 0.77734375 0.1859375 0.059375 0.046875
0 0.7890625 0.1265625 0.071875 0.05625
0 0.84609375 0.1609375 0.075 0.053125
0 0.8671875 0.203125 0.0625 0.046875