0 0.4890625 0.73125 0.1 0.06875
0 0.496875 0.65625 0.109375 0.078125
0 0.44453125 0.58984375 0.103125 0.071875
0 0.53671875 0.54296875 0.09375 0.0765625
0 0.47265625 0.48828125 0.1125 0.0796875
0 0.45625 0.4109375 0.103125 0.084375
0 0.45078125 0.3015625 0.115625 0.0875
0 0.41953125 0.2125 0.125 0.090625
0 0.38828125 0.109375 0.125 0.103125
0 0.56640625 0.753125 0.09375 0.0671875
0 0.57578125 0.68515625 0.1 0.078125
0 0.5703125 0.61328125 0.1 0.0734375
0 0.540625 0.4328125 0.10625 0.0796875
0 0.54296875 0.35234375 0.103125 0.084375
0 0.54296875 0.2640625 0.103125 0.090625
0 0.50546875 0.175 0.1 0.0875
0 0.48203125 0.08515625 0.1125 0.09375
0 0.65390625 0.71875 0.09375 0.06875
0 0.65703125 0.6484375 0.1 0.0703125
0 0.64140625 0.5640625 0.090625 0.071875
0 0.62578125 0.4828125 0.103125 0.084375
0 0.63828125 0.4 0.103125 0.0828125
0 0.62578125 0.3203125 0.08125 0.090625
0 0.6265625 0.2328125 0.090625 0.075
0 0.59765625 0.1484375 0.103125 0.084375
0 0.59140625 0.046875 0.109375 0.0921875
0 0.7515625 0.7328125 0.084375 0.06875
0 0.74921875 0.6640625 0.08125 0.071875
0 0.74609375 0.5875 0.103125 0.071875
0 0.72109375 0.509375 0.096875 0.071875
0 0.72109375 0.434375 0.090625 0.075
0 0.7171875 0.35234375 0.09375 0.0796875
0 0.71484375 0.271875 0.090625 0.08125
0 0.71484375 0.1921875 0.090625 0.08125
0 0.69453125 0.046875 0.096875 0.090625
0 0.825 0.684375 0.084375 0.06875
0 0.81328125 0.6078125 0.078125 0.06875
0 0.8046875 0.534375 0.084375 0.071875
0 0.79765625 0.4640625 0.090625 0.071875
0 0.80234375 0.38984375 0.084375 0.0734375
0 0.81484375 0.31640625 0.1 0.0734375
0 0.80859375 0.225 0.09375 0.08125
0 0.79296875 0.1453125 0.090625 0.08125
0 0.78515625 0.0625 0.090625 0.08125