0 0.5109375 0.26875 0.1 0.06875
0 0.503125 0.34375 0.109375 0.078125
0 0.55546875 0.41015625 0.103125 0.071875
0 0.46328125 0.45703125 0.09375 0.0765625
0 0.52734375 0.51171875 0.1125 0.0796875
0 0.54375 0.5890625 0.103125 0.084375
0 0.54921875 0.6984375 0.115625 0.0875
0 0.58046875 0.7875 0.125 0.090625
0 0.61171875 0.890625 0.125 0.103125
0 0.43359375 0.246875 0.09375 0.0671875
0 0.42421875 0.31484375 0.1 0.078125
0 0.4296875 0.38671875 0.1 0.0734375
0 0.459375 0.5671875 0.10625 0.0796875
0 0.45703125 0.64765625 0.103125 0.084375
0 0.45703125 0.7359375 0.103125 0.090625
0 0.49453125 0.825 0.1 0.0875
0 0.51796875 0.91484375 0.1125 0.09375
0 0.34609375 0.28125 0.09375 0.06875
0 0.34296875 0.3515625 0.1 0.0703125
0 0.35859375 0.4359375 0.090625 0.071875
0 0.37421875 0.5171875 0.103125 0.084375
0 0.36171875 0.6 0.103125 0.0828125
0 0.37421875 0.6796875 0.08125 0.090625
0 0.3734375 0.7671875 0.090625 0.075
0 0.40234375 0.8515625 0.103125 0.084375
0 0.40859375 0.953125 0.109375 0.0921875
0 0.2484375 0.2671875 0.084375 0.06875
0 0.25078125 0.3359375 0.08125 0.071875
0 0.25390625 0.4125 0.103125 0.071875
0 0.27890625 0.490625 0.096875 0.071875
0 0.27890625 0.565625 0.090625 0.075
0 0.2828125 0.64765625 0.09375 0.0796875
0 0.28515625 0.728125 0.090625 0.08125
0 0.28515625 0.8078125 0.090625 0.08125
0 0.30546875 0.953125 0.096875 0.090625
0 0.175 0.315625 0.084375 0.06875
0 0.18671875 0.3921875 0.078125 0.06875
0 0.1953125 0.465625 0.084375 0.071875
0 0.20234375 0.5359375 0.090625 0.071875
0 0.19765625 0.61015625 0.084375 0.0734375
0 0.18515625 0.68359375 0.1 0.0734375
0 0.19140625 0.775 0.09375 0.08125
0 0.20703125 0.8546875 0.090625 0.08125
0 0.21484375 0.9375 0.090625 0.08125