0 0.73046875 0.07421875 0.0765625 0.09375
0 0.796875 0.13203125 0.0625 0.09375
0 0.61796875 0.1546875 0.0734375 0.0875
0 0.703125 0.17421875 0.075 0.09375
0 0.7625 0.22265625 0.065625 0.09375
0 0.83203125 0.20859375 0.0671875 0.090625
0 0.509375 0.21796875 0.065625 0.0875
0 0.60625 0.24453125 0.06875 0.096875
0 0.67265625 0.26640625 0.059375 0.090625
0 0.73046875 0.31171875 0.0578125 0.090625
0 0.8015625 0.29453125 0.059375 0.090625
0 0.88828125 0.2953125 0.0671875 0.0875
0 0.44921875 0.2671875 0.0625 0.08125
0 0.5375 0.30390625 0.065625 0.090625
0 0.6234375 0.33515625 0.071875 0.090625
0 0.6921875 0.3875 0.06875 0.0875
0 0.74140625 0.3875 0.0421875 0.071875
0 0.84375 0.37734375 0.0703125 0.0875
0 0.9265625 0.36953125 0.0625 0.0875
0 0.43046875 0.35859375 0.0640625 0.090625
0 0.5015625 0.38359375 0.0625 0.0875
0 0.5890625 0.41328125 0.06875 0.0875
0 0.6515625 0.46171875 0.0625 0.090625
0 0.7234375 0.47109375 0.06875 0.0875
0 0.7890625 0.47265625 0.06875 0.084375
0 0.86953125 0.47109375 0.065625 0.0875
0 0.928125 0.4625 0.0625 0.090625
0 0.32578125 0.41328125 0.06875 0.08125
0 0.3890625 0.43828125 0.0625 0.075
0 0.45703125 0.45546875 0.0640625 0.078125
0 0.5265625 0.4734375 0.0640625 0.08125
0 0.590625 0.50078125 0.0625 0.078125
0 0.7 0.56015625 0.0625 0.084375
0 0.7703125 0.56015625 0.06875 0.0875
0 0.853125 0.56171875 0.0625 0.08125
0 0.9125 0.5515625 0.05625 0.08125
0 0.23359375 0.47109375 0.0734375 0.084375
0 0.3296875 0.51171875 0.071875 0.084375
0 0.40625 0.53828125 0.071875 0.090625
0 0.48203125 0.54453125 0.0671875 0.084375
0 0.5234375 0.59921875 0.0578125 0.06875
0 0.590625 0.57109375 0.059375 0.06875
0 0.18984375 0.5046875 0.0671875 0.08125
0 0.24375 0.57109375 0.075 0.090625
0 0.140625 0.5625 0.06875 0.075
0 0.3203125 0.61015625 0.06875 0.08125
0 0.38671875 0.640625 0.0671875 0.084375
0 0.45625 0.6296875 0.0609375 0.078125
0 0.04609375 0.66640625 0.071875 0.0875
0 0.1234375 0.6765625 0.0703125 0.078125
0 0.25234375 0.65625 0.0796875 0.071875
0 0.20078125 0.71953125 0.0703125 0.075
0 0.56328125 0.6671875 0.065625 0.071875
0 0.62734375 0.65703125 0.059375 0.084375
0 0.69375 0.640625 0.0625 0.071875
0 0.759375 0.63671875 0.06875 0.071875
0 0.8265625 0.634375 0.059375 0.071875
0 0.9046875 0.64453125 0.0640625 0.078125
0 0.025 0.58984375 0.05 0.08125
0 0.02734375 0.78515625 0.0546875 0.0875
0 0.01875 0.87265625 0.0375 0.078125
0 0.109375 0.77109375 0.065625 0.084375
0 0.09765625 0.821875 0.059375 0.053125
0 0.0671875 0.91015625 0.059375 0.078125
0 0.015625 0.5203125 0.0296875 0.05
0 0.13046875 0.90546875 0.059375 0.075
0 0.1625 0.83046875 0.059375 0.071875
0 0.2296875 0.7953125 0.06875 0.071875
0 0.2109375 0.9109375 0.065625 0.075
0 0.27578125 0.7359375 0.065625 0.078125
0 0.334375 0.7109375 0.06875 0.078125
0 0.3828125 0.7609375 0.0625 0.075
0 0.3140625 0.8046875 0.06875 0.065625
0 0.275 0.8703125 0.0671875 0.06875
0 0.43125 0.69765625 0.065625 0.0625
0 0.3578125 0.88046875 0.0625 0.078125
0 0.4171875 0.92265625 0.0609375 0.071875
0 0.4390625 0.83203125 0.065625 0.071875
0 0.4671875 0.75859375 0.0625 0.06875
0 0.5375 0.74609375 0.059375 0.075
0 0.60078125 0.73359375 0.0609375 0.075
0 0.6796875 0.7375 0.065625 0.075
0 0.740625 0.71875 0.059375 0.08125
0 0.815625 0.72890625 0.06875 0.084375
0 0.8640625 0.709375 0.05 0.078125
0 0.50703125 0.825 0.059375 0.071875
0 0.56875 0.81640625 0.0578125 0.071875
0 0.6328125 0.80859375 0.059375 0.078125
0 0.71171875 0.8140625 0.0578125 0.078125
0 0.7734375 0.78828125 0.0578125 0.071875
0 0.840625 0.79765625 0.065625 0.071875
0 0.5453125 0.89140625 0.0625 0.075
0 0.60703125 0.88203125 0.059375 0.071875
0 0.678125 0.88671875 0.059375 0.071875
0 0.7390625 0.8703125 0.0578125 0.06875
0 0.803125 0.86953125 0.059375 0.078125