0 0.26953125 0.07421875 0.0765625 0.09375
0 0.203125 0.13203125 0.0625 0.09375
0 0.38203125 0.1546875 0.0734375 0.0875
0 0.296875 0.17421875 0.075 0.09375
0 0.2375 0.22265625 0.065625 0.09375
0 0.16796875 0.20859375 0.0671875 0.090625
0 0.490625 0.21796875 0.065625 0.0875
0 0.39375 0.24453125 0.06875 0.096875
0 0.32734375 0.26640625 0.059375 0.090625
0 0.26953125 0.31171875 0.0578125 0.090625
0 0.1984375 0.29453125 0.059375 0.090625
0 0.11171875 0.2953125 0.0671875 0.0875
0 0.55078125 0.2671875 0.0625 0.08125
0 0.4625 0.30390625 0.065625 0.090625
0 0.3765625 0.33515625 0.071875 0.090625
0 0.3078125 0.3875 0.06875 0.0875
0 0.25859375 0.3875 0.0421875 0.071875
0 0.15625 0.37734375 0.0703125 0.0875
0 0.0734375 0.36953125 0.0625 0.0875
0 0.56953125 0.35859375 0.0640625 0.090625
0 0.4984375 0.38359375 0.0625 0.0875
0 0.4109375 0.41328125 0.06875 0.0875
0 0.3484375 0.46171875 0.0625 0.090625
0 0.2765625 0.47109375 0.06875 0.0875
0 0.2109375 0.47265625 0.06875 0.084375
0 0.13046875 0.47109375 0.065625 0.0875
0 0.071875 0.4625 0.0625 0.090625
0 0.67421875 0.41328125 0.06875 0.08125
0 0.6109375 0.43828125 0.0625 0.075
0 0.54296875 0.45546875 0.0640625 0.078125
0 0.4734375 0.4734375 0.0640625 0.08125
0 0.409375 0.50078125 0.0625 0.078125
0 0.3 0.56015625 0.0625 0.084375
0 0.2296875 0.56015625 0.06875 0.0875
0 0.146875 0.56171875 0.0625 0.08125
0 0.0875 0.5515625 0.05625 0.08125
0 0.76640625 0.47109375 0.0734375 0.084375
0 0.6703125 0.51171875 0.071875 0.084375
0 0.59375 0.53828125 0.071875 0.090625
0 0.51796875 0.54453125 0.0671875 0.084375
0 0.4765625 0.59921875 0.0578125 0.06875
0 0.409375 0.57109375 0.059375 0.06875
0 0.81015625 0.5046875 0.0671875 0.08125
0 0.75625 0.57109375 0.075 0.090625
0 0.859375 0.5625 0.06875 0.075
0 0.6796875 0.61015625 0.06875 0.08125
0 0.61328125 0.640625 0.0671875 0.084375
0 0.54375 0.6296875 0.0609375 0.078125
0 0.95390625 0.66640625 0.071875 0.0875
0 0.8765625 0.6765625 0.0703125 0.078125
0 0.74765625 0.65625 0.0796875 0.071875
0 0.79921875 0.71953125 0.0703125 0.075
0 0.43671875 0.6671875 0.065625 0.071875
0 0.37265625 0.65703125 0.059375 0.084375
0 0.30625 0.640625 0.0625 0.071875
0 0.240625 0.63671875 0.06875 0.071875
0 0.1734375 0.634375 0.059375 0.071875
0 0.0953125 0.64453125 0.0640625 0.078125
0 0.975 0.58984375 0.05 0.08125
0 0.97265625 0.78515625 0.0546875 0.0875
0 0.98125 0.87265625 0.0375 0.078125
0 0.890625 0.77109375 0.065625 0.084375
0 0.90234375 0.821875 0.059375 0.053125
0 0.9328125 0.91015625 0.059375 0.078125
0 0.984375 0.5203125 0.0296875 0.05
0 0.86953125 0.90546875 0.059375 0.075
0 0.8375 0.83046875 0.059375 0.071875
0 0.7703125 0.7953125 0.06875 0.071875
0 0.7890625 0.9109375 0.065625 0.075
0 0.72421875 0.7359375 0.065625 0.078125
0 0.665625 0.7109375 0.06875 0.078125
0 0.6171875 0.7609375 0.0625 0.075
0 0.6859375 0.8046875 0.06875 0.065625
0 0.725 0.8703125 0.0671875 0.06875
0 0.56875 0.69765625 0.065625 0.0625
0 0.6421875 0.88046875 0.0625 0.078125
0 0.5828125 0.92265625 0.0609375 0.071875
0 0.5609375 0.83203125 0.065625 0.071875
0 0.5328125 0.75859375 0.0625 0.06875
0 0.4625 0.74609375 0.059375 0.075
0 0.39921875 0.73359375 0.0609375 0.075
0 0.3203125 0.7375 0.065625 0.075
0 0.259375 0.71875 0.059375 0.08125
0 0.184375 0.72890625 0.06875 0.084375
0 0.1359375 0.709375 0.05 0.078125
0 0.49296875 0.825 0.059375 0.071875
0 0.43125 0.81640625 0.0578125 0.071875
0 0.3671875 0.80859375 0.059375 0.078125
0 0.28828125 0.8140625 0.0578125 0.078125
0 0.2265625 0.78828125 0.0578125 0.071875
0 0.159375 0.79765625 0.065625 0.071875
0 0.4546875 0.89140625 0.0625 0.075
0 0.39296875 0.88203125 0.059375 0.071875
0 0.321875 0.88671875 0.059375 0.071875
0 0.2609375 0.8703125 0.0578125 0.06875
0 0.196875 0.86953125 0.059375 0.078125