0 0.9796875 0.69765625 0.0234375 0.03125
0 0.99140625 0.7234375 0.0171875 0.03125
0 0.9484375 0.7296875 0.025 0.03125
0 0.96875 0.8078125 0.025 0.034375
0 0.9265625 0.79140625 0.028125 0.0375
0 0.909375 0.6546875 0.028125 0.0375
0 0.8953125 0.68359375 0.028125 0.034375
0 0.9265625 0.496875 0.0296875 0.040625
0 0.875 0.49921875 0.0234375 0.040625
0 0.85546875 0.475 0.0296875 0.0375
0 0.828125 0.4109375 0.0296875 0.0375
0 0.8328125 0.44140625 0.028125 0.028125
0 0.821875 0.47109375 0.025 0.034375
0 0.8203125 0.50859375 0.025 0.034375
0 0.890625 0.56875 0.028125 0.034375
0 0.86875 0.55078125 0.028125 0.0375
0 0.88359375 0.6203125 0.0296875 0.034375
0 0.871875 0.65859375 0.028125 0.0375
0 0.8609375 0.753125 0.028125 0.034375
0 0.8421875 0.659375 0.028125 0.0375
0 0.821875 0.68671875 0.028125 0.034375
0 0.8296875 0.73671875 0.0265625 0.034375
0 0.834375 0.78359375 0.03125 0.040625
0 0.79609375 0.44296875 0.0265625 0.034375
0 0.7796875 0.42890625 0.028125 0.040625
0 0.796875 0.50859375 0.028125 0.040625
0 0.828125 0.56328125 0.03125 0.034375
0 0.7921875 0.57265625 0.025 0.03125
0 0.79453125 0.54140625 0.028125 0.0375
0 0.7515625 0.48515625 0.03125 0.0375
0 0.759375 0.528125 0.028125 0.040625
0 0.76796875 0.3703125 0.0296875 0.0375
0 0.71171875 0.3140625 0.0296875 0.040625
0 0.690625 0.25703125 0.021875 0.028125
0 0.6796875 0.28203125 0.034375 0.04375
0 0.71953125 0.3609375 0.0265625 0.0375
0 0.72109375 0.43671875 0.028125 0.040625
0 0.784375 0.6046875 0.03125 0.03125
0 0.79140625 0.6359375 0.028125 0.03125
0 0.790625 0.66953125 0.025 0.0375
0 0.775 0.65234375 0.021875 0.034375
0 0.75078125 0.64453125 0.0265625 0.034375
0 0.75 0.67265625 0.028125 0.028125
0 0.7578125 0.68984375 0.028125 0.03125
0 0.7546875 0.72890625 0.028125 0.034375
0 0.8015625 0.7796875 0.028125 0.034375
0 0.775 0.77734375 0.025 0.034375
0 0.74765625 0.77734375 0.0234375 0.0375
0 0.70234375 0.77734375 0.025 0.040625
0 0.74375 0.57734375 0.028125 0.034375
0 0.7140625 0.571875 0.03125 0.034375
0 0.703125 0.615625 0.03125 0.0375
0 0.7 0.65546875 0.03125 0.034375
0 0.71640625 0.68046875 0.025 0.034375
0 0.73125 0.69765625 0.0265625 0.034375
0 0.71953125 0.73203125 0.025 0.034375
0 0.7 0.715625 0.028125 0.0375
0 0.6453125 0.29296875 0.03125 0.04375
0 0.61875 0.2609375 0.028125 0.04375
0 0.5984375 0.2375 0.028125 0.034375
0 0.51875 0.24609375 0.0296875 0.040625
0 0.5875 0.32734375 0.028125 0.034375
0 0.6109375 0.36953125 0.03125 0.04375
0 0.671875 0.41796875 0.028125 0.0375
0 0.646875 0.45703125 0.03125 0.040625
0 0.68671875 0.49609375 0.03125 0.03125
0 0.6796875 0.53984375 0.03125 0.0375
0 0.65 0.53984375 0.028125 0.040625
0 0.63828125 0.50078125 0.0296875 0.040625
0 0.6671875 0.621875 0.028125 0.034375
0 0.6625 0.6546875 0.03125 0.034375
0 0.6515625 0.72890625 0.025 0.0375
0 0.634375 0.775 0.025 0.034375
0 0.66484375 0.36328125 0.0296875 0.040625
0 0.6015625 0.4703125 0.03125 0.040625
0 0.603125 0.51875 0.03125 0.0375
0 0.596875 0.5515625 0.028125 0.0375
0 0.621875 0.6109375 0.0296875 0.034375
0 0.6140625 0.6484375 0.028125 0.034375
0 0.6234375 0.68515625 0.028125 0.040625
0 0.6140625 0.74453125 0.028125 0.0375
0 0.6015625 0.77578125 0.028125 0.0375
0 0.5578125 0.36484375 0.0328125 0.04375
0 0.55625 0.42265625 0.03125 0.040625
0 0.571875 0.48515625 0.03125 0.0375
0 0.565625 0.54453125 0.03125 0.0375
0 0.55 0.58046875 0.03125 0.0375
0 0.5640625 0.63515625 0.03125 0.034375
0 0.5390625 0.6046875 0.025 0.03125
0 0.53671875 0.45625 0.028125 0.034375
0 0.5203125 0.4890625 0.0296875 0.0375
0 0.521875 0.5453125 0.03125 0.034375
0 0.5171875 0.5796875 0.028125 0.0375
0 0.52109375 0.38671875 0.0265625 0.04375
0 0.49375 0.3671875 0.028125 0.0375
0 0.51015625 0.41875 0.0265625 0.034375
0 0.4796875 0.40078125 0.03125 0.0375
0 0.44140625 0.35625 0.03125 0.040625
0 0.403125 0.3609375 0.028125 0.046875
0 0.43359375 0.4171875 0.03125 0.046875
0 0.4796875 0.521875 0.028125 0.0375
0 0.440625 0.48203125 0.028125 0.0375
0 0.403125 0.440625 0.025 0.0375
0 0.35546875 0.425 0.028125 0.040625
0 0.3796875 0.47421875 0.0296875 0.0375
0 0.3984375 0.51171875 0.028125 0.0375
0 0.48515625 0.5765625 0.0296875 0.0375
0 0.57109375 0.7 0.028125 0.0375
0 0.57109375 0.75859375 0.025 0.034375
0 0.55 0.73359375 0.028125 0.03125
0 0.5234375 0.7171875 0.028125 0.0375
0 0.5234375 0.75546875 0.025 0.034375
0 0.5171875 0.65078125 0.0296875 0.0375
0 0.49609375 0.68828125 0.028125 0.034375
0 0.49609375 0.75234375 0.028125 0.0375
0 0.47421875 0.78046875 0.03125 0.03125
0 0.45859375 0.55859375 0.0265625 0.0375
0 0.421875 0.56171875 0.028125 0.0375
0 0.48671875 0.6109375 0.028125 0.0375
0 0.4609375 0.66015625 0.03125 0.040625
0 0.425 0.6203125 0.03125 0.0375
0 0.4265625 0.6671875 0.028125 0.040625
0 0.4484375 0.72890625 0.028125 0.034375
0 0.43203125 0.75546875 0.028125 0.03125
0 0.3015625 0.44296875 0.028125 0.0375
0 0.25703125 0.40859375 0.028125 0.040625
0 0.34375 0.51796875 0.0296875 0.0375
0 0.27109375 0.50078125 0.028125 0.0375
0 0.2609375 0.51484375 0.028125 0.0375
0 0.36328125 0.56796875 0.028125 0.0375
0 0.334375 0.56796875 0.028125 0.0375
0 0.3828125 0.59921875 0.028125 0.0375
0 0.3484375 0.6046875 0.028125 0.03125
0 0.39921875 0.671875 0.0265625 0.034375
0 0.365625 0.66796875 0.028125 0.034375
0 0.3203125 0.66875 0.0296875 0.040625
0 0.39921875 0.71796875 0.025 0.0375
0 0.36328125 0.71875 0.0296875 0.0375
0 0.3921875 0.77890625 0.03125 0.0375
0 0.2515625 0.56640625 0.025 0.0375
0 0.275 0.596875 0.0265625 0.034375
0 0.278125 0.64453125 0.028125 0.0375
0 0.275 0.69296875 0.03125 0.034375
0 0.296875 0.71796875 0.03125 0.034375
0 0.309375 0.75078125 0.03125 0.0375
0 0.346875 0.75390625 0.03125 0.034375
0 0.26953125 0.76875 0.028125 0.03125
0 0.2359375 0.61796875 0.025 0.034375
0 0.2515625 0.6640625 0.028125 0.034375
0 0.22421875 0.67109375 0.0265625 0.0375
0 0.18828125 0.6484375 0.0265625 0.034375
0 0.1171875 0.68125 0.025 0.034375
0 0.2375 0.709375 0.0265625 0.0375
0 0.209375 0.775 0.028125 0.0375
0 0.14140625 0.81328125 0.03125 0.034375
0 0.171875 0.7125 0.0234375 0.0375
0 0.16484375 0.70234375 0.0203125 0.034375
0 0.16640625 0.74453125 0.028125 0.034375
0 0.08125 0.77734375 0.0265625 0.034375
0 0.0765625 0.7234375 0.025 0.034375
0 0.0125 0.74375 0.0234375 0.034375
0 0.3390625 0.35625 0.03125 0.040625
0 0.8421875 0.94765625 0.028125 0.0375
0 0.271875 0.9578125 0.028125 0.040625