0 0.30234375 0.0203125 0.03125 0.0234375
0 0.2765625 0.00859375 0.03125 0.0171875
0 0.2703125 0.0515625 0.03125 0.025
0 0.1921875 0.03125 0.034375 0.025
0 0.20859375 0.0734375 0.0375 0.028125
0 0.3453125 0.090625 0.0375 0.028125
0 0.31640625 0.1046875 0.034375 0.028125
0 0.503125 0.0734375 0.040625 0.0296875
0 0.50078125 0.125 0.040625 0.0234375
0 0.525 0.14453125 0.0375 0.0296875
0 0.5890625 0.171875 0.0375 0.0296875
0 0.55859375 0.1671875 0.028125 0.028125
0 0.52890625 0.178125 0.034375 0.025
0 0.49140625 0.1796875 0.034375 0.025
0 0.43125 0.109375 0.034375 0.028125
0 0.44921875 0.13125 0.0375 0.028125
0 0.3796875 0.11640625 0.034375 0.0296875
0 0.34140625 0.128125 0.0375 0.028125
0 0.246875 0.1390625 0.034375 0.028125
0 0.340625 0.1578125 0.0375 0.028125
0 0.31328125 0.178125 0.034375 0.028125
0 0.26328125 0.1703125 0.034375 0.0265625
0 0.21640625 0.165625 0.040625 0.03125
0 0.55703125 0.20390625 0.034375 0.0265625
0 0.57109375 0.2203125 0.040625 0.028125
0 0.49140625 0.203125 0.040625 0.028125
0 0.43671875 0.171875 0.034375 0.03125
0 0.42734375 0.2078125 0.03125 0.025
0 0.45859375 0.20546875 0.0375 0.028125
0 0.51484375 0.2484375 0.0375 0.03125
0 0.471875 0.240625 0.040625 0.028125
0 0.6296875 0.23203125 0.0375 0.0296875
0 0.6859375 0.28828125 0.040625 0.0296875
0 0.74296875 0.309375 0.028125 0.021875
0 0.71796875 0.3203125 0.04375 0.034375
0 0.6390625 0.28046875 0.0375 0.0265625
0 0.56328125 0.27890625 0.040625 0.028125
0 0.3953125 0.215625 0.03125 0.03125
0 0.3640625 0.20859375 0.03125 0.028125
0 0.33046875 0.209375 0.0375 0.025
0 0.34765625 0.225 0.034375 0.021875
0 0.35546875 0.24921875 0.034375 0.0265625
0 0.32734375 0.25 0.028125 0.028125
0 0.31015625 0.2421875 0.03125 0.028125
0 0.27109375 0.2453125 0.034375 0.028125
0 0.2203125 0.1984375 0.034375 0.028125
0 0.22265625 0.225 0.034375 0.025
0 0.22265625 0.25234375 0.0375 0.0234375
0 0.22265625 0.29765625 0.040625 0.025
0 0.42265625 0.25625 0.034375 0.028125
0 0.428125 0.2859375 0.034375 0.03125
0 0.384375 0.296875 0.0375 0.03125
0 0.34453125 0.3 0.034375 0.03125
0 0.31953125 0.28359375 0.034375 0.025
0 0.30234375 0.26875 0.034375 0.0265625
0 0.26796875 0.28046875 0.034375 0.025
0 0.284375 0.3 0.0375 0.028125
0 0.70703125 0.3546875 0.04375 0.03125
0 0.7390625 0.38125 0.04375 0.028125
0 0.7625 0.4015625 0.034375 0.028125
0 0.75390625 0.48125 0.040625 0.0296875
0 0.67265625 0.4125 0.034375 0.028125
0 0.63046875 0.3890625 0.04375 0.03125
0 0.58203125 0.328125 0.0375 0.028125
0 0.54296875 0.353125 0.040625 0.03125
0 0.50390625 0.31328125 0.03125 0.03125
0 0.46015625 0.3203125 0.0375 0.03125
0 0.46015625 0.35 0.040625 0.028125
0 0.49921875 0.36171875 0.040625 0.0296875
0 0.378125 0.3328125 0.034375 0.028125
0 0.3453125 0.3375 0.034375 0.03125
0 0.27109375 0.3484375 0.0375 0.025
0 0.225 0.365625 0.034375 0.025
0 0.63671875 0.33515625 0.040625 0.0296875
0 0.5296875 0.3984375 0.040625 0.03125
0 0.48125 0.396875 0.0375 0.03125
0 0.4484375 0.403125 0.0375 0.028125
0 0.3890625 0.378125 0.034375 0.0296875
0 0.3515625 0.3859375 0.034375 0.028125
0 0.31484375 0.3765625 0.040625 0.028125
0 0.25546875 0.3859375 0.0375 0.028125
0 0.22421875 0.3984375 0.0375 0.028125
0 0.63515625 0.4421875 0.04375 0.0328125
0 0.57734375 0.44375 0.040625 0.03125
0 0.51484375 0.428125 0.0375 0.03125
0 0.45546875 0.434375 0.0375 0.03125
0 0.41953125 0.45 0.0375 0.03125
0 0.36484375 0.4359375 0.034375 0.03125
0 0.3953125 0.4609375 0.03125 0.025
0 0.54375 0.46328125 0.034375 0.028125
0 0.5109375 0.4796875 0.0375 0.0296875
0 0.4546875 0.478125 0.034375 0.03125
0 0.4203125 0.4828125 0.0375 0.028125
0 0.61328125 0.47890625 0.04375 0.0265625
0 0.6328125 0.50625 0.0375 0.028125
0 0.58125 0.48984375 0.034375 0.0265625
0 0.59921875 0.5203125 0.0375 0.03125
0 0.64375 0.55859375 0.040625 0.03125
0 0.6390625 0.596875 0.046875 0.028125
0 0.5828125 0.56640625 0.046875 0.03125
0 0.478125 0.5203125 0.0375 0.028125
0 0.51796875 0.559375 0.0375 0.028125
0 0.559375 0.596875 0.0375 0.025
0 0.575 0.64453125 0.040625 0.028125
0 0.52578125 0.6203125 0.0375 0.0296875
0 0.48828125 0.6015625 0.0375 0.028125
0 0.4234375 0.51484375 0.0375 0.0296875
0 0.3 0.42890625 0.0375 0.028125
0 0.24140625 0.42890625 0.034375 0.025
0 0.26640625 0.45 0.03125 0.028125
0 0.2828125 0.4765625 0.0375 0.028125
0 0.24453125 0.4765625 0.034375 0.025
0 0.34921875 0.4828125 0.0375 0.0296875
0 0.31171875 0.50390625 0.034375 0.028125
0 0.24765625 0.50390625 0.0375 0.028125
0 0.21953125 0.52578125 0.03125 0.03125
0 0.44140625 0.54140625 0.0375 0.0265625
0 0.43828125 0.578125 0.0375 0.028125
0 0.3890625 0.51328125 0.0375 0.028125
0 0.33984375 0.5390625 0.040625 0.03125
0 0.3796875 0.575 0.0375 0.03125
0 0.3328125 0.5734375 0.040625 0.028125
0 0.27109375 0.5515625 0.034375 0.028125
0 0.24453125 0.56796875 0.03125 0.028125
0 0.55703125 0.6984375 0.0375 0.028125
0 0.59140625 0.74296875 0.040625 0.028125
0 0.48203125 0.65625 0.0375 0.0296875
0 0.49921875 0.72890625 0.0375 0.028125
0 0.48515625 0.7390625 0.0375 0.028125
0 0.43203125 0.63671875 0.0375 0.028125
0 0.43203125 0.665625 0.0375 0.028125
0 0.40078125 0.6171875 0.0375 0.028125
0 0.3953125 0.6515625 0.03125 0.028125
0 0.328125 0.60078125 0.034375 0.0265625
0 0.33203125 0.634375 0.034375 0.028125
0 0.33125 0.6796875 0.040625 0.0296875
0 0.28203125 0.60078125 0.0375 0.025
0 0.28125 0.63671875 0.0375 0.0296875
0 0.22109375 0.6078125 0.0375 0.03125
0 0.43359375 0.7484375 0.0375 0.025
0 0.403125 0.725 0.034375 0.0265625
0 0.35546875 0.721875 0.0375 0.028125
0 0.30703125 0.725 0.034375 0.03125
0 0.28203125 0.703125 0.034375 0.03125
0 0.24921875 0.690625 0.0375 0.03125
0 0.24609375 0.653125 0.034375 0.03125
0 0.23125 0.73046875 0.03125 0.028125
0 0.38203125 0.7640625 0.034375 0.025
0 0.3359375 0.7484375 0.034375 0.028125
0 0.32890625 0.77578125 0.0375 0.0265625
0 0.3515625 0.81171875 0.034375 0.0265625
0 0.31875 0.8828125 0.034375 0.0265625
0 0.290625 0.7625 0.0375 0.0265625
0 0.225 0.790625 0.0375 0.0265625
0 0.18671875 0.85859375 0.034375 0.03125
0 0.2875 0.828125 0.0375 0.0234375
0 0.29765625 0.83515625 0.034375 0.0203125
0 0.25546875 0.83359375 0.034375 0.028125
0 0.22265625 0.91875 0.034375 0.0265625
0 0.2765625 0.9234375 0.034375 0.025
0 0.25625 0.9875 0.034375 0.0234375
0 0.64375 0.6609375 0.040625 0.03125
0 0.05234375 0.1578125 0.0375 0.028125
0 0.0421875 0.728125 0.040625 0.028125