0 0.49921875 0.94453125 0.021875 0.03125
0 0.47421875 0.93359375 0.021875 0.0359375
0 0.45234375 0.91171875 0.021875 0.034375
0 0.45859375 0.8796875 0.01875 0.03125
0 0.43125 0.8734375 0.0140625 0.0203125
0 0.415625 0.81328125 0.015625 0.021875
0 0.43046875 0.8046875 0.021875 0.028125
0 0.48203125 0.89296875 0.021875 0.03125
0 0.5 0.8953125 0.015625 0.021875
0 0.49921875 0.87109375 0.01875 0.03125
0 0.48046875 0.8625 0.01875 0.03125
0 0.49140625 0.83515625 0.0203125 0.028125
0 0.4484375 0.8125 0.01875 0.0265625
0 0.44453125 0.77421875 0.021875 0.03125
0 0.465625 0.790625 0.021875 0.028125
0 0.48046875 0.7984375 0.01875 0.028125
0 0.50390625 0.809375 0.01875 0.03125
0 0.50234375 0.7796875 0.0203125 0.0296875
0 0.48359375 0.7703125 0.01875 0.03125
0 0.4609375 0.75234375 0.021875 0.03125
0 0.4828125 0.73671875 0.021875 0.0296875
0 0.50078125 0.75078125 0.021875 0.028125
0 0.43203125 0.73125 0.01875 0.028125
0 0.45859375 0.72265625 0.021875 0.0296875
0 0.47265625 0.70078125 0.0203125 0.0296875
0 0.434375 0.7015625 0.021875 0.03125
0 0.40625 0.69140625 0.021875 0.025
0 0.4015625 0.66875 0.021875 0.028125
0 0.4328125 0.6703125 0.021875 0.028125
0 0.453125 0.6828125 0.0203125 0.03125
0 0.4765625 0.66953125 0.01875 0.03125
0 0.48828125 0.68984375 0.0125 0.0296875
0 0.490625 0.66015625 0.009375 0.0265625
0 0.440625 0.6328125 0.021875 0.03125
0 0.4171875 0.6453125 0.0234375 0.028125
0 0.40703125 0.61953125 0.021875 0.0296875
0 0.42421875 0.60234375 0.0203125 0.0296875
0 0.44140625 0.5890625 0.0203125 0.03125
0 0.45546875 0.61875 0.01875 0.03125
0 0.4546875 0.6515625 0.021875 0.0296875
0 0.47265625 0.6390625 0.0203125 0.03125
0 0.47890625 0.61015625 0.01875 0.028125
0 0.490625 0.6265625 0.0125 0.028125
0 0.49375 0.59765625 0.009375 0.0234375
0 0.38359375 0.59921875 0.0203125 0.03125
0 0.3609375 0.58203125 0.01875 0.03125
0 0.36640625 0.55 0.021875 0.028125
0 0.36328125 0.5203125 0.021875 0.028125
0 0.3875 0.565625 0.021875 0.028125
0 0.3875 0.5375 0.025 0.03125
0 0.38125 0.49921875 0.0203125 0.028125
0 0.40703125 0.58203125 0.0234375 0.0296875
0 0.40625 0.5484375 0.021875 0.028125
0 0.425 0.56796875 0.021875 0.0296875
0 0.3984375 0.99375 0.021875 0.0125
0 0.48046875 0.57890625 0.021875 0.028125
0 0.4609375 0.57109375 0.021875 0.0296875
0 0.44609375 0.55078125 0.021875 0.03125
0 0.42578125 0.53046875 0.021875 0.0296875
0 0.40390625 0.5125 0.025 0.025
0 0.403125 0.48203125 0.021875 0.028125
0 0.4203125 0.4984375 0.021875 0.028125
0 0.44375 0.5046875 0.021875 0.028125
0 0.47421875 0.55 0.01875 0.03125
0 0.49453125 0.56171875 0.009375 0.03125
0 0.4921875 0.5265625 0.015625 0.028125
0 0.4765625 0.5078125 0.021875 0.028125
0 0.45703125 0.48203125 0.0203125 0.028125
0 0.434375 0.47265625 0.0203125 0.03125
0 0.41484375 0.45703125 0.021875 0.028125
0 0.3921875 0.44375 0.021875 0.028125
0 0.378125 0.41640625 0.0234375 0.03125
0 0.4 0.41484375 0.025 0.0296875
0 0.43203125 0.43515625 0.025 0.03125
0 0.4546875 0.453125 0.01875 0.0296875
0 0.48046875 0.478125 0.0203125 0.028125
0 0.49296875 0.45625 0.0171875 0.028125
0 0.47421875 0.440625 0.021875 0.03125
0 0.41328125 0.39375 0.0203125 0.028125
0 0.4 0.3640625 0.0234375 0.0296875
0 0.43671875 0.40546875 0.021875 0.0296875
0 0.45625 0.421875 0.021875 0.0296875
0 0.471875 0.41015625 0.021875 0.028125
0 0.49296875 0.425 0.021875 0.028125
0 0.49296875 0.39453125 0.021875 0.028125
0 0.47421875 0.378125 0.021875 0.028125
0 0.43515625 0.37265625 0.021875 0.028125
0 0.4140625 0.3515625 0.021875 0.028125
0 0.41484375 0.31015625 0.021875 0.0328125
0 0.43828125 0.33984375 0.01875 0.0296875
0 0.453125 0.39296875 0.01875 0.0265625
0 0.45234375 0.3625 0.01875 0.028125
0 0.45625 0.3296875 0.021875 0.03125
0 0.47421875 0.34765625 0.021875 0.03125
0 0.48984375 0.3328125 0.01875 0.028125
0 0.43828125 0.31015625 0.0203125 0.028125
0 0.43359375 0.28046875 0.021875 0.028125
0 0.440625 0.2390625 0.021875 0.028125
0 0.45390625 0.29609375 0.021875 0.03125
0 0.471875 0.31640625 0.0203125 0.0296875
0 0.4875 0.30390625 0.01875 0.028125
0 0.47421875 0.284375 0.01875 0.03125
0 0.4625 0.26015625 0.0203125 0.028125
0 0.4609375 0.2296875 0.0203125 0.028125
0 0.48046875 0.24375 0.01875 0.0265625
0 0.48671875 0.271875 0.0203125 0.028125
0 0.47421875 0.21328125 0.01875 0.028125
0 0.46484375 0.184375 0.021875 0.0296875
0 0.45703125 0.15078125 0.021875 0.03125
0 0.43515625 0.1453125 0.0125 0.040625
0 0.446875 0.10859375 0.021875 0.025
0 0.47890625 0.17109375 0.01875 0.028125
0 0.49453125 0.19765625 0.021875 0.0328125
0 0.490625 0.2328125 0.015625 0.028125
0 0.49375 0.1484375 0.01875 0.028125
0 0.47265625 0.13046875 0.021875 0.03125
0 0.47578125 0.09765625 0.01875 0.03125
0 0.49453125 0.11640625 0.0203125 0.0296875
0 0.49375 0.084375 0.01875 0.03125