0 0.10234375 0.6796875 0.1 0.0703125
0 0.17421875 0.7421875 0.096875 0.071875
0 0.25546875 0.79296875 0.090625 0.0671875
0 0.41328125 0.83203125 0.08125 0.065625
0 0.45625 0.85703125 0.075 0.05625
0 0.5265625 0.8515625 0.0703125 0.0609375
0 0.4828125 0.796875 0.0734375 0.06875
0 0.54140625 0.79453125 0.059375 0.053125
0 0.63984375 0.78046875 0.0625 0.059375
0 0.67265625 0.72578125 0.0625 0.0546875
0 0.63046875 0.69609375 0.065625 0.0546875
0 0.5578125 0.73515625 0.05625 0.05625
0 0.48359375 0.71640625 0.071875 0.0625
0 0.2734375 0.721875 0.09375 0.071875
0 0.315625 0.7328125 0.0671875 0.0625
0 0.37578125 0.7359375 0.078125 0.0625
0 0.2296875 0.66015625 0.09375 0.071875
0 0.334375 0.67265625 0.078125 0.0625
0 0.28671875 0.628125 0.0828125 0.065625
0 0.16328125 0.60078125 0.096875 0.0703125
0 0.07578125 0.540625 0.103125 0.0734375
0 0.2390625 0.58046875 0.08125 0.0640625
0 0.20625 0.52578125 0.0921875 0.06875
0 0.4421875 0.66484375 0.075 0.0609375
0 0.39375 0.6125 0.078125 0.0640625
0 0.34765625 0.571875 0.084375 0.0671875
0 0.43828125 0.5578125 0.08125 0.065625
0 0.4953125 0.6421875 0.0609375 0.05625
0 0.58046875 0.66796875 0.0625 0.0578125
0 0.56328125 0.603125 0.0625 0.059375
0 0.50546875 0.57578125 0.06875 0.0578125
0 0.6875 0.671875 0.0625 0.053125
0 0.65078125 0.6421875 0.059375 0.05625
0 0.70234375 0.62109375 0.0625 0.053125
0 0.62109375 0.5875 0.0625 0.0375
0 0.62734375 0.55234375 0.0671875 0.059375
0 0.71953125 0.565625 0.0671875 0.05
0 0.71875 0.51484375 0.059375 0.053125
0 0.64375 0.49453125 0.0625 0.0578125
0 0.35390625 0.50703125 0.0703125 0.05625
0 0.48046875 0.48984375 0.06875 0.065625
0 0.42109375 0.44453125 0.0765625 0.065625
0 0.328125 0.45625 0.0875 0.06875
0 0.1515625 0.465625 0.103125 0.078125
0 0.05390625 0.41640625 0.1046875 0.078125
0 0.0625 0.33984375 0.10625 0.071875
0 0.04140625 0.259375 0.078125 0.0828125
0 0.08359375 0.221875 0.0859375 0.065625
0 0.12734375 0.284375 0.096875 0.071875
0 0.16484375 0.3875 0.096875 0.0765625
0 0.2328125 0.39921875 0.075 0.0625
0 0.3203125 0.3953125 0.0734375 0.05625
0 0.496875 0.44765625 0.065625 0.046875
0 0.48125 0.4046875 0.0734375 0.0625
0 0.56953125 0.52265625 0.0703125 0.059375
0 0.5484375 0.46328125 0.065625 0.05625
0 0.5625 0.4109375 0.065625 0.053125
0 0.659375 0.4390625 0.0625 0.0578125
0 0.6453125 0.38359375 0.0578125 0.05625
0 0.6984375 0.478125 0.059375 0.0578125
0 0.7171875 0.41484375 0.05625 0.046875
0 0.71875 0.3625 0.05625 0.059375
0 0.68671875 0.3203125 0.065625 0.053125
0 0.21953125 0.33046875 0.090625 0.071875
0 0.271875 0.278125 0.09375 0.0671875
0 0.33046875 0.33359375 0.084375 0.071875
0 0.403125 0.31171875 0.0765625 0.065625
0 0.19375 0.23125 0.1015625 0.075
0 0.1859375 0.16875 0.1015625 0.06875
0 0.27890625 0.21328125 0.0890625 0.06875
0 0.25546875 0.15546875 0.0828125 0.059375
0 0.35234375 0.26484375 0.0859375 0.0625
0 0.484375 0.34375 0.075 0.05625
0 0.55 0.325 0.078125 0.0625
0 0.61015625 0.34921875 0.0578125 0.059375
0 0.6265625 0.29296875 0.06875 0.0625
0 0.62734375 0.2296875 0.0703125 0.0640625
0 0.69140625 0.26640625 0.05 0.05
0 0.69296875 0.215625 0.053125 0.05
0 0.73046875 0.17578125 0.05 0.0484375
0 0.7203125 0.1421875 0.0484375 0.0375
0 0.3359375 0.1453125 0.08125 0.065625
0 0.43046875 0.2390625 0.078125 0.0703125
0 0.48515625 0.28359375 0.071875 0.065625
0 0.50703125 0.2140625 0.08125 0.0640625
0 0.58203125 0.196875 0.05625 0.0453125
0 0.6109375 0.1765625 0.05 0.04375
0 0.6625 0.125 0.05625 0.046875
0 0.77890625 0.07734375 0.0625 0.0625
0 0.43203125 0.1734375 0.084375 0.06875
0 0.428125 0.1125 0.078125 0.0671875
0 0.35234375 0.04765625 0.075 0.065625
0 0.30546875 0.02421875 0.0734375 0.0453125
0 0.42421875 0.07265625 0.065625 0.040625
0 0.40859375 0.0234375 0.0625 0.046875
0 0.5296875 0.0984375 0.0609375 0.05
0 0.603125 0.13515625 0.059375 0.0390625
0 0.58046875 0.1 0.059375 0.0625
0 0.484375 0.05546875 0.0578125 0.053125
0 0.53046875 0.053125 0.05625 0.053125
0 0.58359375 0.059375 0.05625 0.04375
0 0.64375 0.0671875 0.05 0.0484375
0 0.659375 0.0265625 0.0484375 0.0484375
0 0.69609375 0.078125 0.05 0.04375
0 0.7078125 0.0421875 0.04375 0.046875
0 0.7578125 0.04921875 0.040625 0.0328125
0 0.76875 0.02109375 0.04375 0.0375
0 0.57890625 0.01015625 0.05625 0.0203125
0 0.46875 0.01328125 0.0625 0.025