0 0.859375 0.33359375 0.0359375 0.040625
0 0.86875 0.36640625 0.034375 0.03125
0 0.89375 0.409375 0.0328125 0.040625
0 0.9125 0.4390625 0.03125 0.040625
0 0.86015625 0.40234375 0.034375 0.040625
0 0.871875 0.446875 0.034375 0.040625
0 0.8921875 0.47265625 0.0328125 0.04375
0 0.84296875 0.471875 0.034375 0.046875
0 0.8484375 0.490625 0.0359375 0.046875
0 0.903125 0.5203125 0.0375 0.04375
0 0.9125 0.54609375 0.025 0.03125
0 0.875 0.54140625 0.0375 0.046875
0 0.8890625 0.565625 0.0375 0.040625
0 0.9015625 0.60234375 0.03125 0.04375
0 0.8296875 0.3171875 0.034375 0.046875
0 0.83046875 0.3703125 0.0359375 0.05
0 0.8203125 0.41328125 0.0375 0.04375
0 0.80625 0.4546875 0.0390625 0.040625
0 0.7984375 0.409375 0.040625 0.046875
0 0.796875 0.50078125 0.03125 0.046875
0 0.8296875 0.546875 0.034375 0.046875
0 0.84375 0.58828125 0.0375 0.04375
0 0.8625 0.625 0.03125 0.04375
0 0.84296875 0.62421875 0.025 0.034375
0 0.81875 0.62265625 0.03125 0.04375
0 0.8625 0.66796875 0.0359375 0.040625
0 0.8296875 0.6609375 0.034375 0.040625
0 0.8390625 0.69609375 0.028125 0.034375
0 0.8109375 0.70078125 0.0375 0.046875
0 0.79296875 0.29453125 0.0359375 0.05625
0 0.7796875 0.3625 0.0375 0.053125
0 0.7921875 0.546875 0.0375 0.040625
0 0.80390625 0.58203125 0.034375 0.040625
0 0.7703125 0.58984375 0.0296875 0.04375
0 0.78671875 0.62578125 0.0390625 0.04375
0 0.75 0.6296875 0.034375 0.04375
0 0.7953125 0.66015625 0.034375 0.05
0 0.76328125 0.66796875 0.03125 0.04375
0 0.7703125 0.69609375 0.03125 0.040625
0 0.746875 0.70234375 0.0375 0.04375
0 0.734375 0.67890625 0.03125 0.046875
0 0.71640625 0.72578125 0.0390625 0.046875
0 0.73515625 0.2859375 0.0359375 0.04375
0 0.7453125 0.32890625 0.03125 0.046875
0 0.7296875 0.36953125 0.040625 0.046875
0 0.76015625 0.41328125 0.0390625 0.04375
0 0.7265625 0.4140625 0.0375 0.046875
0 0.76640625 0.46015625 0.0390625 0.04375
0 0.72734375 0.45234375 0.03125 0.0375
0 0.771875 0.51015625 0.034375 0.04375
0 0.72578125 0.49375 0.040625 0.04375
0 0.7484375 0.55078125 0.034375 0.046875
0 0.7015625 0.54296875 0.0421875 0.046875
0 0.7078125 0.5796875 0.04375 0.03125
0 0.68984375 0.61015625 0.0421875 0.05
0 0.70546875 0.63515625 0.0359375 0.04375
0 0.67265625 0.65390625 0.0375 0.040625
0 0.653125 0.63671875 0.0375 0.053125
0 0.65859375 0.7125 0.0359375 0.05
0 0.6265625 0.71953125 0.0375 0.05625
0 0.6953125 0.28359375 0.03125 0.04375
0 0.70625 0.32734375 0.034375 0.046875
0 0.6875 0.32734375 0.034375 0.05
0 0.6953125 0.37109375 0.040625 0.046875
0 0.675 0.39140625 0.0375 0.046875
0 0.6625 0.446875 0.040625 0.046875
0 0.6734375 0.50546875 0.0375 0.046875
0 0.653125 0.54296875 0.0375 0.05
0 0.640625 0.58828125 0.0375 0.04375
0 0.6171875 0.60546875 0.0375 0.046875
0 0.6109375 0.65546875 0.034375 0.04375
0 0.58125 0.68046875 0.034375 0.0375
0 0.578125 0.71015625 0.0390625 0.04375
0 0.55625 0.72734375 0.040625 0.05
0 0.55 0.66875 0.04375 0.05625
0 0.5140625 0.7265625 0.0375 0.0625
0 0.6609375 0.28671875 0.04375 0.053125
0 0.621875 0.28046875 0.04375 0.05
0 0.63125 0.32890625 0.0375 0.05
0 0.6578125 0.35234375 0.040625 0.05
0 0.63125 0.40859375 0.034375 0.046875
0 0.6109375 0.38046875 0.0375 0.053125
0 0.61015625 0.44453125 0.0328125 0.04375
0 0.634375 0.49453125 0.03125 0.04375
0 0.60390625 0.4921875 0.034375 0.046875
0 0.6140625 0.54140625 0.0375 0.0375
0 0.571875 0.56015625 0.0375 0.053125
0 0.56171875 0.615625 0.04375 0.04375
0 0.5265625 0.6078125 0.04375 0.04375
0 0.51328125 0.65234375 0.0375 0.05625
0 0.48671875 0.69296875 0.0453125 0.05
0 0.46953125 0.74140625 0.0421875 0.05
0 0.5875 0.29921875 0.0375 0.05625
0 0.5953125 0.34921875 0.0375 0.05
0 0.5921875 0.41953125 0.040625 0.05
0 0.57890625 0.46484375 0.040625 0.046875
0 0.5671875 0.51015625 0.0375 0.040625
0 0.54375 0.5453125 0.05 0.05625
0 0.4984375 0.5640625 0.040625 0.04375
0 0.48515625 0.61796875 0.0484375 0.05
0 0.45390625 0.66015625 0.04375 0.046875
0 0.43984375 0.70625 0.0421875 0.053125
0 0.409375 0.76484375 0.046875 0.05625
0 0.5609375 0.27734375 0.04375 0.05625
0 0.5390625 0.33359375 0.04375 0.059375
0 0.5640625 0.38359375 0.04375 0.053125
0 0.525 0.39609375 0.04375 0.05625
0 0.55 0.4296875 0.0375 0.046875
0 0.5421875 0.48515625 0.034375 0.05
0 0.5078125 0.48359375 0.04375 0.05
0 0.48828125 0.53046875 0.040625 0.05625
0 0.465625 0.57265625 0.04375 0.05
0 0.521875 0.2828125 0.040625 0.05
0 0.48125 0.27734375 0.04375 0.059375
0 0.4421875 0.275 0.046875 0.059375
0 0.3984375 0.27578125 0.046875 0.05625
0 0.3125 0.27109375 0.053125 0.053125
0 0.265625 0.27265625 0.05 0.053125
0 0.21875 0.2765625 0.05 0.0625
0 0.1734375 0.28125 0.05 0.065625
0 0.4953125 0.33046875 0.040625 0.053125
0 0.45703125 0.33203125 0.0421875 0.059375
0 0.4203125 0.32890625 0.04375 0.053125
0 0.365625 0.31015625 0.05 0.059375
0 0.29140625 0.3265625 0.046875 0.05625
0 0.24765625 0.32890625 0.046875 0.05625
0 0.1953125 0.3453125 0.0453125 0.059375
0 0.14921875 0.34296875 0.05 0.053125
0 0.0984375 0.32890625 0.053125 0.0625
0 0.48046875 0.3875 0.0390625 0.053125
0 0.43125 0.37890625 0.0375 0.04375
0 0.3953125 0.37578125 0.046875 0.053125
0 0.3484375 0.36328125 0.05 0.05
0 0.284375 0.3796875 0.0421875 0.04375
0 0.2390625 0.38203125 0.046875 0.05
0 0.1765625 0.396875 0.0515625 0.053125
0 0.121875 0.3875 0.05625 0.053125
0 0.05859375 0.378125 0.05625 0.05625
0 0.49375 0.4359375 0.04375 0.046875
0 0.45625 0.41953125 0.05 0.05
0 0.40703125 0.42109375 0.0453125 0.05
0 0.3546875 0.41484375 0.046875 0.05
0 0.3125 0.425 0.05 0.053125
0 0.2640625 0.4265625 0.0484375 0.053125
0 0.21953125 0.4296875 0.0421875 0.0625
0 0.15390625 0.43515625 0.0515625 0.053125
0 0.0984375 0.4390625 0.05 0.05625
0 0.04375 0.44140625 0.05625 0.065625
0 0.4640625 0.47109375 0.0390625 0.04375
0 0.4328125 0.4734375 0.04375 0.05
0 0.3828125 0.46015625 0.046875 0.05
0 0.34140625 0.46171875 0.0453125 0.053125
0 0.296875 0.47578125 0.04375 0.05625
0 0.24375 0.47890625 0.046875 0.053125
0 0.18671875 0.47265625 0.0484375 0.05
0 0.125 0.49375 0.053125 0.053125
0 0.0734375 0.496875 0.0515625 0.059375
0 0.025 0.50078125 0.05 0.05625
0 0.4453125 0.5203125 0.04375 0.046875
0 0.4 0.5046875 0.0375 0.046875
0 0.3640625 0.51171875 0.04375 0.046875
0 0.3234375 0.50859375 0.0390625 0.053125
0 0.28125 0.53125 0.04375 0.059375
0 0.2359375 0.534375 0.053125 0.053125
0 0.1703125 0.53359375 0.0515625 0.059375
0 0.0984375 0.5453125 0.05625 0.05625
0 0.03359375 0.55859375 0.059375 0.065625
0 0.41875 0.56171875 0.040625 0.05
0 0.375 0.56171875 0.03125 0.05
0 0.33984375 0.56875 0.0484375 0.05625
0 0.296875 0.57734375 0.04375 0.053125
0 0.2296875 0.58984375 0.05625 0.053125
0 0.165625 0.6046875 0.05 0.0625
0 0.1125 0.60703125 0.046875 0.0625
0 0.053125 0.62109375 0.053125 0.05625
0 0.428125 0.61171875 0.05 0.040625
0 0.3640625 0.62734375 0.0375 0.053125
0 0.4078125 0.65234375 0.040625 0.046875
0 0.3796875 0.69140625 0.0421875 0.053125
0 0.346875 0.67421875 0.046875 0.046875
0 0.325 0.6265625 0.0375 0.0625
0 0.28515625 0.63984375 0.0375 0.053125
0 0.240625 0.65234375 0.040625 0.059375
0 0.1890625 0.65546875 0.0484375 0.059375
0 0.14375 0.65390625 0.05 0.053125
0 0.09375 0.67109375 0.046875 0.053125
0 0.0390625 0.68125 0.053125 0.065625
0 0.325 0.72109375 0.05 0.04375
0 0.35625 0.77265625 0.040625 0.059375
0 0.30625 0.78515625 0.046875 0.05625
0 0.26484375 0.70078125 0.0421875 0.05625
0 0.2234375 0.715625 0.03125 0.06875
0 0.2640625 0.76875 0.05 0.05625
0 0.2109375 0.78203125 0.046875 0.06875
0 0.17890625 0.74296875 0.0453125 0.05625
0 0.1328125 0.71171875 0.0546875 0.059375
0 0.06953125 0.7296875 0.0515625 0.059375
0 0.140625 0.80390625 0.053125 0.059375
0 0.0921875 0.7921875 0.05625 0.065625