0 0.66640625 0.140625 0.040625 0.0359375
0 0.63359375 0.13125 0.03125 0.034375
0 0.590625 0.10625 0.040625 0.0328125
0 0.5609375 0.0875 0.040625 0.03125
0 0.59765625 0.13984375 0.040625 0.034375
0 0.553125 0.128125 0.040625 0.034375
0 0.52734375 0.1078125 0.04375 0.0328125
0 0.528125 0.15703125 0.046875 0.034375
0 0.509375 0.1515625 0.046875 0.0359375
0 0.4796875 0.096875 0.04375 0.0375
0 0.45390625 0.0875 0.03125 0.025
0 0.45859375 0.125 0.046875 0.0375
0 0.434375 0.1109375 0.040625 0.0375
0 0.39765625 0.0984375 0.04375 0.03125
0 0.6828125 0.1703125 0.046875 0.034375
0 0.6296875 0.16953125 0.05 0.0359375
0 0.58671875 0.1796875 0.04375 0.0375
0 0.5453125 0.19375 0.040625 0.0390625
0 0.590625 0.2015625 0.046875 0.040625
0 0.49921875 0.203125 0.046875 0.03125
0 0.453125 0.1703125 0.046875 0.034375
0 0.41171875 0.15625 0.04375 0.0375
0 0.375 0.1375 0.04375 0.03125
0 0.37578125 0.15703125 0.034375 0.025
0 0.37734375 0.18125 0.04375 0.03125
0 0.33203125 0.1375 0.040625 0.0359375
0 0.3390625 0.1703125 0.040625 0.034375
0 0.30390625 0.1609375 0.034375 0.028125
0 0.29921875 0.1890625 0.046875 0.0375
0 0.70546875 0.20703125 0.05625 0.0359375
0 0.6375 0.2203125 0.053125 0.0375
0 0.453125 0.2078125 0.040625 0.0375
0 0.41796875 0.19609375 0.040625 0.034375
0 0.41015625 0.2296875 0.04375 0.0296875
0 0.37421875 0.21328125 0.04375 0.0390625
0 0.3703125 0.25 0.04375 0.034375
0 0.33984375 0.2046875 0.05 0.034375
0 0.33203125 0.23671875 0.04375 0.03125
0 0.30390625 0.2296875 0.040625 0.03125
0 0.29765625 0.253125 0.04375 0.0375
0 0.32109375 0.265625 0.046875 0.03125
0 0.27421875 0.28359375 0.046875 0.0390625
0 0.7140625 0.26484375 0.04375 0.0359375
0 0.67109375 0.2546875 0.046875 0.03125
0 0.63046875 0.2703125 0.046875 0.040625
0 0.58671875 0.23984375 0.04375 0.0390625
0 0.5859375 0.2734375 0.046875 0.0375
0 0.53984375 0.23359375 0.04375 0.0390625
0 0.54765625 0.27265625 0.0375 0.03125
0 0.48984375 0.228125 0.04375 0.034375
0 0.50625 0.27421875 0.04375 0.040625
0 0.44921875 0.2515625 0.046875 0.034375
0 0.45703125 0.2984375 0.046875 0.0421875
0 0.4203125 0.2921875 0.03125 0.04375
0 0.38984375 0.31015625 0.05 0.0421875
0 0.36484375 0.29453125 0.04375 0.0359375
0 0.34609375 0.32734375 0.040625 0.0375
0 0.36328125 0.346875 0.053125 0.0375
0 0.2875 0.34140625 0.05 0.0359375
0 0.28046875 0.3734375 0.05625 0.0375
0 0.71640625 0.3046875 0.04375 0.03125
0 0.67265625 0.29375 0.046875 0.034375
0 0.67265625 0.3125 0.05 0.034375
0 0.62890625 0.3046875 0.046875 0.040625
0 0.60859375 0.325 0.046875 0.0375
0 0.553125 0.3375 0.046875 0.040625
0 0.49453125 0.3265625 0.046875 0.0375
0 0.45703125 0.346875 0.05 0.0375
0 0.41171875 0.359375 0.04375 0.0375
0 0.39453125 0.3828125 0.046875 0.0375
0 0.34453125 0.3890625 0.04375 0.034375
0 0.31953125 0.41875 0.0375 0.034375
0 0.28984375 0.421875 0.04375 0.0390625
0 0.27265625 0.44375 0.05 0.040625
0 0.33125 0.45 0.05625 0.04375
0 0.2734375 0.4859375 0.0625 0.0375
0 0.71328125 0.3390625 0.053125 0.04375
0 0.71953125 0.378125 0.05 0.04375
0 0.67109375 0.36875 0.05 0.0375
0 0.64765625 0.3421875 0.05 0.040625
0 0.59140625 0.36875 0.046875 0.034375
0 0.61953125 0.3890625 0.053125 0.0375
0 0.55546875 0.38984375 0.04375 0.0328125
0 0.50546875 0.365625 0.04375 0.03125
0 0.5078125 0.39609375 0.046875 0.034375
0 0.45859375 0.3859375 0.0375 0.0375
0 0.43984375 0.428125 0.053125 0.0375
0 0.384375 0.43828125 0.04375 0.04375
0 0.3921875 0.4734375 0.04375 0.04375
0 0.34765625 0.48671875 0.05625 0.0375
0 0.30703125 0.51328125 0.05 0.0453125
0 0.25859375 0.53046875 0.05 0.0421875
0 0.70078125 0.4125 0.05625 0.0375
0 0.65078125 0.4046875 0.05 0.0375
0 0.58046875 0.4078125 0.05 0.040625
0 0.53515625 0.42109375 0.046875 0.040625
0 0.48984375 0.4328125 0.040625 0.0375
0 0.4546875 0.45625 0.05625 0.05
0 0.4359375 0.5015625 0.04375 0.040625
0 0.38203125 0.51484375 0.05 0.0484375
0 0.33984375 0.54609375 0.046875 0.04375
0 0.29375 0.56015625 0.053125 0.0421875
0 0.23515625 0.590625 0.05625 0.046875
0 0.72265625 0.4390625 0.05625 0.04375
0 0.66640625 0.4609375 0.059375 0.04375
0 0.61640625 0.4359375 0.053125 0.04375
0 0.60390625 0.475 0.05625 0.04375
0 0.5703125 0.45 0.046875 0.0375
0 0.51484375 0.4578125 0.05 0.034375
0 0.51640625 0.4921875 0.05 0.04375
0 0.46953125 0.51171875 0.05625 0.040625
0 0.42734375 0.534375 0.05 0.04375
0 0.7171875 0.478125 0.05 0.040625
0 0.72265625 0.51875 0.059375 0.04375
0 0.725 0.5578125 0.059375 0.046875
0 0.72421875 0.6015625 0.05625 0.046875
0 0.72890625 0.6875 0.053125 0.053125
0 0.72734375 0.734375 0.053125 0.05
0 0.7234375 0.78125 0.0625 0.0515625
0 0.71875 0.8265625 0.065625 0.05
0 0.66953125 0.5046875 0.053125 0.040625
0 0.66796875 0.54296875 0.059375 0.0421875
0 0.67109375 0.5796875 0.053125 0.04375
0 0.68984375 0.634375 0.059375 0.05
0 0.6734375 0.70859375 0.05625 0.046875
0 0.67109375 0.75234375 0.05625 0.046875
0 0.6546875 0.8046875 0.059375 0.0453125
0 0.65703125 0.85078125 0.053125 0.05
0 0.67109375 0.9015625 0.0625 0.0546875
0 0.6125 0.51953125 0.053125 0.0390625
0 0.62109375 0.56875 0.04375 0.0375
0 0.62421875 0.6046875 0.053125 0.046875
0 0.63671875 0.6515625 0.05 0.05
0 0.6203125 0.715625 0.04375 0.0421875
0 0.61796875 0.7609375 0.05 0.046875
0 0.603125 0.8234375 0.053125 0.0515625
0 0.6125 0.878125 0.053125 0.05625
0 0.621875 0.94140625 0.05625 0.05625
0 0.5640625 0.50625 0.046875 0.04375
0 0.58046875 0.54375 0.05 0.05
0 0.57890625 0.59296875 0.05 0.0453125
0 0.58515625 0.6453125 0.05 0.046875
0 0.575 0.6875 0.053125 0.05
0 0.5734375 0.7359375 0.053125 0.0484375
0 0.5703125 0.78046875 0.0625 0.0421875
0 0.56484375 0.84609375 0.053125 0.0515625
0 0.5609375 0.9015625 0.05625 0.05
0 0.55859375 0.95625 0.065625 0.05625
0 0.52890625 0.5359375 0.04375 0.0390625
0 0.5265625 0.5671875 0.05 0.04375
0 0.53984375 0.6171875 0.05 0.046875
0 0.53828125 0.65859375 0.053125 0.0453125
0 0.52421875 0.703125 0.05625 0.04375
0 0.52109375 0.75625 0.053125 0.046875
0 0.52734375 0.81328125 0.05 0.0484375
0 0.50625 0.875 0.053125 0.053125
0 0.503125 0.9265625 0.059375 0.0515625
0 0.49921875 0.975 0.05625 0.05
0 0.4796875 0.5546875 0.046875 0.04375
0 0.4953125 0.6 0.046875 0.0375
0 0.48828125 0.6359375 0.046875 0.04375
0 0.49140625 0.6765625 0.053125 0.0390625
0 0.46875 0.71875 0.059375 0.04375
0 0.465625 0.7640625 0.053125 0.053125
0 0.46640625 0.8296875 0.059375 0.0515625
0 0.4546875 0.9015625 0.05625 0.05625
0 0.44140625 0.96640625 0.065625 0.059375
0 0.43828125 0.58125 0.05 0.040625
0 0.43828125 0.625 0.05 0.03125
0 0.43125 0.66015625 0.05625 0.0484375
0 0.42265625 0.703125 0.053125 0.04375
0 0.41015625 0.7703125 0.053125 0.05625
0 0.3953125 0.834375 0.0625 0.05
0 0.39296875 0.8875 0.0625 0.046875
0 0.37890625 0.946875 0.05625 0.053125
0 0.38828125 0.571875 0.040625 0.05
0 0.37265625 0.6359375 0.053125 0.0375
0 0.34765625 0.5921875 0.046875 0.040625
0 0.30859375 0.6203125 0.053125 0.0421875
0 0.32578125 0.653125 0.046875 0.046875
0 0.3734375 0.675 0.0625 0.0375
0 0.36015625 0.71484375 0.053125 0.0375
0 0.34765625 0.759375 0.059375 0.040625
0 0.34453125 0.8109375 0.059375 0.0484375
0 0.34609375 0.85625 0.053125 0.05
0 0.32890625 0.90625 0.053125 0.046875
0 0.31875 0.9609375 0.065625 0.053125
0 0.27890625 0.675 0.04375 0.05
0 0.22734375 0.64375 0.059375 0.040625
0 0.21484375 0.69375 0.05625 0.046875
0 0.29921875 0.73515625 0.05625 0.0421875
0 0.284375 0.7765625 0.06875 0.03125
0 0.23125 0.7359375 0.05625 0.05
0 0.21796875 0.7890625 0.06875 0.046875
0 0.25703125 0.82109375 0.05625 0.0453125
0 0.28828125 0.8671875 0.059375 0.0546875
0 0.2703125 0.93046875 0.059375 0.0515625
0 0.19609375 0.859375 0.059375 0.053125
0 0.2078125 0.9078125 0.065625 0.05625