0 0.16484375 0.24296875 0.0515625 0.075
0 0.1453125 0.31015625 0.046875 0.05625
0 0.1453125 0.3703125 0.046875 0.0625
0 0.11875 0.43828125 0.046875 0.0625
0 0.1140625 0.50390625 0.04375 0.06875
0 0.10234375 0.58046875 0.046875 0.071875
0 0.121875 0.66171875 0.05 0.0796875
0 0.1421875 0.71015625 0.046875 0.078125
0 0.09296875 0.753125 0.0421875 0.078125
0 0.0859375 0.8390625 0.046875 0.08125
0 0.128125 0.8890625 0.05625 0.096875
0 0.20625 0.271875 0.04375 0.065625
0 0.19296875 0.33515625 0.04375 0.06875
0 0.1765625 0.41640625 0.04375 0.065625
0 0.1734375 0.47890625 0.0453125 0.075
0 0.1671875 0.553125 0.05625 0.08125
0 0.1640625 0.63359375 0.046875 0.075
0 0.20234375 0.68046875 0.053125 0.08125
0 0.2140625 0.759375 0.053125 0.078125
0 0.159375 0.79296875 0.053125 0.0828125
0 0.225 0.8375 0.053125 0.0828125
0 0.18828125 0.9109375 0.046875 0.09375
0 0.2484375 0.23046875 0.04375 0.059375
0 0.234375 0.30390625 0.04375 0.06875
0 0.25546875 0.3734375 0.0484375 0.065625
0 0.2125 0.42109375 0.0484375 0.075
0 0.215625 0.50703125 0.046875 0.078125
0 0.209375 0.590625 0.059375 0.084375
0 0.28671875 0.89609375 0.05625 0.1
0 0.271875 0.77265625 0.0515625 0.0875
0 0.259375 0.63984375 0.053125 0.08125
0 0.2703125 0.55625 0.053125 0.078125
0 0.26875 0.47890625 0.0515625 0.075
0 0.2953125 0.24453125 0.04375 0.065625
0 0.2890625 0.315625 0.046875 0.065625
0 0.284375 0.39375 0.046875 0.071875
0 0.3171875 0.43671875 0.05 0.071875
0 0.3203125 0.51328125 0.05 0.078125
0 0.3125 0.61171875 0.05625 0.08125
0 0.30234375 0.70078125 0.05 0.0875
0 0.32734375 0.82265625 0.071875 0.096875
0 0.36328125 0.9203125 0.0625 0.096875
0 0.3453125 0.728125 0.0515625 0.084375
0 0.3625 0.6390625 0.053125 0.071875
0 0.7390625 0.44453125 0.071875 0.09375
0 0.76640625 0.52890625 0.0765625 0.096875
0 0.7453125 0.72109375 0.084375 0.09375
0 0.715625 0.81328125 0.084375 0.1046875
0 0.69453125 0.91953125 0.0796875 0.1125
0 0.7125 0.63203125 0.06875 0.096875
0 0.68359375 0.403125 0.075 0.10625
0 0.66015625 0.24375 0.0609375 0.084375
0 0.6015625 0.1953125 0.0625 0.071875
0 0.596875 0.27265625 0.05625 0.075
0 0.628125 0.34453125 0.065625 0.084375
0 0.628125 0.46640625 0.059375 0.090625
0 0.6703125 0.55 0.071875 0.0875
0 0.6375 0.6359375 0.075 0.0875
0 0.6609375 0.7265625 0.078125 0.096875
0 0.6234375 0.8328125 0.075 0.103125
0 0.5796875 0.3984375 0.065625 0.08125
0 0.5515625 0.18203125 0.053125 0.071875
0 0.55 0.25 0.05 0.065625
0 0.540625 0.3203125 0.059375 0.08125
0 0.5 0.38046875 0.059375 0.071875
0 0.56484375 0.49375 0.0640625 0.084375
0 0.6 0.5671875 0.0640625 0.084375
0 0.5359375 0.5703125 0.0640625 0.0875
0 0.565625 0.64921875 0.06875 0.0875
0 0.58828125 0.740625 0.05625 0.103125
0 0.4984375 0.225 0.065625 0.071875
0 0.4890625 0.29765625 0.05625 0.075
0 0.5109375 0.44609375 0.05625 0.084375
0 0.4875 0.52265625 0.065625 0.08125
0 0.4796875 0.6046875 0.071875 0.08125
0 0.5 0.68828125 0.0734375 0.103125
0 0.5203125 0.78203125 0.06875 0.096875
0 0.5578125 0.87578125 0.0625 0.096875
0 0.4859375 0.8609375 0.065625 0.09375
0 0.428125 0.91484375 0.065625 0.10625
0 0.4484375 0.78046875 0.06875 0.09375
0 0.3890625 0.80859375 0.065625 0.096875
0 0.4484375 0.1921875 0.0515625 0.071875
0 0.446875 0.27734375 0.053125 0.071875
0 0.4140625 0.3609375 0.053125 0.078125
0 0.446875 0.42734375 0.06875 0.0875
0 0.41015625 0.49765625 0.0578125 0.078125
0 0.4171875 0.60234375 0.05625 0.084375
0 0.4203125 0.70625 0.071875 0.103125
0 0.40390625 0.24921875 0.0515625 0.075
0 0.3828125 0.3140625 0.0484375 0.071875
0 0.359375 0.37734375 0.05625 0.075
0 0.3671875 0.46953125 0.053125 0.08125
0 0.3609375 0.55390625 0.053125 0.08125
0 0.365625 0.2015625 0.046875 0.06875
0 0.3421875 0.26953125 0.05 0.078125
0 0.33125 0.34140625 0.046875 0.071875