0 0.24296875 0.83515625 0.075 0.0515625
0 0.31015625 0.8546875 0.05625 0.046875
0 0.3703125 0.8546875 0.0625 0.046875
0 0.43828125 0.88125 0.0625 0.046875
0 0.50390625 0.8859375 0.06875 0.04375
0 0.58046875 0.89765625 0.071875 0.046875
0 0.66171875 0.878125 0.078125 0.05
0 0.71015625 0.8578125 0.078125 0.046875
0 0.753125 0.90703125 0.078125 0.0421875
0 0.8390625 0.9140625 0.08125 0.046875
0 0.8890625 0.871875 0.096875 0.05625
0 0.271875 0.79375 0.065625 0.04375
0 0.33515625 0.80703125 0.06875 0.04375
0 0.41640625 0.8234375 0.065625 0.04375
0 0.47890625 0.8265625 0.075 0.0453125
0 0.553125 0.8328125 0.08125 0.05625
0 0.63359375 0.8359375 0.075 0.046875
0 0.68046875 0.79765625 0.08125 0.053125
0 0.759375 0.7859375 0.078125 0.053125
0 0.79296875 0.840625 0.08125 0.053125
0 0.8375 0.775 0.084375 0.053125
0 0.9109375 0.81171875 0.09375 0.046875
0 0.23046875 0.7515625 0.059375 0.04375
0 0.30390625 0.765625 0.06875 0.04375
0 0.3734375 0.74453125 0.065625 0.0484375
0 0.42109375 0.7875 0.075 0.0484375
0 0.50703125 0.784375 0.078125 0.046875
0 0.590625 0.790625 0.084375 0.059375
0 0.89609375 0.71328125 0.1 0.05625
0 0.77265625 0.728125 0.0875 0.0515625
0 0.63984375 0.740625 0.08125 0.053125
0 0.55625 0.7296875 0.078125 0.053125
0 0.47890625 0.73125 0.075 0.0515625
0 0.24453125 0.7046875 0.065625 0.04375
0 0.315625 0.7109375 0.065625 0.046875
0 0.39375 0.715625 0.071875 0.046875
0 0.43671875 0.6828125 0.071875 0.05
0 0.51328125 0.6796875 0.078125 0.05
0 0.61171875 0.6875 0.08125 0.05625
0 0.70078125 0.69765625 0.0875 0.05
0 0.82265625 0.67265625 0.096875 0.071875
0 0.9203125 0.63671875 0.096875 0.0625
0 0.728125 0.6546875 0.084375 0.0515625
0 0.6390625 0.6375 0.071875 0.053125
0 0.44453125 0.2609375 0.09375 0.071875
0 0.52890625 0.23359375 0.096875 0.0765625
0 0.72109375 0.2546875 0.09375 0.084375
0 0.81328125 0.284375 0.103125 0.084375
0 0.91953125 0.30546875 0.1125 0.0796875
0 0.63203125 0.2875 0.096875 0.06875
0 0.403125 0.31640625 0.10625 0.075
0 0.24375 0.33984375 0.084375 0.0609375
0 0.1953125 0.3984375 0.071875 0.0625
0 0.27265625 0.403125 0.075 0.05625
0 0.34453125 0.371875 0.084375 0.065625
0 0.46640625 0.371875 0.090625 0.059375
0 0.55 0.3296875 0.0875 0.071875
0 0.6359375 0.3625 0.0875 0.075
0 0.7265625 0.3390625 0.096875 0.078125
0 0.8328125 0.3765625 0.103125 0.075
0 0.3984375 0.4203125 0.08125 0.065625
0 0.18203125 0.4484375 0.071875 0.053125
0 0.25 0.45 0.065625 0.05
0 0.3203125 0.459375 0.08125 0.059375
0 0.38046875 0.5 0.071875 0.059375
0 0.49375 0.43515625 0.084375 0.0640625
0 0.5671875 0.4 0.084375 0.0640625
0 0.5703125 0.4640625 0.0875 0.0640625
0 0.64921875 0.434375 0.0875 0.06875
0 0.740625 0.41171875 0.103125 0.05625
0 0.225 0.5015625 0.071875 0.065625
0 0.29765625 0.5109375 0.075 0.05625
0 0.44609375 0.4890625 0.084375 0.05625
0 0.52265625 0.5125 0.08125 0.065625
0 0.6046875 0.5203125 0.08125 0.071875
0 0.68828125 0.5 0.103125 0.0734375
0 0.78203125 0.4796875 0.096875 0.06875
0 0.87578125 0.4421875 0.096875 0.0625
0 0.8609375 0.5140625 0.09375 0.065625
0 0.91484375 0.571875 0.10625 0.065625
0 0.78046875 0.5515625 0.09375 0.06875
0 0.80859375 0.6109375 0.096875 0.065625
0 0.1921875 0.5515625 0.071875 0.0515625
0 0.27734375 0.553125 0.071875 0.053125
0 0.3609375 0.5859375 0.078125 0.053125
0 0.42734375 0.553125 0.0875 0.06875
0 0.49765625 0.58984375 0.078125 0.0578125
0 0.60234375 0.5828125 0.084375 0.05625
0 0.70625 0.5796875 0.103125 0.071875
0 0.24921875 0.59609375 0.075 0.0515625
0 0.3140625 0.6171875 0.071875 0.0484375
0 0.37734375 0.640625 0.075 0.05625
0 0.46953125 0.6328125 0.08125 0.053125
0 0.55390625 0.6390625 0.08125 0.053125
0 0.2015625 0.634375 0.06875 0.046875
0 0.26953125 0.6578125 0.078125 0.05
0 0.34140625 0.66875 0.071875 0.046875