0 0.75703125 0.83515625 0.075 0.0515625
0 0.68984375 0.8546875 0.05625 0.046875
0 0.6296875 0.8546875 0.0625 0.046875
0 0.56171875 0.88125 0.0625 0.046875
0 0.49609375 0.8859375 0.06875 0.04375
0 0.41953125 0.89765625 0.071875 0.046875
0 0.33828125 0.878125 0.078125 0.05
0 0.28984375 0.8578125 0.078125 0.046875
0 0.246875 0.90703125 0.078125 0.0421875
0 0.1609375 0.9140625 0.08125 0.046875
0 0.1109375 0.871875 0.096875 0.05625
0 0.728125 0.79375 0.065625 0.04375
0 0.66484375 0.80703125 0.06875 0.04375
0 0.58359375 0.8234375 0.065625 0.04375
0 0.52109375 0.8265625 0.075 0.0453125
0 0.446875 0.8328125 0.08125 0.05625
0 0.36640625 0.8359375 0.075 0.046875
0 0.31953125 0.79765625 0.08125 0.053125
0 0.240625 0.7859375 0.078125 0.053125
0 0.20703125 0.840625 0.08125 0.053125
0 0.1625 0.775 0.084375 0.053125
0 0.0890625 0.81171875 0.09375 0.046875
0 0.76953125 0.7515625 0.059375 0.04375
0 0.69609375 0.765625 0.06875 0.04375
0 0.6265625 0.74453125 0.065625 0.0484375
0 0.57890625 0.7875 0.075 0.0484375
0 0.49296875 0.784375 0.078125 0.046875
0 0.409375 0.790625 0.084375 0.059375
0 0.10390625 0.71328125 0.1 0.05625
0 0.22734375 0.728125 0.0875 0.0515625
0 0.36015625 0.740625 0.08125 0.053125
0 0.44375 0.7296875 0.078125 0.053125
0 0.52109375 0.73125 0.075 0.0515625
0 0.75546875 0.7046875 0.065625 0.04375
0 0.684375 0.7109375 0.065625 0.046875
0 0.60625 0.715625 0.071875 0.046875
0 0.56328125 0.6828125 0.071875 0.05
0 0.48671875 0.6796875 0.078125 0.05
0 0.38828125 0.6875 0.08125 0.05625
0 0.29921875 0.69765625 0.0875 0.05
0 0.17734375 0.67265625 0.096875 0.071875
0 0.0796875 0.63671875 0.096875 0.0625
0 0.271875 0.6546875 0.084375 0.0515625
0 0.3609375 0.6375 0.071875 0.053125
0 0.55546875 0.2609375 0.09375 0.071875
0 0.47109375 0.23359375 0.096875 0.0765625
0 0.27890625 0.2546875 0.09375 0.084375
0 0.18671875 0.284375 0.103125 0.084375
0 0.08046875 0.30546875 0.1125 0.0796875
0 0.36796875 0.2875 0.096875 0.06875
0 0.596875 0.31640625 0.10625 0.075
0 0.75625 0.33984375 0.084375 0.0609375
0 0.8046875 0.3984375 0.071875 0.0625
0 0.72734375 0.403125 0.075 0.05625
0 0.65546875 0.371875 0.084375 0.065625
0 0.53359375 0.371875 0.090625 0.059375
0 0.45 0.3296875 0.0875 0.071875
0 0.3640625 0.3625 0.0875 0.075
0 0.2734375 0.3390625 0.096875 0.078125
0 0.1671875 0.3765625 0.103125 0.075
0 0.6015625 0.4203125 0.08125 0.065625
0 0.81796875 0.4484375 0.071875 0.053125
0 0.75 0.45 0.065625 0.05
0 0.6796875 0.459375 0.08125 0.059375
0 0.61953125 0.5 0.071875 0.059375
0 0.50625 0.43515625 0.084375 0.0640625
0 0.4328125 0.4 0.084375 0.0640625
0 0.4296875 0.4640625 0.0875 0.0640625
0 0.35078125 0.434375 0.0875 0.06875
0 0.259375 0.41171875 0.103125 0.05625
0 0.775 0.5015625 0.071875 0.065625
0 0.70234375 0.5109375 0.075 0.05625
0 0.55390625 0.4890625 0.084375 0.05625
0 0.47734375 0.5125 0.08125 0.065625
0 0.3953125 0.5203125 0.08125 0.071875
0 0.31171875 0.5 0.103125 0.0734375
0 0.21796875 0.4796875 0.096875 0.06875
0 0.12421875 0.4421875 0.096875 0.0625
0 0.1390625 0.5140625 0.09375 0.065625
0 0.08515625 0.571875 0.10625 0.065625
0 0.21953125 0.5515625 0.09375 0.06875
0 0.19140625 0.6109375 0.096875 0.065625
0 0.8078125 0.5515625 0.071875 0.0515625
0 0.72265625 0.553125 0.071875 0.053125
0 0.6390625 0.5859375 0.078125 0.053125
0 0.57265625 0.553125 0.0875 0.06875
0 0.50234375 0.58984375 0.078125 0.0578125
0 0.39765625 0.5828125 0.084375 0.05625
0 0.29375 0.5796875 0.103125 0.071875
0 0.75078125 0.59609375 0.075 0.0515625
0 0.6859375 0.6171875 0.071875 0.0484375
0 0.62265625 0.640625 0.075 0.05625
0 0.53046875 0.6328125 0.08125 0.053125
0 0.44609375 0.6390625 0.08125 0.053125
0 0.7984375 0.634375 0.06875 0.046875
0 0.73046875 0.6578125 0.078125 0.05
0 0.65859375 0.66875 0.071875 0.046875