0 0.34765625 0.99296875 0.03125 0.0140625
0 0.378125 0.9875 0.03125 0.025
0 0.4125 0.984375 0.034375 0.03125
0 0.44609375 0.98671875 0.0328125 0.0265625
0 0.30078125 0.96171875 0.034375 0.046875
0 0.34453125 0.953125 0.025 0.0359375
0 0.3703125 0.96484375 0.0359375 0.046875
0 0.38125 0.9125 0.028125 0.04375
0 0.34921875 0.92109375 0.0328125 0.04375
0 0.32265625 0.90859375 0.0296875 0.0453125
0 0.29609375 0.92109375 0.028125 0.034375
0 0.27421875 0.890625 0.028125 0.0390625
0 0.2953125 0.8875 0.034375 0.0453125
0 0.24296875 0.8625 0.03125 0.04375
0 0.23984375 0.81484375 0.0328125 0.04375
0 0.2671875 0.82890625 0.03125 0.04375
0 0.3015625 0.828125 0.0328125 0.046875
0 0.32578125 0.86328125 0.034375 0.0484375
0 0.23359375 0.7640625 0.034375 0.046875
0 0.28515625 0.784375 0.034375 0.0421875
0 0.26953125 0.746875 0.034375 0.046875
0 0.25703125 0.69609375 0.034375 0.04375
0 0.28984375 0.7 0.0328125 0.0390625
0 0.31171875 0.7359375 0.0328125 0.04375
0 0.33203125 0.78359375 0.03125 0.0453125
0 0.34765625 0.821875 0.025 0.03125
0 0.35859375 0.86953125 0.03125 0.046875
0 0.390625 0.8734375 0.03125 0.05
0 0.4125 0.90546875 0.0328125 0.0515625
0 0.43203125 0.91875 0.025 0.0390625
0 0.446875 0.8875 0.03125 0.05
0 0.478125 0.878125 0.03125 0.046875
0 0.421875 0.85390625 0.03125 0.046875
0 0.378125 0.83046875 0.03125 0.04375
0 0.3640625 0.78203125 0.03125 0.046875
0 0.3484375 0.7375 0.03125 0.0375
0 0.328125 0.69921875 0.0328125 0.0390625
0 0.271875 0.65390625 0.0328125 0.04375
0 0.30234375 0.64921875 0.034375 0.040625
0 0.3359375 0.6578125 0.03125 0.04375
0 0.396875 0.79609375 0.03125 0.046875
0 0.42421875 0.81015625 0.0265625 0.034375
0 0.42265625 0.7703125 0.034375 0.0453125
0 0.38984375 0.7484375 0.034375 0.040625
0 0.37421875 0.70859375 0.034375 0.04375
0 0.4546875 0.84140625 0.034375 0.046875
0 0.48984375 0.82734375 0.03125 0.046875
0 0.45390625 0.796875 0.03125 0.04375
0 0.46875 0.75546875 0.03125 0.04375
0 0.4890625 0.784375 0.03125 0.040625
0 0.4984375 0.75 0.028125 0.0359375
0 0.3078125 0.57734375 0.03125 0.0375
0 0.340625 0.59765625 0.03125 0.0390625
0 0.334375 0.553125 0.03125 0.0421875
0 0.3328125 0.5203125 0.03125 0.03125
0 0.365625 0.64609375 0.03125 0.040625
0 0.371875 0.6078125 0.03125 0.034375
0 0.3890625 0.6671875 0.0328125 0.0390625
0 0.41953125 0.69140625 0.034375 0.0453125
0 0.44296875 0.728125 0.03125 0.046875
0 0.471875 0.7140625 0.03125 0.040625
0 0.4953125 0.71171875 0.025 0.034375
0 0.44609375 0.6921875 0.028125 0.034375
0 0.47421875 0.68125 0.0296875 0.034375
0 0.46796875 0.64765625 0.025 0.0359375
0 0.509375 0.66953125 0.03125 0.040625
0 0.5046875 0.62734375 0.03125 0.040625
0 0.52265625 0.59765625 0.028125 0.0375
0 0.35234375 0.4921875 0.0328125 0.0375
0 0.36796875 0.45859375 0.0296875 0.034375
0 0.39375 0.42578125 0.0359375 0.0421875
0 0.3640625 0.5625 0.03125 0.04375
0 0.36796875 0.525 0.03125 0.0375
0 0.4015625 0.61640625 0.0265625 0.0359375
0 0.39609375 0.58125 0.025 0.034375
0 0.3984375 0.525 0.0296875 0.040625
0 0.38671875 0.50078125 0.028125 0.03125
0 0.41328125 0.51015625 0.025 0.03125
0 0.41171875 0.63359375 0.0328125 0.040625
0 0.44375 0.64140625 0.028125 0.04375
0 0.48125 0.6 0.0296875 0.040625
0 0.5078125 0.56015625 0.0296875 0.0375
0 0.4328125 0.58125 0.03125 0.0375
0 0.4328125 0.534375 0.028125 0.0390625
0 0.46015625 0.54609375 0.03125 0.040625
0 0.4890625 0.53125 0.03125 0.040625
0 0.53203125 0.52578125 0.03125 0.0375
0 0.503125 0.50078125 0.028125 0.040625
0 0.53203125 0.49296875 0.028125 0.034375
0 0.41953125 0.45078125 0.0328125 0.040625
0 0.42109375 0.41328125 0.03125 0.0375
0 0.44140625 0.4890625 0.028125 0.0390625
0 0.46796875 0.46796875 0.03125 0.0390625
0 0.44609375 0.4296875 0.028125 0.0328125
0 0.475 0.4203125 0.028125 0.0375
0 0.4921875 0.446875 0.0296875 0.0390625
0 0.5109375 0.41953125 0.028125 0.0375
0 0.52734375 0.4484375 0.028125 0.0375