0 0.65234375 0.99296875 0.03125 0.0140625
0 0.621875 0.9875 0.03125 0.025
0 0.5875 0.984375 0.034375 0.03125
0 0.55390625 0.98671875 0.0328125 0.0265625
0 0.69921875 0.96171875 0.034375 0.046875
0 0.65546875 0.953125 0.025 0.0359375
0 0.6296875 0.96484375 0.0359375 0.046875
0 0.61875 0.9125 0.028125 0.04375
0 0.65078125 0.92109375 0.0328125 0.04375
0 0.67734375 0.90859375 0.0296875 0.0453125
0 0.70390625 0.92109375 0.028125 0.034375
0 0.72578125 0.890625 0.028125 0.0390625
0 0.7046875 0.8875 0.034375 0.0453125
0 0.75703125 0.8625 0.03125 0.04375
0 0.76015625 0.81484375 0.0328125 0.04375
0 0.7328125 0.82890625 0.03125 0.04375
0 0.6984375 0.828125 0.0328125 0.046875
0 0.67421875 0.86328125 0.034375 0.0484375
0 0.76640625 0.7640625 0.034375 0.046875
0 0.71484375 0.784375 0.034375 0.0421875
0 0.73046875 0.746875 0.034375 0.046875
0 0.74296875 0.69609375 0.034375 0.04375
0 0.71015625 0.7 0.0328125 0.0390625
0 0.68828125 0.7359375 0.0328125 0.04375
0 0.66796875 0.78359375 0.03125 0.0453125
0 0.65234375 0.821875 0.025 0.03125
0 0.64140625 0.86953125 0.03125 0.046875
0 0.609375 0.8734375 0.03125 0.05
0 0.5875 0.90546875 0.0328125 0.0515625
0 0.56796875 0.91875 0.025 0.0390625
0 0.553125 0.8875 0.03125 0.05
0 0.521875 0.878125 0.03125 0.046875
0 0.578125 0.85390625 0.03125 0.046875
0 0.621875 0.83046875 0.03125 0.04375
0 0.6359375 0.78203125 0.03125 0.046875
0 0.6515625 0.7375 0.03125 0.0375
0 0.671875 0.69921875 0.0328125 0.0390625
0 0.728125 0.65390625 0.0328125 0.04375
0 0.69765625 0.64921875 0.034375 0.040625
0 0.6640625 0.6578125 0.03125 0.04375
0 0.603125 0.79609375 0.03125 0.046875
0 0.57578125 0.81015625 0.0265625 0.034375
0 0.57734375 0.7703125 0.034375 0.0453125
0 0.61015625 0.7484375 0.034375 0.040625
0 0.62578125 0.70859375 0.034375 0.04375
0 0.5453125 0.84140625 0.034375 0.046875
0 0.51015625 0.82734375 0.03125 0.046875
0 0.54609375 0.796875 0.03125 0.04375
0 0.53125 0.75546875 0.03125 0.04375
0 0.5109375 0.784375 0.03125 0.040625
0 0.5015625 0.75 0.028125 0.0359375
0 0.6921875 0.57734375 0.03125 0.0375
0 0.659375 0.59765625 0.03125 0.0390625
0 0.665625 0.553125 0.03125 0.0421875
0 0.6671875 0.5203125 0.03125 0.03125
0 0.634375 0.64609375 0.03125 0.040625
0 0.628125 0.6078125 0.03125 0.034375
0 0.6109375 0.6671875 0.0328125 0.0390625
0 0.58046875 0.69140625 0.034375 0.0453125
0 0.55703125 0.728125 0.03125 0.046875
0 0.528125 0.7140625 0.03125 0.040625
0 0.5046875 0.71171875 0.025 0.034375
0 0.55390625 0.6921875 0.028125 0.034375
0 0.52578125 0.68125 0.0296875 0.034375
0 0.53203125 0.64765625 0.025 0.0359375
0 0.490625 0.66953125 0.03125 0.040625
0 0.4953125 0.62734375 0.03125 0.040625
0 0.47734375 0.59765625 0.028125 0.0375
0 0.64765625 0.4921875 0.0328125 0.0375
0 0.63203125 0.45859375 0.0296875 0.034375
0 0.60625 0.42578125 0.0359375 0.0421875
0 0.6359375 0.5625 0.03125 0.04375
0 0.63203125 0.525 0.03125 0.0375
0 0.5984375 0.61640625 0.0265625 0.0359375
0 0.60390625 0.58125 0.025 0.034375
0 0.6015625 0.525 0.0296875 0.040625
0 0.61328125 0.50078125 0.028125 0.03125
0 0.58671875 0.51015625 0.025 0.03125
0 0.58828125 0.63359375 0.0328125 0.040625
0 0.55625 0.64140625 0.028125 0.04375
0 0.51875 0.6 0.0296875 0.040625
0 0.4921875 0.56015625 0.0296875 0.0375
0 0.5671875 0.58125 0.03125 0.0375
0 0.5671875 0.534375 0.028125 0.0390625
0 0.53984375 0.54609375 0.03125 0.040625
0 0.5109375 0.53125 0.03125 0.040625
0 0.46796875 0.52578125 0.03125 0.0375
0 0.496875 0.50078125 0.028125 0.040625
0 0.46796875 0.49296875 0.028125 0.034375
0 0.58046875 0.45078125 0.0328125 0.040625
0 0.57890625 0.41328125 0.03125 0.0375
0 0.55859375 0.4890625 0.028125 0.0390625
0 0.53203125 0.46796875 0.03125 0.0390625
0 0.55390625 0.4296875 0.028125 0.0328125
0 0.525 0.4203125 0.028125 0.0375
0 0.5078125 0.446875 0.0296875 0.0390625
0 0.4890625 0.41953125 0.028125 0.0375
0 0.47265625 0.4484375 0.028125 0.0375