0 0.4375 0.0328125 0.109375 0.065625
0 0.56953125 0.03046875 0.1171875 0.0609375
0 0.3484375 0.06953125 0.11875 0.078125
0 0.25234375 0.12421875 0.121875 0.0796875
0 0.16953125 0.171875 0.109375 0.06875
0 0.1015625 0.23828125 0.1375 0.078125
0 0.5140625 0.11171875 0.1125 0.071875
0 0.67265625 0.0734375 0.109375 0.071875
0 0.7484375 0.12109375 0.115625 0.078125
0 0.628125 0.1359375 0.121875 0.075
0 0.40859375 0.15625 0.1125 0.0828125
0 0.3078125 0.1921875 0.109375 0.071875
0 0.20625 0.27734375 0.1234375 0.075
0 0.4484375 0.22265625 0.109375 0.078125
0 0.5484375 0.165625 0.1125 0.078125
0 0.69453125 0.19765625 0.109375 0.075
0 0.79375 0.2328125 0.10625 0.071875
0 0.13828125 0.34609375 0.115625 0.0703125
0 0.33671875 0.2640625 0.125 0.0796875
0 0.496875 0.28671875 0.1125 0.075
0 0.58515625 0.2421875 0.1125 0.071875
0 0.59921875 0.31015625 0.109375 0.078125
0 0.684375 0.27734375 0.1125 0.075
0 0.6859375 0.3453125 0.115625 0.075
0 0.7859375 0.30234375 0.1078125 0.0703125
0 0.79140625 0.37421875 0.109375 0.071875
0 0.39296875 0.325 0.115625 0.071875
0 0.259375 0.3421875 0.1078125 0.078125
0 0.2265625 0.4109375 0.115625 0.075
0 0.3734375 0.39296875 0.1125 0.071875
0 0.30859375 0.45078125 0.115625 0.071875
0 0.45 0.4421875 0.115625 0.071875
0 0.496875 0.36171875 0.115625 0.075
0 0.59609375 0.38828125 0.1125 0.071875
0 0.565625 0.4546875 0.115625 0.075
0 0.7171875 0.409375 0.1125 0.075
0 0.72265625 0.4828125 0.11875 0.071875
0 0.79921875 0.44453125 0.0953125 0.06875
0 0.16953125 0.47578125 0.128125 0.075
0 0.25234375 0.5234375 0.125 0.078125
0 0.3875 0.50390625 0.109375 0.075
0 0.49921875 0.5140625 0.115625 0.0703125
0 0.63359375 0.5234375 0.115625 0.075
0 0.76015625 0.55078125 0.103125 0.06875
0 0.8640625 0.55078125 0.1 0.071875
0 0.85078125 0.63125 0.115625 0.075
0 0.80546875 0.7078125 0.1078125 0.071875
0 0.78515625 0.79375 0.115625 0.0703125
0 0.73671875 0.86171875 0.1125 0.071875
0 0.11328125 0.5375 0.109375 0.0671875
0 0.08203125 0.60859375 0.115625 0.075
0 0.20703125 0.5890625 0.1125 0.075
0 0.325 0.5796875 0.11875 0.071875
0 0.4453125 0.5875 0.115625 0.078125
0 0.53984375 0.57578125 0.1078125 0.0703125
0 0.6078125 0.62265625 0.109375 0.071875
0 0.72890625 0.62265625 0.10625 0.071875
0 0.15546875 0.665625 0.115625 0.0765625
0 0.125 0.74140625 0.115625 0.071875
0 0.178125 0.80546875 0.11875 0.0734375
0 0.1921875 0.91484375 0.115625 0.075
0 0.27890625 0.67265625 0.115625 0.078125
0 0.23984375 0.73359375 0.103125 0.0703125
0 0.3765625 0.64453125 0.11875 0.071875
0 0.50078125 0.646875 0.115625 0.071875
0 0.715625 0.68984375 0.109375 0.065625
0 0.69296875 0.759375 0.1125 0.0703125
0 0.3453125 0.72734375 0.1078125 0.075
0 0.3 0.815625 0.1125 0.078125
0 0.4203125 0.775 0.109375 0.071875
0 0.45859375 0.7140625 0.109375 0.071875
0 0.56015625 0.7125 0.109375 0.06875
0 0.55 0.79921875 0.109375 0.071875
0 0.30859375 0.91171875 0.1125 0.0734375
0 0.38359375 0.86328125 0.115625 0.078125
0 0.490625 0.8453125 0.103125 0.06875
0 0.434375 0.96015625 0.115625 0.075
0 0.5421875 0.94296875 0.1078125 0.0796875
0 0.62734375 0.83359375 0.11875 0.0703125
0 0.6359375 0.903125 0.10625 0.0703125