0 0.5625 0.9671875 0.109375 0.065625
0 0.43046875 0.96953125 0.1171875 0.0609375
0 0.6515625 0.93046875 0.11875 0.078125
0 0.74765625 0.87578125 0.121875 0.0796875
0 0.83046875 0.828125 0.109375 0.06875
0 0.8984375 0.76171875 0.1375 0.078125
0 0.4859375 0.88828125 0.1125 0.071875
0 0.32734375 0.9265625 0.109375 0.071875
0 0.2515625 0.87890625 0.115625 0.078125
0 0.371875 0.8640625 0.121875 0.0765625
0 0.59140625 0.84375 0.1125 0.0828125
0 0.6921875 0.8078125 0.109375 0.0734375
0 0.79375 0.72265625 0.1234375 0.075
0 0.5515625 0.77734375 0.109375 0.078125
0 0.4515625 0.834375 0.1125 0.078125
0 0.30546875 0.80234375 0.109375 0.075
0 0.20625 0.7671875 0.10625 0.0703125
0 0.86171875 0.65390625 0.115625 0.0703125
0 0.66328125 0.7359375 0.125 0.0796875
0 0.503125 0.71328125 0.1125 0.075
0 0.41484375 0.7578125 0.1125 0.071875
0 0.40078125 0.68984375 0.109375 0.078125
0 0.315625 0.72265625 0.1125 0.075
0 0.3140625 0.6546875 0.115625 0.075
0 0.2140625 0.69765625 0.1078125 0.0703125
0 0.20859375 0.62578125 0.109375 0.071875
0 0.60703125 0.675 0.115625 0.071875
0 0.740625 0.6578125 0.1078125 0.078125
0 0.7734375 0.5890625 0.115625 0.075
0 0.6265625 0.60703125 0.1125 0.071875
0 0.69140625 0.54921875 0.115625 0.071875
0 0.55 0.5578125 0.115625 0.071875
0 0.503125 0.63828125 0.115625 0.075
0 0.40390625 0.61171875 0.1125 0.071875
0 0.434375 0.5453125 0.115625 0.075
0 0.2828125 0.590625 0.1125 0.075
0 0.27734375 0.5171875 0.11875 0.071875
0 0.20078125 0.55546875 0.0953125 0.06875
0 0.83046875 0.52421875 0.128125 0.075
0 0.74765625 0.4765625 0.125 0.078125
0 0.6125 0.49609375 0.109375 0.075
0 0.50078125 0.4859375 0.115625 0.0703125
0 0.36640625 0.4765625 0.115625 0.075
0 0.23984375 0.44921875 0.103125 0.06875
0 0.1359375 0.44921875 0.1 0.071875
0 0.14921875 0.36875 0.115625 0.075
0 0.19453125 0.2921875 0.1078125 0.071875
0 0.21484375 0.20625 0.115625 0.0703125
0 0.26328125 0.13828125 0.1125 0.071875
0 0.88671875 0.4625 0.109375 0.0671875
0 0.91796875 0.39140625 0.115625 0.075
0 0.79296875 0.4109375 0.1125 0.075
0 0.675 0.4203125 0.11875 0.071875
0 0.5546875 0.4125 0.115625 0.078125
0 0.46015625 0.42421875 0.1078125 0.0703125
0 0.3921875 0.37734375 0.109375 0.071875
0 0.27109375 0.37734375 0.10625 0.071875
0 0.84453125 0.334375 0.115625 0.075
0 0.875 0.25859375 0.115625 0.071875
0 0.821875 0.19453125 0.11875 0.071875
0 0.8078125 0.08515625 0.115625 0.075
0 0.72109375 0.32734375 0.115625 0.078125
0 0.76015625 0.26640625 0.103125 0.0703125
0 0.6234375 0.35546875 0.11875 0.071875
0 0.49921875 0.353125 0.115625 0.071875
0 0.284375 0.31015625 0.109375 0.065625
0 0.30703125 0.240625 0.1125 0.0703125
0 0.6546875 0.27265625 0.1078125 0.075
0 0.7 0.184375 0.1125 0.078125
0 0.5796875 0.225 0.109375 0.071875
0 0.54140625 0.2859375 0.109375 0.071875
0 0.43984375 0.2875 0.109375 0.06875
0 0.45 0.20078125 0.109375 0.071875
0 0.69140625 0.08828125 0.1125 0.071875
0 0.61640625 0.13671875 0.115625 0.078125
0 0.509375 0.1546875 0.103125 0.06875
0 0.565625 0.03984375 0.115625 0.075
0 0.4578125 0.05703125 0.1078125 0.0796875
0 0.37265625 0.16640625 0.11875 0.0703125
0 0.3640625 0.096875 0.10625 0.0703125