0 0.98125 0.75234375 0.0359375 0.0875
0 0.921875 0.73828125 0.078125 0.0859375
0 0.9421875 0.6328125 0.071875 0.084375
0 0.91640625 0.48671875 0.0875 0.10625
0 0.9515625 0.3703125 0.0859375 0.103125
0 0.8703125 0.39296875 0.0953125 0.109375
0 0.82578125 0.28671875 0.078125 0.1
0 0.7796875 0.3609375 0.084375 0.1109375
0 0.825 0.4859375 0.084375 0.103125
0 0.88046875 0.58203125 0.0890625 0.1
0 0.81015625 0.64375 0.08125 0.0984375
0 0.7859375 0.72734375 0.078125 0.084375
0 0.75703125 0.55625 0.084375 0.115625
0 0.6953125 0.2171875 0.078125 0.0921875
0 0.70546875 0.30703125 0.084375 0.115625
0 0.73203125 0.45234375 0.08125 0.1125
0 0.678125 0.52265625 0.0765625 0.0921875
0 0.740625 0.675 0.0671875 0.0921875
0 0.6859375 0.7140625 0.06875 0.0875
0 0.6546875 0.61796875 0.0734375 0.090625
0 0.6375 0.28359375 0.06875 0.090625
0 0.64296875 0.37109375 0.078125 0.1
0 0.58046875 0.225 0.0703125 0.09375
0 0.51875 0.184375 0.0625 0.0796875
0 0.51171875 0.259375 0.0703125 0.1046875
0 0.5765625 0.321875 0.075 0.1015625
0 0.571875 0.43984375 0.071875 0.09375
0 0.59296875 0.53359375 0.06875 0.0953125
0 0.5625 0.6265625 0.071875 0.0890625
0 0.61640625 0.68828125 0.071875 0.078125
0 0.54921875 0.72421875 0.075 0.0875
0 0.46953125 0.72890625 0.0625 0.084375
0 0.50078125 0.39609375 0.071875 0.1
0 0.528125 0.4953125 0.0625 0.0875
0 0.496875 0.6375 0.06875 0.0890625
0 0.4625 0.56328125 0.0671875 0.0890625
0 0.45703125 0.46171875 0.0671875 0.09375
0 0.459375 0.23515625 0.0609375 0.0875
0 0.4453125 0.30703125 0.075 0.0796875
0 0.4109375 0.3890625 0.075 0.09375
0 0.378125 0.29140625 0.0671875 0.090625
0 0.3640625 0.209375 0.0625 0.0921875
0 0.3 0.23984375 0.05625 0.0765625
0 0.3078125 0.29453125 0.0625 0.0875
0 0.2234375 0.31640625 0.0625 0.0921875
0 0.3515625 0.38203125 0.053125 0.075
0 0.2875 0.3734375 0.059375 0.0796875
0 0.1890625 0.39765625 0.0640625 0.084375
0 0.1453125 0.37265625 0.0515625 0.078125
0 0.36171875 0.45703125 0.075 0.103125
0 0.31171875 0.45859375 0.0453125 0.0875
0 0.2625 0.45390625 0.053125 0.084375
0 0.18046875 0.46171875 0.059375 0.0734375
0 0.128125 0.45234375 0.053125 0.078125
0 0.4015625 0.71328125 0.065625 0.078125
0 0.33359375 0.6890625 0.0609375 0.0859375
0 0.27109375 0.68515625 0.0609375 0.084375
0 0.20625 0.68359375 0.0640625 0.078125
0 0.1390625 0.67578125 0.059375 0.08125
0 0.08515625 0.665625 0.05 0.084375
0 0.02734375 0.66796875 0.053125 0.0765625
0 0.434375 0.6203125 0.05625 0.0796875
0 0.390625 0.553125 0.0671875 0.0859375
0 0.36640625 0.62265625 0.0625 0.084375
0 0.3328125 0.54140625 0.05625 0.0890625
0 0.284375 0.5328125 0.05 0.0796875
0 0.22890625 0.528125 0.0546875 0.08125
0 0.153125 0.51953125 0.0609375 0.084375
0 0.02734375 0.525 0.053125 0.0875
0 0.30078125 0.6140625 0.059375 0.0875
0 0.2484375 0.60625 0.053125 0.084375
0 0.19453125 0.603125 0.059375 0.0765625
0 0.1265625 0.58984375 0.05 0.08125
0 0.03671875 0.6078125 0.059375 0.078125