0 0.75234375 0.01875 0.0875 0.0359375
0 0.73828125 0.078125 0.0859375 0.078125
0 0.6328125 0.0578125 0.084375 0.071875
0 0.48671875 0.08359375 0.10625 0.0875
0 0.3703125 0.0484375 0.103125 0.0859375
0 0.39296875 0.1296875 0.109375 0.0953125
0 0.28671875 0.17421875 0.1 0.078125
0 0.3609375 0.2203125 0.1109375 0.084375
0 0.4859375 0.175 0.103125 0.084375
0 0.58203125 0.11953125 0.1 0.0890625
0 0.64375 0.18984375 0.0984375 0.08125
0 0.72734375 0.2140625 0.084375 0.078125
0 0.55625 0.24296875 0.115625 0.084375
0 0.2171875 0.3046875 0.0921875 0.078125
0 0.30703125 0.29453125 0.115625 0.084375
0 0.45234375 0.26796875 0.1125 0.08125
0 0.52265625 0.321875 0.0921875 0.0765625
0 0.675 0.259375 0.0921875 0.0671875
0 0.7140625 0.3140625 0.0875 0.06875
0 0.61796875 0.3453125 0.090625 0.0734375
0 0.28359375 0.3625 0.090625 0.06875
0 0.37109375 0.35703125 0.1 0.078125
0 0.225 0.41953125 0.09375 0.0703125
0 0.184375 0.48125 0.0796875 0.0625
0 0.259375 0.48828125 0.1046875 0.0703125
0 0.321875 0.4234375 0.1015625 0.075
0 0.43984375 0.428125 0.09375 0.071875
0 0.53359375 0.40703125 0.0953125 0.06875
0 0.6265625 0.4375 0.0890625 0.071875
0 0.68828125 0.38359375 0.078125 0.071875
0 0.72421875 0.45078125 0.0875 0.075
0 0.72890625 0.53046875 0.084375 0.0625
0 0.39609375 0.49921875 0.1 0.071875
0 0.4953125 0.471875 0.0875 0.0625
0 0.6375 0.503125 0.0890625 0.06875
0 0.56328125 0.5375 0.0890625 0.0671875
0 0.46171875 0.54296875 0.09375 0.0671875
0 0.23515625 0.540625 0.0875 0.0609375
0 0.30703125 0.5546875 0.0796875 0.075
0 0.3890625 0.5890625 0.09375 0.075
0 0.29140625 0.621875 0.090625 0.0671875
0 0.209375 0.6359375 0.0921875 0.0625
0 0.23984375 0.7 0.0765625 0.05625
0 0.29453125 0.6921875 0.0875 0.0625
0 0.31640625 0.7765625 0.0921875 0.0625
0 0.38203125 0.6484375 0.075 0.053125
0 0.3734375 0.7125 0.0796875 0.059375
0 0.39765625 0.8109375 0.084375 0.0640625
0 0.37265625 0.8546875 0.078125 0.0515625
0 0.45703125 0.63828125 0.103125 0.075
0 0.45859375 0.68828125 0.0875 0.0453125
0 0.45390625 0.7375 0.084375 0.053125
0 0.46171875 0.81953125 0.0734375 0.059375
0 0.45234375 0.871875 0.078125 0.053125
0 0.71328125 0.5984375 0.078125 0.065625
0 0.6890625 0.66640625 0.0859375 0.0609375
0 0.68515625 0.72890625 0.084375 0.0609375
0 0.68359375 0.79375 0.078125 0.0640625
0 0.67578125 0.8609375 0.08125 0.0609375
0 0.665625 0.91484375 0.084375 0.05
0 0.66796875 0.97265625 0.0765625 0.053125
0 0.6203125 0.565625 0.0796875 0.05625
0 0.553125 0.609375 0.0859375 0.0671875
0 0.62265625 0.63359375 0.084375 0.0625
0 0.54140625 0.6671875 0.0890625 0.05625
0 0.5328125 0.715625 0.0796875 0.05
0 0.528125 0.77109375 0.08125 0.0546875
0 0.51953125 0.846875 0.084375 0.0609375
0 0.525 0.97265625 0.0875 0.053125
0 0.6140625 0.69921875 0.0875 0.059375
0 0.60625 0.7515625 0.084375 0.053125
0 0.603125 0.80546875 0.0765625 0.059375
0 0.58984375 0.8734375 0.08125 0.05
0 0.6078125 0.96328125 0.078125 0.059375