0 0.7640625 0.196875 0.0546875 0.0359375
0 0.73828125 0.22265625 0.059375 0.040625
0 0.6484375 0.23203125 0.05 0.034375
0 0.69921875 0.24765625 0.059375 0.0375
0 0.77265625 0.25234375 0.053125 0.0359375
0 0.74140625 0.2703125 0.065625 0.040625
0 0.76796875 0.30390625 0.0625 0.04375
0 0.76484375 0.340625 0.065625 0.040625
0 0.71875 0.315625 0.065625 0.04375
0 0.684375 0.2859375 0.05625 0.034375
0 0.66875 0.315625 0.0671875 0.0421875
0 0.69375 0.3484375 0.0625 0.040625
0 0.721875 0.36796875 0.05625 0.03125
0 0.64453125 0.2609375 0.05625 0.040625
0 0.62421875 0.290625 0.053125 0.0375
0 0.7453125 0.4 0.0515625 0.0390625
0 0.70859375 0.4 0.05625 0.040625
0 0.653125 0.37890625 0.053125 0.0375
0 0.60234375 0.2546875 0.059375 0.04375
0 0.5765625 0.290625 0.053125 0.040625
0 0.609375 0.31953125 0.059375 0.0390625
0 0.62109375 0.35859375 0.05625 0.0375
0 0.7140625 0.42734375 0.05625 0.028125
0 0.63359375 0.40859375 0.05625 0.0359375
0 0.66796875 0.434375 0.059375 0.03125
0 0.7390625 0.45546875 0.04375 0.0328125
0 0.70625 0.4640625 0.0515625 0.0375
0 0.7296875 0.49609375 0.053125 0.0375
0 0.584375 0.19296875 0.059375 0.040625
0 0.56015625 0.16015625 0.059375 0.0421875
0 0.51796875 0.1328125 0.059375 0.046875
0 0.496875 0.1703125 0.053125 0.040625
0 0.45546875 0.14375 0.0625 0.046875
0 0.4109375 0.09921875 0.065625 0.0484375
0 0.37421875 0.071875 0.0625 0.0421875
0 0.26640625 0.0671875 0.0546875 0.053125
0 0.23203125 0.09609375 0.059375 0.046875
0 0.30390625 0.11875 0.05625 0.040625
0 0.359375 0.12578125 0.0484375 0.0390625
0 0.3875 0.14375 0.059375 0.046875
0 0.4296875 0.17421875 0.0625 0.04375
0 0.46484375 0.20078125 0.053125 0.040625
0 0.5125 0.22265625 0.0625 0.0421875
0 0.16328125 0.11328125 0.0625 0.046875
0 0.21015625 0.1421875 0.0625 0.04375
0 0.1421875 0.15625 0.0625 0.04375
0 0.18203125 0.175 0.05625 0.04375
0 0.1453125 0.19921875 0.059375 0.04375
0 0.29765625 0.17734375 0.0609375 0.046875
0 0.27109375 0.14765625 0.0515625 0.040625
0 0.3671875 0.18828125 0.05625 0.040625
0 0.2375 0.17578125 0.059375 0.05
0 0.16015625 0.240625 0.0640625 0.04375
0 0.22578125 0.225 0.046875 0.0375
0 0.275 0.2234375 0.065625 0.04375
0 0.3375 0.2140625 0.059375 0.040625
0 0.40625 0.2125 0.05625 0.04375
0 0.44375 0.24140625 0.0625 0.0421875
0 0.3875 0.25546875 0.059375 0.04375
0 0.31953125 0.25859375 0.05625 0.0421875
0 0.24296875 0.25390625 0.059375 0.046875
0 0.20703125 0.26328125 0.04375 0.04375
0 0.1609375 0.27890625 0.05625 0.05
0 0.171875 0.32265625 0.059375 0.0421875
0 0.21484375 0.3046875 0.0625 0.04375
0 0.26953125 0.303125 0.059375 0.0421875
0 0.3296875 0.31640625 0.05625 0.0375
0 0.35234375 0.28046875 0.059375 0.04375
0 0.38359375 0.3046875 0.065625 0.04375
0 0.42265625 0.2765625 0.0671875 0.040625
0 0.47890625 0.265625 0.06875 0.0359375
0 0.5296875 0.27421875 0.059375 0.0359375
0 0.5625 0.334375 0.0703125 0.0390625
0 0.52578125 0.3078125 0.0515625 0.040625
0 0.46484375 0.29921875 0.059375 0.0390625
0 0.1828125 0.371875 0.0546875 0.040625
0 0.22734375 0.34375 0.053125 0.040625
0 0.28515625 0.340625 0.059375 0.0375
0 0.26640625 0.36875 0.05 0.034375
0 0.221875 0.39921875 0.065625 0.04375
0 0.19765625 0.43125 0.053125 0.040625
0 0.23515625 0.478125 0.05 0.03125
0 0.2515625 0.45390625 0.05 0.0359375
0 0.26328125 0.42578125 0.0546875 0.040625
0 0.2890625 0.39609375 0.0515625 0.040625
0 0.325 0.36953125 0.065625 0.0484375
0 0.36640625 0.33984375 0.0625 0.0390625
0 0.43125 0.33125 0.059375 0.040625
0 0.40234375 0.36640625 0.059375 0.040625
0 0.490625 0.334375 0.05625 0.0453125
0 0.45703125 0.36640625 0.05 0.0375
0 0.43125 0.39609375 0.053125 0.040625
0 0.378125 0.390625 0.046875 0.0375
0 0.33359375 0.4203125 0.05625 0.040625
0 0.3140625 0.44453125 0.046875 0.034375
0 0.29375 0.47109375 0.046875 0.0375
0 0.28046875 0.49375 0.0453125 0.0375
0 0.24765625 0.52421875 0.053125 0.034375
0 0.2625 0.5515625 0.05 0.03125
0 0.3015625 0.525 0.0453125 0.0296875
0 0.31796875 0.5 0.0515625 0.034375
0 0.33671875 0.475 0.05 0.034375
0 0.3625 0.45234375 0.05 0.0375
0 0.390625 0.43046875 0.053125 0.0375
0 0.5203125 0.36484375 0.0546875 0.0359375
0 0.57421875 0.37109375 0.059375 0.034375
0 0.73984375 0.52265625 0.059375 0.034375
0 0.68828125 0.5171875 0.046875 0.03125
0 0.6796875 0.49375 0.053125 0.03125
0 0.6375 0.459375 0.0578125 0.034375
0 0.60234375 0.43671875 0.04375 0.0359375
0 0.5828125 0.4046875 0.05625 0.0375
0 0.540625 0.4 0.05625 0.0359375
0 0.49140625 0.39140625 0.05625 0.040625
0 0.46640625 0.421875 0.05625 0.0390625
0 0.4359375 0.44609375 0.046875 0.040625
0 0.40234375 0.4734375 0.04375 0.034375
0 0.38203125 0.48515625 0.0375 0.034375
0 0.36171875 0.51171875 0.040625 0.034375
0 0.33828125 0.5390625 0.046875 0.034375
0 0.303125 0.56875 0.04375 0.034375
0 0.26796875 0.58515625 0.053125 0.034375
0 0.2828125 0.61875 0.053125 0.0390625
0 0.32421875 0.59140625 0.05 0.034375
0 0.378125 0.546875 0.046875 0.03125
0 0.396875 0.52734375 0.0515625 0.034375
0 0.45234375 0.4796875 0.053125 0.0375
0 0.48203125 0.4546875 0.046875 0.0328125
0 0.515625 0.428125 0.053125 0.034375
0 0.55859375 0.43671875 0.0484375 0.0375
0 0.57890625 0.465625 0.053125 0.034375
0 0.6203125 0.48828125 0.05 0.034375
0 0.64140625 0.51640625 0.05625 0.0328125
0 0.70234375 0.53515625 0.034375 0.0265625
0 0.67109375 0.55078125 0.05 0.0375
0 0.67734375 0.56953125 0.0375 0.028125
0 0.715625 0.56796875 0.046875 0.03125
0 0.69609375 0.5953125 0.04375 0.03125
0 0.659375 0.6 0.053125 0.034375
0 0.64140625 0.575 0.05 0.03125
0 0.6203125 0.54765625 0.05 0.0375
0 0.59140625 0.515625 0.05 0.0375
0 0.55859375 0.50234375 0.0484375 0.0375
0 0.51640625 0.47890625 0.0453125 0.0359375
0 0.48359375 0.51015625 0.05625 0.0390625
0 0.453125 0.53203125 0.05 0.034375
0 0.4296875 0.54921875 0.04375 0.03125
0 0.409375 0.5703125 0.046875 0.0296875
0 0.39609375 0.6 0.046875 0.03125
0 0.35625 0.6234375 0.040625 0.0375
0 0.3171875 0.640625 0.040625 0.034375
0 0.2609375 0.66640625 0.05 0.034375
0 0.29140625 0.671875 0.034375 0.03125
0 0.33125 0.6578125 0.040625 0.03125
0 0.384375 0.65703125 0.05 0.0375
0 0.43359375 0.6078125 0.0390625 0.03125
0 0.4453125 0.57578125 0.040625 0.025
0 0.465625 0.5640625 0.040625 0.028125
0 0.4921875 0.553125 0.0515625 0.034375
0 0.51953125 0.5265625 0.05625 0.0375
0 0.55625 0.5390625 0.04375 0.028125
0 0.57890625 0.553125 0.046875 0.028125
0 0.59765625 0.57734375 0.046875 0.03125
0 0.6125 0.59921875 0.0453125 0.0328125
0 0.5265625 0.55390625 0.0421875 0.0265625
0 0.55 0.5828125 0.046875 0.0328125
0 0.5703125 0.60625 0.05 0.03125
0 0.528125 0.60390625 0.0453125 0.0296875
0 0.47890625 0.61328125 0.05 0.03125
0 0.71796875 0.634375 0.05 0.028125
0 0.67265625 0.6296875 0.0453125 0.03125
0 0.6984375 0.665625 0.046875 0.03125
0 0.71796875 0.69140625 0.05 0.0296875
0 0.64296875 0.6578125 0.046875 0.0328125
0 0.59765625 0.64453125 0.0484375 0.03125
0 0.546875 0.63203125 0.046875 0.03125
0 0.50703125 0.628125 0.04375 0.03125
0 0.465625 0.6390625 0.046875 0.034375
0 0.42734375 0.6671875 0.05 0.0359375
0 0.4640625 0.68671875 0.0484375 0.034375
0 0.515625 0.67890625 0.046875 0.034375
0 0.55703125 0.66796875 0.04375 0.0265625
0 0.609375 0.68671875 0.053125 0.0328125
0 0.67421875 0.7 0.0515625 0.0328125
0 0.62890625 0.69921875 0.04375 0.034375
0 0.58359375 0.7046875 0.0453125 0.03125
0 0.53984375 0.703125 0.0484375 0.0328125
0 0.4953125 0.71796875 0.04375 0.0375
0 0.4421875 0.703125 0.040625 0.0328125
0 0.3640625 0.68203125 0.0453125 0.034375
0 0.28125 0.721875 0.046875 0.0390625
0 0.34375 0.70703125 0.046875 0.0296875
0 0.31640625 0.73828125 0.04375 0.0375
0 0.2921875 0.753125 0.04375 0.03125
0 0.73671875 0.75703125 0.046875 0.03125
0 0.775 0.81171875 0.046875 0.03125
0 0.7171875 0.821875 0.046875 0.0296875
0 0.678125 0.83671875 0.05 0.034375
0 0.6921875 0.78671875 0.046875 0.03125
0 0.6765625 0.76875 0.046875 0.03125
0 0.65234375 0.7921875 0.046875 0.028125
0 0.61328125 0.81875 0.0484375 0.034375
0 0.5859375 0.828125 0.046875 0.034375
0 0.63046875 0.7640625 0.0453125 0.0328125
0 0.6515625 0.73359375 0.04375 0.03125
0 0.60625 0.73359375 0.05 0.03125
0 0.56328125 0.7296875 0.046875 0.03125
0 0.51875 0.728125 0.046875 0.034375
0 0.4734375 0.73984375 0.0453125 0.034375
0 0.41484375 0.7546875 0.046875 0.040625
0 0.38046875 0.72421875 0.05 0.034375
0 0.35390625 0.7703125 0.046875 0.0375
0 0.28359375 0.81328125 0.046875 0.034375
0 0.33203125 0.79375 0.04375 0.028125
0 0.30625 0.82109375 0.046875 0.034375
0 0.3453125 0.82734375 0.053125 0.034375
0 0.37734375 0.7921875 0.04375 0.0328125
0 0.39375 0.759375 0.03125 0.0296875
0 0.421875 0.78515625 0.03125 0.0328125
0 0.44765625 0.7828125 0.046875 0.03125
0 0.4953125 0.765625 0.05 0.03125
0 0.5390625 0.7703125 0.05 0.0375
0 0.58359375 0.7703125 0.053125 0.03125
0 0.5171875 0.79140625 0.0453125 0.034375
0 0.53984375 0.82109375 0.046875 0.034375
0 0.49609375 0.8375 0.046875 0.034375
0 0.4515625 0.83125 0.046875 0.034375
0 0.403125 0.83828125 0.05 0.0375
0 0.23203125 0.82265625 0.040625 0.04375