0 0.91171875 0.35859375 0.1 0.078125
0 0.91171875 0.434375 0.078125 0.05625
0 0.94765625 0.5 0.103125 0.06875
0 0.8765625 0.5515625 0.084375 0.06875
0 0.77890625 0.634375 0.1125 0.0734375
0 0.69140625 0.653125 0.084375 0.084375
0 0.80625 0.565625 0.1 0.071875
0 0.82890625 0.5015625 0.0875 0.0796875
0 0.83515625 0.4375 0.0875 0.078125
0 0.79921875 0.3875 0.071875 0.065625
0 0.82421875 0.3265625 0.05625 0.078125
0 0.75234375 0.315625 0.09375 0.09375
0 0.69453125 0.21328125 0.090625 0.0875
0 0.66875 0.28671875 0.084375 0.0734375
0 0.63046875 0.340625 0.09375 0.08125
0 0.70234375 0.3953125 0.109375 0.0875
0 0.74921875 0.459375 0.084375 0.065625
0 0.71484375 0.515625 0.109375 0.075
0 0.7078125 0.5734375 0.096875 0.078125
0 0.62265625 0.603125 0.06875 0.05625
0 0.53203125 0.615625 0.06875 0.04375
0 0.54296875 0.5859375 0.09375 0.06875
0 0.60546875 0.5234375 0.0875 0.06875
0 0.64453125 0.459375 0.09375 0.08125
0 0.59921875 0.3125 0.08125 0.059375
0 0.53046875 0.290625 0.065625 0.059375
0 0.49921875 0.328125 0.090625 0.08125
0 0.56171875 0.3953125 0.090625 0.0703125
0 0.5484375 0.4640625 0.09375 0.06875
0 0.47890625 0.5125 0.09375 0.071875
0 0.48828125 0.5609375 0.075 0.046875
0 0.459375 0.60390625 0.078125 0.0609375
0 0.3734375 0.5796875 0.0875 0.071875
0 0.24765625 0.628125 0.084375 0.071875
0 0.29921875 0.56484375 0.075 0.0734375
0 0.39609375 0.5125 0.090625 0.0625
0 0.45078125 0.44375 0.096875 0.078125
0 0.39140625 0.4546875 0.06875 0.065625
0 0.38203125 0.38671875 0.0875 0.075
0 0.428125 0.33125 0.071875 0.0703125
0 0.39296875 0.2734375 0.075 0.071875
0 0.28671875 0.26640625 0.090625 0.0796875
0 0.33203125 0.32578125 0.090625 0.0703125
0 0.32265625 0.396875 0.0875 0.075
0 0.26875 0.45625 0.075 0.0640625
0 0.25625 0.5125 0.0875 0.065625
0 0.18984375 0.56796875 0.08125 0.065625
0 0.16796875 0.51328125 0.075 0.0671875
0 0.1953125 0.4625 0.084375 0.0640625
0 0.1921875 0.3984375 0.084375 0.06875
0 0.14140625 0.3390625 0.08125 0.0734375
0 0.1140625 0.5734375 0.08125 0.078125
0 0.06640625 0.515625 0.075 0.0609375
0 0.09765625 0.453125 0.075 0.06875