0 0.91171875 0.64140625 0.1 0.078125
0 0.91171875 0.565625 0.078125 0.05625
0 0.94765625 0.5 0.103125 0.06875
0 0.8765625 0.4484375 0.084375 0.06875
0 0.77890625 0.365625 0.1125 0.0734375
0 0.69140625 0.346875 0.084375 0.084375
0 0.80625 0.434375 0.1 0.071875
0 0.82890625 0.4984375 0.0875 0.0796875
0 0.83515625 0.5625 0.0875 0.078125
0 0.79921875 0.6125 0.071875 0.065625
0 0.82421875 0.6734375 0.05625 0.078125
0 0.75234375 0.684375 0.09375 0.09375
0 0.69453125 0.78671875 0.090625 0.0875
0 0.66875 0.71328125 0.084375 0.0734375
0 0.63046875 0.659375 0.09375 0.08125
0 0.70234375 0.6046875 0.109375 0.0875
0 0.74921875 0.540625 0.084375 0.065625
0 0.71484375 0.484375 0.109375 0.075
0 0.7078125 0.4265625 0.096875 0.078125
0 0.62265625 0.396875 0.06875 0.05625
0 0.53203125 0.384375 0.06875 0.04375
0 0.54296875 0.4140625 0.09375 0.06875
0 0.60546875 0.4765625 0.0875 0.06875
0 0.64453125 0.540625 0.09375 0.08125
0 0.59921875 0.6875 0.08125 0.059375
0 0.53046875 0.709375 0.065625 0.059375
0 0.49921875 0.671875 0.090625 0.08125
0 0.56171875 0.6046875 0.090625 0.0703125
0 0.5484375 0.5359375 0.09375 0.06875
0 0.47890625 0.4875 0.09375 0.071875
0 0.48828125 0.4390625 0.075 0.046875
0 0.459375 0.39609375 0.078125 0.0609375
0 0.3734375 0.4203125 0.0875 0.071875
0 0.24765625 0.371875 0.084375 0.071875
0 0.29921875 0.43515625 0.075 0.0734375
0 0.39609375 0.4875 0.090625 0.0625
0 0.45078125 0.55625 0.096875 0.078125
0 0.39140625 0.5453125 0.06875 0.065625
0 0.38203125 0.61328125 0.0875 0.075
0 0.428125 0.66875 0.071875 0.0703125
0 0.39296875 0.7265625 0.075 0.071875
0 0.28671875 0.73359375 0.090625 0.0796875
0 0.33203125 0.67421875 0.090625 0.0703125
0 0.32265625 0.603125 0.0875 0.075
0 0.26875 0.54375 0.075 0.0640625
0 0.25625 0.4875 0.0875 0.065625
0 0.18984375 0.43203125 0.08125 0.065625
0 0.16796875 0.48671875 0.075 0.0671875
0 0.1953125 0.5375 0.084375 0.0640625
0 0.1921875 0.6015625 0.084375 0.06875
0 0.14140625 0.6609375 0.08125 0.0734375
0 0.1140625 0.4265625 0.08125 0.078125
0 0.06640625 0.484375 0.075 0.0609375
0 0.09765625 0.546875 0.075 0.06875