0 0.75390625 0.40078125 0.053125 0.0390625
0 0.69609375 0.40625 0.05 0.04375
0 0.64765625 0.4171875 0.05 0.0375
0 0.6015625 0.4296875 0.04375 0.0390625
0 0.55546875 0.434375 0.05 0.040625
0 0.50859375 0.44765625 0.04375 0.0421875
0 0.79609375 0.428125 0.05 0.046875
0 0.74140625 0.43984375 0.05625 0.0453125
0 0.6890625 0.4453125 0.05625 0.04375
0 0.6390625 0.4546875 0.053125 0.04375
0 0.59453125 0.4640625 0.05 0.040625
0 0.54140625 0.4703125 0.05 0.040625
0 0.484375 0.47734375 0.04375 0.0390625
0 0.83671875 0.465625 0.05625 0.04375
0 0.78046875 0.465625 0.053125 0.04375
0 0.7234375 0.47578125 0.05625 0.0375
0 0.66796875 0.48125 0.053125 0.0375
0 0.61640625 0.490625 0.053125 0.0375
0 0.56953125 0.49765625 0.05 0.0375
0 0.51796875 0.50546875 0.046875 0.0390625
0 0.46484375 0.51171875 0.05 0.0328125
0 0.87890625 0.49375 0.059375 0.040625
0 0.81484375 0.4984375 0.0625 0.04375
0 0.7578125 0.50390625 0.053125 0.0390625
0 0.70390625 0.5109375 0.053125 0.040625
0 0.65 0.5171875 0.053125 0.040625
0 0.5984375 0.52421875 0.053125 0.0359375
0 0.5484375 0.53125 0.046875 0.0375
0 0.49296875 0.5375 0.053125 0.040625
0 0.44921875 0.54296875 0.053125 0.04375
0 0.91640625 0.528125 0.065625 0.04375
0 0.94921875 0.5625 0.0625 0.040625
0 0.9421875 0.60390625 0.0625 0.040625
0 0.9359375 0.646875 0.065625 0.04375
0 0.91953125 0.6890625 0.06875 0.04375
0 0.9015625 0.73125 0.0625 0.0453125
0 0.87890625 0.775 0.0625 0.05
0 0.85390625 0.5296875 0.059375 0.040625
0 0.79765625 0.534375 0.059375 0.0453125
0 0.74140625 0.5453125 0.05625 0.046875
0 0.6890625 0.5484375 0.05625 0.034375
0 0.63359375 0.553125 0.05625 0.0421875
0 0.58046875 0.5625 0.05625 0.040625
0 0.53046875 0.565625 0.053125 0.034375
0 0.45859375 0.5515625 0.046875 0.0375
0 0.43046875 0.5796875 0.053125 0.0375
0 0.4203125 0.615625 0.05 0.040625
0 0.46640625 0.6171875 0.04375 0.040625
0 0.515625 0.603125 0.05 0.04375
0 0.56328125 0.596875 0.05 0.04375
0 0.6140625 0.58984375 0.05 0.046875
0 0.66640625 0.584375 0.05 0.046875
0 0.7234375 0.58671875 0.05625 0.0421875
0 0.77578125 0.5828125 0.053125 0.040625
0 0.83203125 0.5703125 0.059375 0.0421875
0 0.88828125 0.5671875 0.059375 0.046875
0 0.88203125 0.6078125 0.0625 0.0453125
0 0.82109375 0.6109375 0.065625 0.046875
0 0.76328125 0.625 0.059375 0.04375
0 0.70546875 0.63203125 0.05625 0.046875
0 0.65546875 0.625 0.053125 0.0375
0 0.6015625 0.6296875 0.05625 0.0390625
0 0.54609375 0.6375 0.053125 0.040625
0 0.49453125 0.6453125 0.05 0.040625
0 0.446875 0.6515625 0.046875 0.04375
0 0.47578125 0.68203125 0.046875 0.04375
0 0.528125 0.678125 0.053125 0.040625
0 0.5828125 0.66875 0.059375 0.040625
0 0.64296875 0.66328125 0.059375 0.040625
0 0.87421875 0.653125 0.0625 0.046875
0 0.80859375 0.653125 0.065625 0.0375
0 0.7484375 0.66484375 0.0625 0.04375
0 0.69453125 0.675 0.065625 0.040625
0 0.5125 0.7203125 0.059375 0.04375
0 0.56796875 0.70859375 0.059375 0.04375
0 0.62421875 0.70078125 0.059375 0.04375
0 0.85390625 0.69375 0.0625 0.046875
0 0.79296875 0.70234375 0.065625 0.05
0 0.73515625 0.709375 0.05625 0.046875
0 0.6796875 0.7171875 0.0625 0.0484375
0 0.553125 0.7515625 0.059375 0.046875
0 0.61015625 0.740625 0.05625 0.04375
0 0.58828125 0.784375 0.0625 0.05
0 0.65859375 0.7578125 0.053125 0.04375
0 0.7171875 0.7546875 0.065625 0.0484375
0 0.7734375 0.74921875 0.059375 0.0484375
0 0.83359375 0.73828125 0.071875 0.046875
0 0.815625 0.7890625 0.065625 0.0546875
0 0.75703125 0.8 0.0625 0.0515625
0 0.69609375 0.803125 0.0625 0.0578125
0 0.6421875 0.8015625 0.0625 0.05