0 0.40078125 0.24609375 0.0390625 0.053125
0 0.40625 0.30390625 0.04375 0.05
0 0.4171875 0.35234375 0.0375 0.05
0 0.4296875 0.3984375 0.0390625 0.04375
0 0.434375 0.44453125 0.040625 0.05
0 0.44765625 0.49140625 0.0421875 0.04375
0 0.428125 0.20390625 0.046875 0.05
0 0.43984375 0.25859375 0.0453125 0.05625
0 0.4453125 0.3109375 0.04375 0.05625
0 0.4546875 0.3609375 0.04375 0.053125
0 0.4640625 0.40546875 0.040625 0.05
0 0.4703125 0.45859375 0.040625 0.05
0 0.47734375 0.515625 0.0390625 0.04375
0 0.465625 0.16328125 0.04375 0.05625
0 0.465625 0.21953125 0.04375 0.053125
0 0.47578125 0.2765625 0.0375 0.05625
0 0.48125 0.33203125 0.0375 0.053125
0 0.490625 0.38359375 0.0375 0.053125
0 0.49765625 0.43046875 0.0375 0.05
0 0.50546875 0.48203125 0.0390625 0.046875
0 0.51171875 0.53515625 0.0328125 0.05
0 0.49375 0.12109375 0.040625 0.059375
0 0.4984375 0.18515625 0.04375 0.0625
0 0.50390625 0.2421875 0.0390625 0.053125
0 0.5109375 0.29609375 0.040625 0.053125
0 0.5171875 0.35 0.040625 0.053125
0 0.52421875 0.4015625 0.0359375 0.053125
0 0.53125 0.4515625 0.0375 0.046875
0 0.5375 0.50703125 0.040625 0.053125
0 0.54296875 0.55078125 0.04375 0.053125
0 0.528125 0.08359375 0.04375 0.065625
0 0.5625 0.05078125 0.040625 0.0625
0 0.60390625 0.0578125 0.040625 0.0625
0 0.646875 0.0640625 0.04375 0.065625
0 0.6890625 0.08046875 0.04375 0.06875
0 0.73125 0.0984375 0.0453125 0.0625
0 0.775 0.12109375 0.05 0.0625
0 0.5296875 0.14609375 0.040625 0.059375
0 0.534375 0.20234375 0.0453125 0.059375
0 0.5453125 0.25859375 0.046875 0.05625
0 0.5484375 0.3109375 0.034375 0.05625
0 0.553125 0.36640625 0.0421875 0.05625
0 0.5625 0.41953125 0.040625 0.05625
0 0.565625 0.46953125 0.034375 0.053125
0 0.5515625 0.54140625 0.0375 0.046875
0 0.5796875 0.56953125 0.0375 0.053125
0 0.615625 0.5796875 0.040625 0.05
0 0.6171875 0.53359375 0.040625 0.04375
0 0.603125 0.484375 0.04375 0.05
0 0.596875 0.43671875 0.04375 0.05
0 0.58984375 0.3859375 0.046875 0.05
0 0.584375 0.33359375 0.046875 0.05
0 0.58671875 0.2765625 0.0421875 0.05625
0 0.5828125 0.22421875 0.040625 0.053125
0 0.5703125 0.16796875 0.0421875 0.059375
0 0.5671875 0.11171875 0.046875 0.059375
0 0.6078125 0.11796875 0.0453125 0.0625
0 0.6109375 0.17890625 0.046875 0.065625
0 0.625 0.23671875 0.04375 0.059375
0 0.63203125 0.29453125 0.046875 0.05625
0 0.625 0.34453125 0.0375 0.053125
0 0.6296875 0.3984375 0.0390625 0.05625
0 0.6375 0.45390625 0.040625 0.053125
0 0.6453125 0.50546875 0.040625 0.05
0 0.6515625 0.553125 0.04375 0.046875
0 0.68203125 0.52421875 0.04375 0.046875
0 0.678125 0.471875 0.040625 0.053125
0 0.66875 0.4171875 0.040625 0.059375
0 0.66328125 0.35703125 0.040625 0.059375
0 0.653125 0.12578125 0.046875 0.0625
0 0.653125 0.19140625 0.0375 0.065625
0 0.66484375 0.2515625 0.04375 0.0625
0 0.675 0.30546875 0.040625 0.065625
0 0.7203125 0.4875 0.04375 0.059375
0 0.70859375 0.43203125 0.04375 0.059375
0 0.70078125 0.37578125 0.04375 0.059375
0 0.69375 0.14609375 0.046875 0.0625
0 0.70234375 0.20703125 0.05 0.065625
0 0.709375 0.26484375 0.046875 0.05625
0 0.7171875 0.3203125 0.0484375 0.0625
0 0.7515625 0.446875 0.046875 0.059375
0 0.740625 0.38984375 0.04375 0.05625
0 0.784375 0.41171875 0.05 0.0625
0 0.7578125 0.34140625 0.04375 0.053125
0 0.7546875 0.2828125 0.0484375 0.065625
0 0.74921875 0.2265625 0.0484375 0.059375
0 0.73828125 0.16640625 0.046875 0.071875
0 0.7890625 0.184375 0.0546875 0.065625
0 0.8 0.24296875 0.05 0.0625
0 0.803125 0.30390625 0.05625 0.0625
0 0.8015625 0.3578125 0.05 0.0625