0 0.38125 0.16796875 0.06875 0.103125
0 0.334375 0.30546875 0.06875 0.096875
0 0.2875 0.43046875 0.0703125 0.0875
0 0.25 0.55078125 0.0734375 0.0875
0 0.27734375 0.6765625 0.059375 0.078125
0 0.275 0.7546875 0.0625 0.06875
0 0.259375 0.82734375 0.0625 0.071875
0 0.4 0.25546875 0.05625 0.096875
0 0.35 0.40703125 0.05625 0.084375
0 0.3375 0.48671875 0.0625 0.084375
0 0.3390625 0.5703125 0.059375 0.075
0 0.3375 0.64453125 0.0609375 0.078125
0 0.33515625 0.72109375 0.05625 0.071875
0 0.3296875 0.80859375 0.0578125 0.0625
0 0.35078125 0.85546875 0.05625 0.05625
0 0.44375 0.18671875 0.05625 0.10625
0 0.44296875 0.28828125 0.05625 0.084375
0 0.403125 0.35390625 0.0546875 0.08125
0 0.41328125 0.44765625 0.05625 0.08125
0 0.4109375 0.5375 0.059375 0.065625
0 0.4 0.62109375 0.0546875 0.071875
0 0.39140625 0.6921875 0.05625 0.0625
0 0.3890625 0.74765625 0.0578125 0.0625
0 0.4046875 0.81953125 0.0546875 0.065625
0 0.4015625 0.88671875 0.0515625 0.0609375
0 0.5015625 0.2328125 0.059375 0.09375
0 0.515625 0.325 0.05625 0.075
0 0.4671875 0.3796875 0.053125 0.078125
0 0.465625 0.5 0.05625 0.075
0 0.4625 0.56953125 0.05 0.065625
0 0.4484375 0.640625 0.0484375 0.071875
0 0.4421875 0.70546875 0.046875 0.0625
0 0.4453125 0.77109375 0.0546875 0.0625
0 0.4484375 0.84296875 0.0515625 0.0625
0 0.5546875 0.2125 0.0484375 0.103125
0 0.56171875 0.30859375 0.05 0.084375
0 0.546875 0.38671875 0.05 0.075
0 0.5046875 0.44375 0.053125 0.078125
0 0.5015625 0.515625 0.046875 0.059375
0 0.50078125 0.57734375 0.05 0.06875
0 0.484375 0.65234375 0.0421875 0.071875
0 0.490625 0.72421875 0.0546875 0.065625
0 0.48671875 0.784375 0.040625 0.0625
0 0.4796875 0.83046875 0.040625 0.053125
0 0.6109375 0.22265625 0.0484375 0.09375
0 0.61640625 0.3078125 0.053125 0.075
0 0.60078125 0.3859375 0.05 0.075
0 0.546875 0.46640625 0.04375 0.075
0 0.5390625 0.53125 0.046875 0.065625
0 0.540625 0.6015625 0.0453125 0.0625
0 0.52578125 0.66328125 0.046875 0.053125
0 0.5375 0.72265625 0.04375 0.059375
0 0.528125 0.78125 0.0421875 0.053125
0 0.52890625 0.84609375 0.05 0.05625
0 0.596875 0.46484375 0.04375 0.06875
0 0.590625 0.52890625 0.04375 0.053125
0 0.584375 0.5859375 0.05 0.059375
0 0.5671875 0.64609375 0.0421875 0.05625
0 0.5703125 0.70078125 0.040625 0.053125
0 0.5671875 0.76796875 0.040625 0.05625
0 0.5765625 0.82890625 0.040625 0.05625
0 0.659375 0.2546875 0.04375 0.08125
0 0.659375 0.33046875 0.04375 0.078125
0 0.6328125 0.40390625 0.040625 0.06875
0 0.6296875 0.47734375 0.0390625 0.065625
0 0.625 0.53984375 0.0375 0.059375
0 0.621875 0.59921875 0.04375 0.05
0 0.6078125 0.65546875 0.0359375 0.053125
0 0.6140625 0.71796875 0.040625 0.0625
0 0.61015625 0.7796875 0.040625 0.0625
0 0.60625 0.82578125 0.0390625 0.046875
0 0.7140625 0.30390625 0.046875 0.075
0 0.703125 0.3765625 0.04375 0.071875
0 0.6703125 0.43046875 0.040625 0.078125
0 0.67109375 0.49609375 0.040625 0.059375
0 0.66875 0.55859375 0.0421875 0.0625
0 0.68203125 0.621875 0.040625 0.05625
0 0.659375 0.6765625 0.04375 0.05625
0 0.65625 0.7390625 0.0375 0.053125
0 0.640625 0.78828125 0.0359375 0.0625
0 0.68671875 0.7484375 0.034375 0.059375
0 0.6859375 0.6875 0.034375 0.053125
0 0.7046875 0.6359375 0.028125 0.065625
0 0.70390625 0.56640625 0.034375 0.0625
0 0.696875 0.50859375 0.0390625 0.059375
0 0.69921875 0.43984375 0.0375 0.065625
0 0.7453125 0.321875 0.034375 0.078125
0 0.734375 0.3890625 0.0375 0.0625
0 0.73125 0.46015625 0.0375 0.065625
0 0.74375 0.54296875 0.0375 0.05625
0 0.734375 0.59609375 0.04375 0.05625
0 0.7375 0.653125 0.03125 0.053125
0 0.721875 0.71015625 0.0375 0.053125
0 0.7609375 0.68828125 0.0359375 0.053125
0 0.7578125 0.60390625 0.0328125 0.059375
0 0.7828125 0.55703125 0.046875 0.065625
0 0.77734375 0.4890625 0.046875 0.0625
0 0.7796875 0.42421875 0.040625 0.06875
0 0.7859375 0.34765625 0.040625 0.06875
0 0.8171875 0.43359375 0.034375 0.0625
0 0.8328125 0.37265625 0.0421875 0.075