0 0.38125 0.83203125 0.06875 0.103125
0 0.334375 0.69453125 0.06875 0.096875
0 0.2875 0.56953125 0.0703125 0.0875
0 0.25 0.44921875 0.0734375 0.0875
0 0.27734375 0.3234375 0.059375 0.078125
0 0.275 0.2453125 0.0625 0.06875
0 0.259375 0.17265625 0.0625 0.071875
0 0.4 0.74453125 0.05625 0.096875
0 0.35 0.59296875 0.05625 0.084375
0 0.3375 0.51328125 0.0625 0.084375
0 0.3390625 0.4296875 0.059375 0.075
0 0.3375 0.35546875 0.0609375 0.078125
0 0.33515625 0.27890625 0.05625 0.071875
0 0.3296875 0.19140625 0.0578125 0.0625
0 0.35078125 0.14453125 0.05625 0.05625
0 0.44375 0.81328125 0.05625 0.10625
0 0.44296875 0.71171875 0.05625 0.084375
0 0.403125 0.64609375 0.0546875 0.08125
0 0.41328125 0.55234375 0.05625 0.08125
0 0.4109375 0.4625 0.059375 0.065625
0 0.4 0.37890625 0.0546875 0.071875
0 0.39140625 0.3078125 0.05625 0.0625
0 0.3890625 0.25234375 0.0578125 0.0625
0 0.4046875 0.18046875 0.0546875 0.065625
0 0.4015625 0.11328125 0.0515625 0.059375
0 0.5015625 0.7671875 0.059375 0.09375
0 0.515625 0.675 0.05625 0.075
0 0.4671875 0.6203125 0.053125 0.078125
0 0.465625 0.5 0.05625 0.075
0 0.4625 0.43046875 0.05 0.065625
0 0.4484375 0.359375 0.0484375 0.071875
0 0.4421875 0.29453125 0.046875 0.0625
0 0.4453125 0.22890625 0.0546875 0.0625
0 0.4484375 0.15703125 0.0515625 0.0625
0 0.5546875 0.7875 0.0484375 0.103125
0 0.56171875 0.69140625 0.05 0.084375
0 0.546875 0.61328125 0.05 0.075
0 0.5046875 0.55625 0.053125 0.078125
0 0.5015625 0.484375 0.046875 0.059375
0 0.50078125 0.42265625 0.05 0.06875
0 0.484375 0.34765625 0.0421875 0.071875
0 0.490625 0.27578125 0.0546875 0.065625
0 0.48671875 0.215625 0.040625 0.0625
0 0.4796875 0.16953125 0.040625 0.053125
0 0.6109375 0.77734375 0.0484375 0.09375
0 0.61640625 0.6921875 0.053125 0.075
0 0.60078125 0.6140625 0.05 0.075
0 0.546875 0.53359375 0.04375 0.075
0 0.5390625 0.46875 0.046875 0.065625
0 0.540625 0.3984375 0.0453125 0.0625
0 0.52578125 0.33671875 0.046875 0.053125
0 0.5375 0.27734375 0.04375 0.059375
0 0.528125 0.21875 0.0421875 0.053125
0 0.52890625 0.15390625 0.05 0.05625
0 0.596875 0.53515625 0.04375 0.06875
0 0.590625 0.47109375 0.04375 0.053125
0 0.584375 0.4140625 0.05 0.059375
0 0.5671875 0.35390625 0.0421875 0.05625
0 0.5703125 0.29921875 0.040625 0.053125
0 0.5671875 0.23203125 0.040625 0.05625
0 0.5765625 0.17109375 0.040625 0.05625
0 0.659375 0.7453125 0.04375 0.08125
0 0.659375 0.66953125 0.04375 0.078125
0 0.6328125 0.59609375 0.040625 0.06875
0 0.6296875 0.52265625 0.0390625 0.065625
0 0.625 0.46015625 0.0375 0.059375
0 0.621875 0.40078125 0.04375 0.05
0 0.6078125 0.34453125 0.0359375 0.053125
0 0.6140625 0.28203125 0.040625 0.0625
0 0.61015625 0.2203125 0.040625 0.0625
0 0.60625 0.17421875 0.0390625 0.046875
0 0.7140625 0.69609375 0.046875 0.075
0 0.703125 0.6234375 0.04375 0.071875
0 0.6703125 0.56953125 0.040625 0.078125
0 0.67109375 0.50390625 0.040625 0.059375
0 0.66875 0.44140625 0.0421875 0.0625
0 0.68203125 0.378125 0.040625 0.05625
0 0.659375 0.3234375 0.04375 0.05625
0 0.65625 0.2609375 0.0375 0.053125
0 0.640625 0.21171875 0.0359375 0.0625
0 0.68671875 0.2515625 0.034375 0.059375
0 0.6859375 0.3125 0.034375 0.053125
0 0.7046875 0.3640625 0.028125 0.065625
0 0.70390625 0.43359375 0.034375 0.0625
0 0.696875 0.49140625 0.0390625 0.059375
0 0.69921875 0.56015625 0.0375 0.065625
0 0.7453125 0.678125 0.034375 0.078125
0 0.734375 0.6109375 0.0375 0.0625
0 0.73125 0.53984375 0.0375 0.065625
0 0.74375 0.45703125 0.0375 0.05625
0 0.734375 0.40390625 0.04375 0.05625
0 0.7375 0.346875 0.03125 0.053125
0 0.721875 0.28984375 0.0375 0.053125
0 0.7609375 0.31171875 0.0359375 0.053125
0 0.7578125 0.39609375 0.0328125 0.059375
0 0.7828125 0.44296875 0.046875 0.065625
0 0.77734375 0.5109375 0.046875 0.0625
0 0.7796875 0.57578125 0.040625 0.06875
0 0.7859375 0.65234375 0.040625 0.06875
0 0.8171875 0.56640625 0.034375 0.0625
0 0.8328125 0.62734375 0.0421875 0.075