0 0.27265625 0.97578125 0.08125 0.0484375
0 0.33125 0.9875 0.0625 0.025
0 0.3234375 0.93828125 0.0625 0.05
0 0.38515625 0.95390625 0.065625 0.0484375
0 0.4 0.9875 0.06875 0.025
0 0.44453125 0.9265625 0.065625 0.059375
0 0.38671875 0.88984375 0.0625 0.04375
0 0.50703125 0.9890625 0.071875 0.0171875
0 0.57109375 0.9703125 0.06875 0.040625
0 0.51171875 0.95625 0.06875 0.0484375
0 0.6265625 0.9859375 0.05 0.025
0 0.6984375 0.9875 0.059375 0.025
0 0.8125 0.990625 0.053125 0.01875
0 0.75390625 0.9796875 0.05625 0.034375
0 0.68828125 0.9625 0.053125 0.03125
0 0.63046875 0.95078125 0.05625 0.04375
0 0.57578125 0.921875 0.059375 0.0421875
0 0.51171875 0.915625 0.0625 0.046875
0 0.43984375 0.85859375 0.0625 0.0578125
0 0.49921875 0.8625 0.046875 0.046875
0 0.5734375 0.875 0.075 0.065625
0 0.63203125 0.909375 0.059375 0.0421875
0 0.69921875 0.9328125 0.06875 0.046875
0 0.73828125 0.94296875 0.04375 0.021875
0 0.803125 0.95 0.05625 0.0421875
0 0.76796875 0.91875 0.071875 0.0578125
0 0.80859375 0.9140625 0.0375 0.05
0 0.715625 0.8890625 0.071875 0.0609375
0 0.77109375 0.8453125 0.06875 0.0515625
0 0.83984375 0.8625 0.06875 0.059375
0 0.6328125 0.87890625 0.05 0.046875
0 0.42421875 0.784375 0.065625 0.059375
0 0.48671875 0.8109375 0.078125 0.05625
0 0.48828125 0.7703125 0.071875 0.0546875
0 0.56171875 0.7625 0.0625 0.03125
0 0.60234375 0.8 0.059375 0.05625
0 0.64609375 0.7703125 0.075 0.05625
0 0.725 0.80078125 0.071875 0.0625
0 0.79765625 0.79609375 0.0625 0.0578125
0 0.915625 0.82734375 0.06875 0.0625
0 0.86875 0.76328125 0.071875 0.059375
0 0.78203125 0.75859375 0.071875 0.05625
0 0.67578125 0.71875 0.06875 0.053125
0 0.79296875 0.696875 0.08125 0.0578125
0 0.721875 0.6859375 0.06875 0.05625
0 0.41640625 0.7265625 0.075 0.05
0 0.31796875 0.7046875 0.0875 0.0625
0 0.3890625 0.690625 0.0625 0.059375
0 0.26015625 0.6375 0.08125 0.0625
0 0.36328125 0.628125 0.06875 0.053125
0 0.4796875 0.66796875 0.075 0.065625
0 0.5625 0.6875 0.078125 0.059375
0 0.63359375 0.646875 0.06875 0.0609375
0 0.8046875 0.6359375 0.078125 0.0578125
0 0.715625 0.6296875 0.08125 0.059375
0 0.63515625 0.57890625 0.075 0.0546875
0 0.78515625 0.58125 0.08125 0.0609375
0 0.85 0.58359375 0.071875 0.0609375
0 0.43046875 0.6046875 0.06875 0.05
0 0.5421875 0.5921875 0.075 0.046875
0 0.490625 0.5734375 0.071875 0.0375
0 0.56796875 0.553125 0.071875 0.059375
0 0.27578125 0.5265625 0.084375 0.059375
0 0.36171875 0.5765625 0.08125 0.05625
0 0.36640625 0.5171875 0.0875 0.0625
0 0.43203125 0.55 0.078125 0.0625
0 0.44140625 0.4859375 0.078125 0.065625
0 0.509375 0.525 0.084375 0.0625
0 0.56015625 0.478125 0.071875 0.059375
0 0.64921875 0.5203125 0.078125 0.0625
0 0.71328125 0.54609375 0.08125 0.059375
0 0.78984375 0.5171875 0.075 0.0640625
0 0.87578125 0.525 0.071875 0.0625
0 0.87265625 0.465625 0.06875 0.059375
0 0.81171875 0.4546875 0.075 0.0640625
0 0.728125 0.4875 0.08125 0.0625
0 0.65234375 0.45703125 0.090625 0.0609375
0 0.32109375 0.45703125 0.078125 0.059375
0 0.28828125 0.396875 0.075 0.0625
0 0.1875 0.32734375 0.096875 0.0734375
0 0.2796875 0.3359375 0.0875 0.071875
0 0.36328125 0.3609375 0.08125 0.071875
0 0.44375 0.365625 0.084375 0.0625
0 0.52265625 0.3671875 0.08125 0.075
0 0.58515625 0.4125 0.078125 0.059375
0 0.64375 0.3640625 0.078125 0.059375
0 0.69140625 0.4234375 0.06875 0.0640625
0 0.8765625 0.4 0.075 0.0625
0 0.77421875 0.38515625 0.075 0.065625
0 0.86640625 0.3375 0.071875 0.0625
0 0.85625 0.275 0.078125 0.059375
0 0.77578125 0.32109375 0.078125 0.071875
0 0.71171875 0.325 0.071875 0.0640625
0 0.228125 0.27578125 0.08125 0.0546875
0 0.30703125 0.28125 0.08125 0.0640625
0 0.38515625 0.3 0.084375 0.0625
0 0.47734375 0.3125 0.08125 0.0625
0 0.53359375 0.2828125 0.071875 0.0609375
0 0.63046875 0.303125 0.078125 0.071875
0 0.77109375 0.246875 0.075 0.059375
0 0.6921875 0.2484375 0.078125 0.06875
0 0.5984375 0.24296875 0.075 0.0578125
0 0.25703125 0.225 0.084375 0.06875
0 0.30859375 0.1828125 0.078125 0.0625
0 0.365625 0.221875 0.084375 0.075
0 0.46484375 0.1796875 0.08125 0.06875
0 0.4671875 0.2484375 0.0875 0.065625
0 0.85625 0.2109375 0.084375 0.059375
0 0.86875 0.1328125 0.084375 0.0703125
0 0.22578125 0.15625 0.08125 0.06875
0 0.27421875 0.1046875 0.08125 0.0703125
0 0.33203125 0.065625 0.0875 0.06875
0 0.36171875 0.125 0.08125 0.06875
0 0.40859375 0.0734375 0.084375 0.0625
0 0.44609375 0.121875 0.084375 0.065625
0 0.5171875 0.05078125 0.090625 0.075
0 0.54453125 0.1265625 0.075 0.078125
0 0.60390625 0.0703125 0.08125 0.075
0 0.65625 0.01875 0.078125 0.0359375
0 0.76328125 0.02421875 0.071875 0.046875
0 0.76171875 0.109375 0.071875 0.0734375
0 0.725 0.059375 0.071875 0.059375
0 0.68984375 0.096875 0.090625 0.071875
0 0.72109375 0.1859375 0.078125 0.06875
0 0.62734375 0.175 0.084375 0.0640625
0 0.54765625 0.196875 0.0875 0.06875
0 0.57890625 0.028125 0.084375 0.04375