0 0.02421875 0.27265625 0.0484375 0.08125
0 0.0125 0.33125 0.025 0.0625
0 0.06171875 0.3234375 0.05 0.0625
0 0.04609375 0.38515625 0.0484375 0.065625
0 0.0125 0.4 0.025 0.06875
0 0.0734375 0.44453125 0.059375 0.065625
0 0.11015625 0.38671875 0.04375 0.0625
0 0.0109375 0.50703125 0.0171875 0.071875
0 0.0296875 0.57109375 0.040625 0.06875
0 0.04375 0.51171875 0.0484375 0.06875
0 0.0140625 0.6265625 0.025 0.05
0 0.0125 0.6984375 0.025 0.059375
0 0.009375 0.8125 0.01875 0.053125
0 0.0203125 0.75390625 0.034375 0.05625
0 0.0375 0.68828125 0.03125 0.053125
0 0.04921875 0.63046875 0.04375 0.05625
0 0.078125 0.57578125 0.040625 0.059375
0 0.084375 0.51171875 0.046875 0.0625
0 0.14140625 0.43984375 0.0578125 0.0625
0 0.1375 0.49921875 0.046875 0.046875
0 0.125 0.5734375 0.065625 0.075
0 0.090625 0.63203125 0.04375 0.059375
0 0.0671875 0.69921875 0.046875 0.06875
0 0.05703125 0.73828125 0.021875 0.04375
0 0.05 0.803125 0.0421875 0.05625
0 0.08125 0.76796875 0.0578125 0.071875
0 0.0859375 0.80859375 0.05 0.0375
0 0.1109375 0.715625 0.0609375 0.071875
0 0.1546875 0.77109375 0.0515625 0.06875
0 0.1375 0.83984375 0.059375 0.06875
0 0.12109375 0.6328125 0.046875 0.05
0 0.215625 0.42421875 0.059375 0.065625
0 0.1890625 0.48671875 0.05625 0.078125
0 0.2296875 0.48828125 0.0546875 0.071875
0 0.2375 0.56171875 0.03125 0.0625
0 0.2 0.60234375 0.05625 0.059375
0 0.2296875 0.64609375 0.05625 0.075
0 0.19921875 0.725 0.0625 0.071875
0 0.20390625 0.79765625 0.0578125 0.0625
0 0.17265625 0.915625 0.0625 0.06875
0 0.23671875 0.86875 0.059375 0.071875
0 0.24140625 0.78203125 0.05625 0.071875
0 0.28125 0.67578125 0.053125 0.06875
0 0.303125 0.79296875 0.0578125 0.08125
0 0.3140625 0.721875 0.05625 0.06875
0 0.2734375 0.41640625 0.05 0.075
0 0.2953125 0.31796875 0.0625 0.0875
0 0.309375 0.3890625 0.059375 0.0625
0 0.3625 0.26015625 0.0625 0.08125
0 0.371875 0.36328125 0.053125 0.06875
0 0.33203125 0.4796875 0.065625 0.075
0 0.3125 0.5625 0.059375 0.078125
0 0.353125 0.63359375 0.0609375 0.06875
0 0.3640625 0.8046875 0.0578125 0.078125
0 0.3703125 0.715625 0.059375 0.08125
0 0.42109375 0.63515625 0.0546875 0.075
0 0.41875 0.78515625 0.0609375 0.08125
0 0.41640625 0.85 0.0609375 0.071875
0 0.3953125 0.43046875 0.05 0.06875
0 0.4078125 0.5421875 0.046875 0.075
0 0.4265625 0.490625 0.0375 0.071875
0 0.446875 0.56796875 0.059375 0.071875
0 0.4734375 0.27578125 0.059375 0.084375
0 0.4234375 0.36171875 0.05625 0.08125
0 0.4828125 0.36640625 0.0625 0.0875
0 0.45 0.43203125 0.0625 0.078125
0 0.5140625 0.44140625 0.065625 0.078125
0 0.475 0.509375 0.0625 0.084375
0 0.521875 0.56015625 0.059375 0.071875
0 0.4796875 0.64921875 0.0625 0.078125
0 0.45390625 0.71328125 0.059375 0.08125
0 0.4828125 0.78984375 0.0640625 0.075
0 0.475 0.87578125 0.0625 0.071875
0 0.534375 0.87265625 0.059375 0.06875
0 0.5453125 0.81171875 0.0640625 0.075
0 0.5125 0.728125 0.0625 0.08125
0 0.54296875 0.65234375 0.0609375 0.090625
0 0.54296875 0.32109375 0.059375 0.078125
0 0.603125 0.28828125 0.0625 0.075
0 0.67265625 0.1875 0.0734375 0.096875
0 0.6640625 0.2796875 0.071875 0.0875
0 0.6390625 0.36328125 0.071875 0.08125
0 0.634375 0.44375 0.0625 0.084375
0 0.6328125 0.52265625 0.075 0.08125
0 0.5875 0.58515625 0.059375 0.078125
0 0.6359375 0.64375 0.059375 0.078125
0 0.5765625 0.69140625 0.0640625 0.06875
0 0.6 0.8765625 0.0625 0.075
0 0.61484375 0.77421875 0.065625 0.075
0 0.6625 0.86640625 0.0625 0.071875
0 0.725 0.85625 0.059375 0.078125
0 0.67890625 0.77578125 0.071875 0.078125
0 0.675 0.71171875 0.0640625 0.071875
0 0.72421875 0.228125 0.0546875 0.08125
0 0.71875 0.30703125 0.0640625 0.08125
0 0.7 0.38515625 0.0625 0.084375
0 0.6875 0.47734375 0.0625 0.08125
0 0.7171875 0.53359375 0.0609375 0.071875
0 0.696875 0.63046875 0.071875 0.078125
0 0.753125 0.77109375 0.059375 0.075
0 0.7515625 0.6921875 0.06875 0.078125
0 0.75703125 0.5984375 0.0578125 0.075
0 0.775 0.25703125 0.06875 0.084375
0 0.8171875 0.30859375 0.0625 0.078125
0 0.778125 0.365625 0.075 0.084375
0 0.8203125 0.46484375 0.06875 0.08125
0 0.7515625 0.4671875 0.065625 0.0875
0 0.7890625 0.85625 0.059375 0.084375
0 0.8671875 0.86875 0.0703125 0.084375
0 0.84375 0.22578125 0.06875 0.08125
0 0.8953125 0.27421875 0.0703125 0.08125
0 0.934375 0.33203125 0.06875 0.0875
0 0.875 0.36171875 0.06875 0.08125
0 0.9265625 0.40859375 0.0625 0.084375
0 0.878125 0.44609375 0.065625 0.084375
0 0.94921875 0.5171875 0.075 0.090625
0 0.8734375 0.54453125 0.078125 0.075
0 0.9296875 0.60390625 0.075 0.08125
0 0.98125 0.65625 0.0359375 0.078125
0 0.97578125 0.76328125 0.046875 0.071875
0 0.890625 0.76171875 0.0734375 0.071875
0 0.940625 0.725 0.059375 0.071875
0 0.903125 0.68984375 0.071875 0.090625
0 0.8140625 0.72109375 0.06875 0.078125
0 0.825 0.62734375 0.0640625 0.084375
0 0.803125 0.54765625 0.06875 0.0875
0 0.971875 0.57890625 0.04375 0.084375