0 0.72734375 0.97578125 0.08125 0.0484375
0 0.66875 0.9875 0.0625 0.025
0 0.6765625 0.93828125 0.0625 0.05
0 0.61484375 0.95390625 0.065625 0.0484375
0 0.6 0.9875 0.06875 0.025
0 0.55546875 0.9265625 0.065625 0.059375
0 0.61328125 0.88984375 0.0625 0.04375
0 0.49296875 0.9890625 0.071875 0.0171875
0 0.42890625 0.9703125 0.06875 0.040625
0 0.48828125 0.95625 0.06875 0.0484375
0 0.3734375 0.9859375 0.05 0.025
0 0.3015625 0.9875 0.059375 0.025
0 0.1875 0.990625 0.053125 0.01875
0 0.24609375 0.9796875 0.05625 0.034375
0 0.31171875 0.9625 0.053125 0.03125
0 0.36953125 0.95078125 0.05625 0.04375
0 0.42421875 0.921875 0.059375 0.0421875
0 0.48828125 0.915625 0.0625 0.046875
0 0.56015625 0.85859375 0.0625 0.0578125
0 0.50078125 0.8625 0.046875 0.046875
0 0.4265625 0.875 0.075 0.065625
0 0.36796875 0.909375 0.059375 0.0421875
0 0.30078125 0.9328125 0.06875 0.046875
0 0.26171875 0.94296875 0.04375 0.021875
0 0.196875 0.95 0.05625 0.0421875
0 0.23203125 0.91875 0.071875 0.0578125
0 0.19140625 0.9140625 0.0375 0.05
0 0.284375 0.8890625 0.071875 0.0609375
0 0.22890625 0.8453125 0.06875 0.0515625
0 0.16015625 0.8625 0.06875 0.059375
0 0.3671875 0.87890625 0.05 0.046875
0 0.57578125 0.784375 0.065625 0.059375
0 0.51328125 0.8109375 0.078125 0.05625
0 0.51171875 0.7703125 0.071875 0.0546875
0 0.43828125 0.7625 0.0625 0.03125
0 0.39765625 0.8 0.059375 0.05625
0 0.35390625 0.7703125 0.075 0.05625
0 0.275 0.80078125 0.071875 0.0625
0 0.20234375 0.79609375 0.0625 0.0578125
0 0.084375 0.82734375 0.06875 0.0625
0 0.13125 0.76328125 0.071875 0.059375
0 0.21796875 0.75859375 0.071875 0.05625
0 0.32421875 0.71875 0.06875 0.053125
0 0.20703125 0.696875 0.08125 0.0578125
0 0.278125 0.6859375 0.06875 0.05625
0 0.58359375 0.7265625 0.075 0.05
0 0.68203125 0.7046875 0.0875 0.0625
0 0.6109375 0.690625 0.0625 0.059375
0 0.73984375 0.6375 0.08125 0.0625
0 0.63671875 0.628125 0.06875 0.053125
0 0.5203125 0.66796875 0.075 0.065625
0 0.4375 0.6875 0.078125 0.059375
0 0.36640625 0.646875 0.06875 0.0609375
0 0.1953125 0.6359375 0.078125 0.0578125
0 0.284375 0.6296875 0.08125 0.059375
0 0.36484375 0.57890625 0.075 0.0546875
0 0.21484375 0.58125 0.08125 0.0609375
0 0.15 0.58359375 0.071875 0.0609375
0 0.56953125 0.6046875 0.06875 0.05
0 0.4578125 0.5921875 0.075 0.046875
0 0.509375 0.5734375 0.071875 0.0375
0 0.43203125 0.553125 0.071875 0.059375
0 0.72421875 0.5265625 0.084375 0.059375
0 0.63828125 0.5765625 0.08125 0.05625
0 0.63359375 0.5171875 0.0875 0.0625
0 0.56796875 0.55 0.078125 0.0625
0 0.55859375 0.4859375 0.078125 0.065625
0 0.490625 0.525 0.084375 0.0625
0 0.43984375 0.478125 0.071875 0.059375
0 0.35078125 0.5203125 0.078125 0.0625
0 0.28671875 0.54609375 0.08125 0.059375
0 0.21015625 0.5171875 0.075 0.0640625
0 0.12421875 0.525 0.071875 0.0625
0 0.12734375 0.465625 0.06875 0.059375
0 0.18828125 0.4546875 0.075 0.0640625
0 0.271875 0.4875 0.08125 0.0625
0 0.34765625 0.45703125 0.090625 0.0609375
0 0.67890625 0.45703125 0.078125 0.059375
0 0.71171875 0.396875 0.075 0.0625
0 0.8125 0.32734375 0.096875 0.0734375
0 0.7203125 0.3359375 0.0875 0.071875
0 0.63671875 0.3609375 0.08125 0.071875
0 0.55625 0.365625 0.084375 0.0625
0 0.47734375 0.3671875 0.08125 0.075
0 0.41484375 0.4125 0.078125 0.059375
0 0.35625 0.3640625 0.078125 0.059375
0 0.30859375 0.4234375 0.06875 0.0640625
0 0.1234375 0.4 0.075 0.0625
0 0.22578125 0.38515625 0.075 0.065625
0 0.13359375 0.3375 0.071875 0.0625
0 0.14375 0.275 0.078125 0.059375
0 0.22421875 0.32109375 0.078125 0.071875
0 0.28828125 0.325 0.071875 0.0640625
0 0.771875 0.27578125 0.08125 0.0546875
0 0.69296875 0.28125 0.08125 0.0640625
0 0.61484375 0.3 0.084375 0.0625
0 0.52265625 0.3125 0.08125 0.0625
0 0.46640625 0.2828125 0.071875 0.0609375
0 0.36953125 0.303125 0.078125 0.071875
0 0.22890625 0.246875 0.075 0.059375
0 0.3078125 0.2484375 0.078125 0.06875
0 0.4015625 0.24296875 0.075 0.0578125
0 0.74296875 0.225 0.084375 0.06875
0 0.69140625 0.1828125 0.078125 0.0625
0 0.634375 0.221875 0.084375 0.075
0 0.53515625 0.1796875 0.08125 0.06875
0 0.5328125 0.2484375 0.0875 0.065625
0 0.14375 0.2109375 0.084375 0.059375
0 0.13125 0.1328125 0.084375 0.0703125
0 0.77421875 0.15625 0.08125 0.06875
0 0.72578125 0.1046875 0.08125 0.0703125
0 0.66796875 0.065625 0.0875 0.06875
0 0.63828125 0.125 0.08125 0.06875
0 0.59140625 0.0734375 0.084375 0.0625
0 0.55390625 0.121875 0.084375 0.065625
0 0.4828125 0.05078125 0.090625 0.075
0 0.45546875 0.1265625 0.075 0.078125
0 0.39609375 0.0703125 0.08125 0.075
0 0.34375 0.01875 0.078125 0.0359375
0 0.23671875 0.02421875 0.071875 0.046875
0 0.23828125 0.109375 0.071875 0.0734375
0 0.275 0.059375 0.071875 0.059375
0 0.31015625 0.096875 0.090625 0.071875
0 0.27890625 0.1859375 0.078125 0.06875
0 0.37265625 0.175 0.084375 0.0640625
0 0.45234375 0.196875 0.0875 0.06875
0 0.42109375 0.028125 0.084375 0.04375