0 0.2234375 0.06640625 0.1328125 0.121875
0 0.2046875 0.2109375 0.1421875 0.121875
0 0.16796875 0.31640625 0.128125 0.0984375
0 0.36328125 0.0515625 0.1296875 0.075
0 0.34921875 0.115625 0.134375 0.115625
0 0.34609375 0.2296875 0.13125 0.096875
0 0.30859375 0.321875 0.1375 0.1
0 0.35625 0.41796875 0.128125 0.0953125
0 0.33828125 0.5125 0.14375 0.103125
0 0.32265625 0.60859375 0.134375 0.090625
0 0.30078125 0.69609375 0.1390625 0.090625
0 0.2609375 0.80546875 0.1421875 0.1015625
0 0.23984375 0.896875 0.1328125 0.0890625
0 0.32109375 0.96015625 0.13125 0.078125
0 0.3734375 0.8953125 0.13125 0.096875
0 0.4 0.7515625 0.125 0.090625
0 0.50703125 0.0671875 0.13125 0.1125
0 0.47734375 0.17578125 0.13125 0.1078125
0 0.48046875 0.2890625 0.125 0.1
0 0.4796875 0.384375 0.134375 0.1
0 0.46015625 0.4765625 0.125 0.096875
0 0.44609375 0.575 0.134375 0.09375
0 0.4296875 0.66953125 0.1328125 0.096875
0 0.478125 0.9171875 0.115625 0.0875
0 0.6140625 0.13359375 0.125 0.115625
0 0.60234375 0.24453125 0.1140625 0.10625
0 0.578125 0.35234375 0.1109375 0.0859375
0 0.57421875 0.4390625 0.1171875 0.09375
0 0.5609375 0.53125 0.1171875 0.1
0 0.5375 0.621875 0.109375 0.096875
0 0.53203125 0.72109375 0.1125 0.0890625
0 0.478125 0.83046875 0.1203125 0.090625
0 0.58125 0.8578125 0.1109375 0.084375
0 0.6171875 0.784375 0.115625 0.08125
0 0.609375 0.66484375 0.103125 0.0796875
0 0.6390625 0.584375 0.10625 0.0875
0 0.65625 0.4953125 0.1 0.096875
0 0.6671875 0.40546875 0.10625 0.0875
0 0.6921875 0.3109375 0.1109375 0.103125
0 0.70703125 0.20234375 0.1109375 0.103125
0 0.79375 0.2671875 0.1078125 0.09375
0 0.78515625 0.35703125 0.109375 0.084375
0 0.89453125 0.31328125 0.096875 0.1125
0 0.765625 0.46171875 0.1109375 0.09375
0 0.86640625 0.41640625 0.109375 0.09375
0 0.753125 0.55078125 0.109375 0.0875
0 0.69921875 0.62265625 0.10625 0.08125
0 0.7109375 0.734375 0.1046875 0.0875
0 0.68828125 0.825 0.109375 0.084375
0 0.78828125 0.778125 0.1078125 0.08125
0 0.815625 0.69296875 0.1234375 0.0875
0 0.83984375 0.60234375 0.103125 0.084375
0 0.84140625 0.515625 0.1 0.0828125
0 0.58828125 0.96953125 0.071875 0.0328125
0 0.57421875 0.9390625 0.071875 0.0359375
0 0.80390625 0.0703125 0.090625 0.0375
0 0.8296875 0.03828125 0.0921875 0.040625