0 0.2234375 0.93359375 0.1328125 0.121875
0 0.2046875 0.7890625 0.1421875 0.121875
0 0.16796875 0.68359375 0.128125 0.0984375
0 0.36328125 0.9484375 0.1296875 0.075
0 0.34921875 0.884375 0.134375 0.115625
0 0.34609375 0.7703125 0.13125 0.096875
0 0.30859375 0.678125 0.1375 0.1
0 0.35625 0.58203125 0.128125 0.0953125
0 0.33828125 0.4875 0.14375 0.103125
0 0.32265625 0.39140625 0.134375 0.090625
0 0.30078125 0.30390625 0.1390625 0.090625
0 0.2609375 0.19453125 0.1421875 0.1
0 0.23984375 0.103125 0.1328125 0.0890625
0 0.32109375 0.03984375 0.13125 0.078125
0 0.3734375 0.1046875 0.13125 0.096875
0 0.4 0.2484375 0.125 0.090625
0 0.50703125 0.9328125 0.13125 0.1125
0 0.47734375 0.82421875 0.13125 0.1078125
0 0.48046875 0.7109375 0.125 0.1
0 0.4796875 0.615625 0.134375 0.1
0 0.46015625 0.5234375 0.125 0.096875
0 0.44609375 0.425 0.134375 0.09375
0 0.4296875 0.33046875 0.1328125 0.096875
0 0.478125 0.0828125 0.115625 0.0875
0 0.6140625 0.86640625 0.125 0.115625
0 0.60234375 0.75546875 0.1140625 0.10625
0 0.578125 0.64765625 0.1109375 0.0859375
0 0.57421875 0.5609375 0.1171875 0.09375
0 0.5609375 0.46875 0.1171875 0.1
0 0.5375 0.378125 0.109375 0.096875
0 0.53203125 0.27890625 0.1125 0.0890625
0 0.478125 0.16953125 0.1203125 0.090625
0 0.58125 0.1421875 0.1109375 0.084375
0 0.6171875 0.215625 0.115625 0.08125
0 0.609375 0.33515625 0.103125 0.0796875
0 0.6390625 0.415625 0.10625 0.0875
0 0.65625 0.5046875 0.1 0.096875
0 0.6671875 0.59453125 0.10625 0.0875
0 0.6921875 0.6890625 0.1109375 0.103125
0 0.70703125 0.79765625 0.1109375 0.103125
0 0.79375 0.7328125 0.1078125 0.09375
0 0.78515625 0.64296875 0.109375 0.084375
0 0.89453125 0.68671875 0.096875 0.1125
0 0.765625 0.53828125 0.1109375 0.09375
0 0.86640625 0.58359375 0.109375 0.09375
0 0.753125 0.44921875 0.109375 0.0875
0 0.69921875 0.37734375 0.10625 0.08125
0 0.7109375 0.265625 0.1046875 0.0875
0 0.68828125 0.175 0.109375 0.084375
0 0.78828125 0.221875 0.1078125 0.08125
0 0.815625 0.30703125 0.1234375 0.0875
0 0.83984375 0.39765625 0.103125 0.084375
0 0.84140625 0.484375 0.1 0.0828125
0 0.58828125 0.03046875 0.071875 0.0328125
0 0.57421875 0.0609375 0.071875 0.034375
0 0.80390625 0.9296875 0.090625 0.0375
0 0.8296875 0.96171875 0.0921875 0.040625