0 0.94921875 0.5234375 0.059375 0.0359375
0 0.8875 0.521875 0.059375 0.0375
0 0.89296875 0.546875 0.0546875 0.03125
0 0.8328125 0.54296875 0.05 0.034375
0 0.790625 0.55625 0.059375 0.0359375
0 0.73671875 0.5609375 0.0546875 0.03125
0 0.7328125 0.5375 0.059375 0.0375
0 0.95 0.48125 0.059375 0.0359375
0 0.9453125 0.446875 0.05625 0.040625
0 0.9234375 0.4171875 0.0625 0.0421875
0 0.896875 0.4625 0.065625 0.04375
0 0.80546875 0.515625 0.0625 0.0359375
0 0.82890625 0.459375 0.0625 0.0375
0 0.8359375 0.4734375 0.0625 0.0359375
0 0.87578125 0.390625 0.059375 0.0421875
0 0.8203125 0.40234375 0.05625 0.040625
0 0.77421875 0.43046875 0.0625 0.0421875
0 0.77109375 0.465625 0.0609375 0.0375
0 0.71640625 0.4875 0.0546875 0.0359375
0 0.675 0.5296875 0.0484375 0.03125
0 0.66640625 0.50078125 0.0625 0.0375
0 0.709375 0.45546875 0.0640625 0.04375
0 0.71796875 0.4234375 0.06875 0.04375
0 0.78203125 0.3796875 0.0625 0.0453125
0 0.821875 0.34609375 0.0609375 0.040625
0 0.78046875 0.3296875 0.0625 0.04375
0 0.74296875 0.30234375 0.071875 0.05
0 0.70390625 0.37734375 0.06875 0.04375
0 0.703125 0.3359375 0.0640625 0.0484375
0 0.68046875 0.271875 0.06875 0.0515625
0 0.63671875 0.30625 0.059375 0.046875
0 0.64609375 0.3625 0.0625 0.046875
0 0.6328125 0.390625 0.05625 0.0359375
0 0.6359375 0.42109375 0.05625 0.040625
0 0.6140625 0.5390625 0.0625 0.04375
0 0.60390625 0.465625 0.053125 0.040625
0 0.5625 0.53671875 0.046875 0.0390625
0 0.51640625 0.52578125 0.0578125 0.04375
0 0.56171875 0.48828125 0.0609375 0.034375
0 0.55234375 0.4703125 0.059375 0.040625
0 0.5125 0.465625 0.040625 0.0375
0 0.590625 0.4234375 0.053125 0.0390625
0 0.53828125 0.4171875 0.05625 0.040625
0 0.58125 0.38359375 0.0578125 0.04375
0 0.50078125 0.43125 0.053125 0.028125
0 0.46796875 0.496875 0.053125 0.0375
0 0.46796875 0.4625 0.059375 0.0375
0 0.48671875 0.40703125 0.0609375 0.04375
0 0.58828125 0.2828125 0.0484375 0.0578125
0 0.5640625 0.2515625 0.0625 0.0515625
0 0.53203125 0.29296875 0.059375 0.05
0 0.57265625 0.33828125 0.059375 0.046875
0 0.5171875 0.33671875 0.0625 0.0453125
0 0.51484375 0.3625 0.05625 0.03125
0 0.4171875 0.5 0.053125 0.0375
0 0.425 0.44609375 0.05625 0.0375
0 0.43046875 0.41875 0.05625 0.04375
0 0.45 0.37109375 0.059375 0.04375
0 0.4453125 0.328125 0.0625 0.046875
0 0.45859375 0.284375 0.065625 0.046875
0 0.50390625 0.24609375 0.0625 0.053125
0 0.446875 0.24375 0.059375 0.053125
0 0.40078125 0.27421875 0.0625 0.04375
0 0.39453125 0.3140625 0.05625 0.040625
0 0.39765625 0.35546875 0.059375 0.040625
0 0.384375 0.4 0.05625 0.040625
0 0.375 0.46328125 0.053125 0.0375
0 0.34296875 0.43359375 0.05625 0.0390625
0 0.26015625 0.49375 0.0578125 0.040625
0 0.2125 0.48828125 0.05625 0.0390625
0 0.3078125 0.44921875 0.053125 0.0375
0 0.25078125 0.4515625 0.05625 0.040625
0 0.1953125 0.44921875 0.059375 0.0421875
0 0.2671875 0.428125 0.06875 0.0421875
0 0.32109375 0.390625 0.0625 0.040625
0 0.303125 0.359375 0.065625 0.05
0 0.353125 0.2421875 0.0625 0.05
0 0.34765625 0.28359375 0.0625 0.04375
0 0.3046875 0.25078125 0.05 0.046875
0 0.29765625 0.2921875 0.053125 0.046875
0 0.25703125 0.25 0.059375 0.046875
0 0.24296875 0.29140625 0.059375 0.04375
0 0.27265625 0.32578125 0.0578125 0.0421875
0 0.15390625 0.2953125 0.0640625 0.046875
0 0.1953125 0.328125 0.059375 0.04375
0 0.13984375 0.33203125 0.059375 0.04375
0 0.09765625 0.36171875 0.0625 0.04375
0 0.16953125 0.36640625 0.05625 0.0390625
0 0.2171875 0.365625 0.0625 0.040625
0 0.21875 0.41015625 0.059375 0.04375
0 0.1703125 0.46328125 0.0546875 0.040625
0 0.15625 0.4203125 0.065625 0.05
0 0.109375 0.3984375 0.059375 0.040625