0 0.05078125 0.5234375 0.059375 0.0359375
0 0.1125 0.521875 0.059375 0.0375
0 0.10703125 0.546875 0.0546875 0.03125
0 0.1671875 0.54296875 0.05 0.034375
0 0.209375 0.55625 0.059375 0.0359375
0 0.26328125 0.5609375 0.0546875 0.03125
0 0.2671875 0.5375 0.059375 0.0375
0 0.05 0.48125 0.059375 0.0359375
0 0.0546875 0.446875 0.05625 0.040625
0 0.0765625 0.4171875 0.0625 0.0421875
0 0.103125 0.4625 0.065625 0.04375
0 0.19453125 0.515625 0.0625 0.0359375
0 0.17109375 0.459375 0.0625 0.0375
0 0.1640625 0.4734375 0.0625 0.0359375
0 0.12421875 0.390625 0.059375 0.0421875
0 0.1796875 0.40234375 0.05625 0.040625
0 0.22578125 0.43046875 0.0625 0.0421875
0 0.22890625 0.465625 0.0609375 0.0375
0 0.28359375 0.4875 0.0546875 0.0359375
0 0.325 0.5296875 0.0484375 0.03125
0 0.33359375 0.50078125 0.0625 0.0375
0 0.290625 0.45546875 0.0640625 0.04375
0 0.28203125 0.4234375 0.06875 0.04375
0 0.21796875 0.3796875 0.0625 0.0453125
0 0.178125 0.34609375 0.0609375 0.040625
0 0.21953125 0.3296875 0.0625 0.04375
0 0.25703125 0.30234375 0.071875 0.05
0 0.29609375 0.37734375 0.06875 0.04375
0 0.296875 0.3359375 0.0640625 0.0484375
0 0.31953125 0.271875 0.06875 0.0515625
0 0.36328125 0.30625 0.059375 0.046875
0 0.35390625 0.3625 0.0625 0.046875
0 0.3671875 0.390625 0.05625 0.0359375
0 0.3640625 0.42109375 0.05625 0.040625
0 0.3859375 0.5390625 0.0625 0.04375
0 0.39609375 0.465625 0.053125 0.040625
0 0.4375 0.53671875 0.046875 0.0390625
0 0.48359375 0.52578125 0.0578125 0.04375
0 0.43828125 0.48828125 0.0609375 0.034375
0 0.44765625 0.4703125 0.059375 0.040625
0 0.4875 0.465625 0.040625 0.0375
0 0.409375 0.4234375 0.053125 0.0390625
0 0.46171875 0.4171875 0.05625 0.040625
0 0.41875 0.38359375 0.0578125 0.04375
0 0.49921875 0.43125 0.053125 0.028125
0 0.53203125 0.496875 0.053125 0.0375
0 0.53203125 0.4625 0.059375 0.0375
0 0.51328125 0.40703125 0.0609375 0.04375
0 0.41171875 0.2828125 0.0484375 0.0578125
0 0.4359375 0.2515625 0.0625 0.0515625
0 0.46796875 0.29296875 0.059375 0.05
0 0.42734375 0.33828125 0.059375 0.046875
0 0.4828125 0.33671875 0.0625 0.0453125
0 0.48515625 0.3625 0.05625 0.03125
0 0.5828125 0.5 0.053125 0.0375
0 0.575 0.44609375 0.05625 0.0375
0 0.56953125 0.41875 0.05625 0.04375
0 0.55 0.37109375 0.059375 0.04375
0 0.5546875 0.328125 0.0625 0.046875
0 0.54140625 0.284375 0.065625 0.046875
0 0.49609375 0.24609375 0.0625 0.053125
0 0.553125 0.24375 0.059375 0.053125
0 0.59921875 0.27421875 0.0625 0.04375
0 0.60546875 0.3140625 0.05625 0.040625
0 0.60234375 0.35546875 0.059375 0.040625
0 0.615625 0.4 0.05625 0.040625
0 0.625 0.46328125 0.053125 0.0375
0 0.65703125 0.43359375 0.05625 0.0390625
0 0.73984375 0.49375 0.0578125 0.040625
0 0.7875 0.48828125 0.05625 0.0390625
0 0.6921875 0.44921875 0.053125 0.0375
0 0.74921875 0.4515625 0.05625 0.040625
0 0.8046875 0.44921875 0.059375 0.0421875
0 0.7328125 0.428125 0.06875 0.0421875
0 0.67890625 0.390625 0.0625 0.040625
0 0.696875 0.359375 0.065625 0.05
0 0.646875 0.2421875 0.0625 0.05
0 0.65234375 0.28359375 0.0625 0.04375
0 0.6953125 0.25078125 0.05 0.046875
0 0.70234375 0.2921875 0.053125 0.046875
0 0.74296875 0.25 0.059375 0.046875
0 0.75703125 0.29140625 0.059375 0.04375
0 0.72734375 0.32578125 0.0578125 0.0421875
0 0.84609375 0.2953125 0.0640625 0.046875
0 0.8046875 0.328125 0.059375 0.04375
0 0.86015625 0.33203125 0.059375 0.04375
0 0.90234375 0.36171875 0.0625 0.04375
0 0.83046875 0.36640625 0.05625 0.0390625
0 0.7828125 0.365625 0.0625 0.040625
0 0.78125 0.41015625 0.059375 0.04375
0 0.8296875 0.46328125 0.0546875 0.040625
0 0.84375 0.4203125 0.065625 0.05
0 0.890625 0.3984375 0.059375 0.040625