0 0.34375 0.0265625 0.046875 0.028125
0 0.3515625 0.04453125 0.0484375 0.034375
0 0.303125 0.06875 0.046875 0.034375
0 0.3515625 0.08046875 0.046875 0.0375
0 0.315625 0.0984375 0.04375 0.034375
0 0.35546875 0.11875 0.04375 0.034375
0 0.3609375 0.15234375 0.046875 0.0359375
0 0.26875 0.13203125 0.0515625 0.034375
0 0.30859375 0.14375 0.0421875 0.028125
0 0.3203125 0.1625 0.040625 0.0359375
0 0.2890625 0.16328125 0.05 0.0375
0 0.35859375 0.18828125 0.0453125 0.034375
0 0.35703125 0.22265625 0.0484375 0.034375
0 0.30234375 0.21015625 0.0390625 0.028125
0 0.31484375 0.234375 0.04375 0.034375
0 0.27578125 0.21171875 0.04375 0.0375
0 0.21484375 0.20625 0.05 0.0375
0 0.221875 0.24609375 0.046875 0.0375
0 0.26796875 0.24765625 0.05 0.0375
0 0.3546875 0.2609375 0.0453125 0.0328125
0 0.36796875 0.29296875 0.040625 0.0390625
0 0.32421875 0.3109375 0.046875 0.034375
0 0.2984375 0.28515625 0.04375 0.034375
0 0.2734375 0.28671875 0.05 0.0375
0 0.29453125 0.31796875 0.0484375 0.0390625
0 0.19609375 0.284375 0.0515625 0.0359375
0 0.228125 0.3125 0.0484375 0.0375
0 0.25546875 0.34140625 0.05 0.0375
0 0.35234375 0.3390625 0.04375 0.03125
0 0.35859375 0.36796875 0.0484375 0.034375
0 0.33671875 0.3796875 0.046875 0.040625
0 0.28359375 0.36875 0.046875 0.034375
0 0.20546875 0.36015625 0.05 0.0359375
0 0.2453125 0.38203125 0.046875 0.034375
0 0.28671875 0.40234375 0.0484375 0.0375
0 0.32578125 0.42109375 0.046875 0.0359375
0 0.36953125 0.4 0.0453125 0.0375
0 0.36953125 0.43671875 0.040625 0.034375
0 0.325 0.45859375 0.05 0.0359375
0 0.2859375 0.43671875 0.04375 0.0375
0 0.24765625 0.41796875 0.0484375 0.0375
0 0.21171875 0.3953125 0.05625 0.034375
0 0.1515625 0.3734375 0.053125 0.0375
0 0.1578125 0.41328125 0.0546875 0.040625
0 0.20703125 0.4296875 0.053125 0.0390625
0 0.2453125 0.45234375 0.0484375 0.0359375
0 0.28203125 0.47421875 0.05 0.0359375
0 0.375 0.4703125 0.046875 0.0375
0 0.375 0.50546875 0.046875 0.0328125
0 0.3859375 0.53671875 0.0484375 0.034375
0 0.33671875 0.52734375 0.046875 0.0359375
0 0.3125 0.4953125 0.040625 0.0328125
0 0.28671875 0.51328125 0.05 0.0375
0 0.240625 0.496875 0.0515625 0.040625
0 0.20703125 0.4703125 0.05 0.0390625
0 0.1640625 0.45078125 0.05625 0.0390625
0 0.09296875 0.4203125 0.0546875 0.0390625
0 0.1046875 0.46015625 0.05625 0.0390625
0 0.146875 0.4875 0.059375 0.040625
0 0.19140625 0.5046875 0.05 0.0375
0 0.1515625 0.5296875 0.053125 0.040625
0 0.20703125 0.5453125 0.0578125 0.040625
0 0.1625 0.5671875 0.0515625 0.0390625
0 0.26171875 0.53984375 0.053125 0.0390625
0 0.31875 0.55703125 0.053125 0.0375
0 0.365625 0.56796875 0.046875 0.034375
0 0.375 0.5984375 0.046875 0.034375
0 0.334375 0.59609375 0.046875 0.0375
0 0.240625 0.57578125 0.05625 0.0375
0 0.1859375 0.60234375 0.05625 0.0375
0 0.15703125 0.634375 0.059375 0.040625
0 0.2265625 0.62421875 0.05 0.040625
0 0.26484375 0.60546875 0.05 0.0390625
0 0.26953125 0.6390625 0.053125 0.034375
0 0.328125 0.63359375 0.0484375 0.0390625
0 0.3640625 0.6359375 0.040625 0.0359375
0 0.390625 0.6828125 0.0484375 0.040625
0 0.34140625 0.66875 0.05 0.0375
0 0.28984375 0.67421875 0.053125 0.0375
0 0.23515625 0.66953125 0.053125 0.0390625
0 0.19765625 0.65625 0.0546875 0.040625
0 0.2546875 0.7046875 0.05 0.040625
0 0.346875 0.7078125 0.0484375 0.0421875
0 0.38828125 0.73125 0.046875 0.0375
0 0.35 0.75703125 0.04375 0.0421875
0 0.378125 0.76484375 0.0390625 0.0375
0 0.29609375 0.73125 0.05 0.040625
0 0.25390625 0.75859375 0.05 0.04375
0 0.30078125 0.784375 0.05 0.0421875
0 0.3328125 0.80390625 0.046875 0.0375
0 0.353125 0.81640625 0.04375 0.0375
0 0.31328125 0.8390625 0.053125 0.0421875
0 0.353125 0.86171875 0.046875 0.040625
0 0.2984375 0.871875 0.05 0.04375
0 0.34375 0.9046875 0.046875 0.0421875
0 0.37265625 0.91796875 0.0453125 0.040625
0 0.3765625 0.95 0.04375 0.040625
0 0.32578125 0.97578125 0.053125 0.040625