0 0.34375 0.9734375 0.046875 0.028125
0 0.3515625 0.95546875 0.0484375 0.034375
0 0.303125 0.93125 0.046875 0.034375
0 0.3515625 0.91953125 0.046875 0.0375
0 0.315625 0.9015625 0.04375 0.0359375
0 0.35546875 0.88125 0.04375 0.034375
0 0.3609375 0.84765625 0.046875 0.0359375
0 0.26875 0.86796875 0.0515625 0.034375
0 0.30859375 0.85625 0.0421875 0.0296875
0 0.3203125 0.8375 0.040625 0.0359375
0 0.2890625 0.83671875 0.05 0.0375
0 0.35859375 0.81171875 0.0453125 0.034375
0 0.35703125 0.77734375 0.0484375 0.034375
0 0.30234375 0.78984375 0.0390625 0.028125
0 0.31484375 0.765625 0.04375 0.034375
0 0.27578125 0.78828125 0.04375 0.0375
0 0.21484375 0.79375 0.05 0.0375
0 0.221875 0.75390625 0.046875 0.0375
0 0.26796875 0.75234375 0.05 0.0375
0 0.3546875 0.7390625 0.0453125 0.0328125
0 0.36796875 0.70703125 0.040625 0.0390625
0 0.32421875 0.6890625 0.046875 0.034375
0 0.2984375 0.71484375 0.04375 0.034375
0 0.2734375 0.71328125 0.05 0.0375
0 0.29453125 0.68203125 0.0484375 0.0390625
0 0.19609375 0.715625 0.0515625 0.0359375
0 0.228125 0.6875 0.0484375 0.0375
0 0.25546875 0.65859375 0.05 0.0375
0 0.35234375 0.6609375 0.04375 0.03125
0 0.35859375 0.63203125 0.0484375 0.034375
0 0.33671875 0.6203125 0.046875 0.040625
0 0.28359375 0.63125 0.046875 0.034375
0 0.20546875 0.63984375 0.05 0.0359375
0 0.2453125 0.61796875 0.046875 0.034375
0 0.28671875 0.59765625 0.0484375 0.0375
0 0.32578125 0.57890625 0.046875 0.0359375
0 0.36953125 0.6 0.0453125 0.0375
0 0.36953125 0.56328125 0.040625 0.034375
0 0.325 0.54140625 0.05 0.0359375
0 0.2859375 0.56328125 0.04375 0.0375
0 0.24765625 0.58203125 0.0484375 0.0375
0 0.21171875 0.6046875 0.05625 0.034375
0 0.1515625 0.6265625 0.053125 0.0375
0 0.1578125 0.58671875 0.0546875 0.0421875
0 0.20703125 0.5703125 0.053125 0.0390625
0 0.2453125 0.54765625 0.0484375 0.0359375
0 0.28203125 0.52578125 0.05 0.0359375
0 0.375 0.5296875 0.046875 0.0375
0 0.375 0.49453125 0.046875 0.0328125
0 0.3859375 0.46328125 0.0484375 0.034375
0 0.33671875 0.47265625 0.046875 0.0359375
0 0.3125 0.5046875 0.040625 0.0328125
0 0.28671875 0.48671875 0.05 0.0375
0 0.240625 0.503125 0.0515625 0.040625
0 0.20703125 0.5296875 0.05 0.0390625
0 0.1640625 0.54921875 0.05625 0.0390625
0 0.09296875 0.5796875 0.0546875 0.0390625
0 0.1046875 0.53984375 0.05625 0.0390625
0 0.146875 0.5125 0.059375 0.040625
0 0.19140625 0.4953125 0.05 0.0375
0 0.1515625 0.4703125 0.053125 0.040625
0 0.20703125 0.4546875 0.0578125 0.040625
0 0.1625 0.4328125 0.0515625 0.0390625
0 0.26171875 0.46015625 0.053125 0.0390625
0 0.31875 0.44296875 0.053125 0.0375
0 0.365625 0.43203125 0.046875 0.034375
0 0.375 0.4015625 0.046875 0.034375
0 0.334375 0.40390625 0.046875 0.0375
0 0.240625 0.42421875 0.05625 0.0375
0 0.1859375 0.39765625 0.05625 0.0375
0 0.15703125 0.365625 0.059375 0.040625
0 0.2265625 0.37578125 0.05 0.040625
0 0.26484375 0.39453125 0.05 0.0390625
0 0.26953125 0.3609375 0.053125 0.034375
0 0.328125 0.36640625 0.0484375 0.0390625
0 0.3640625 0.3640625 0.040625 0.0359375
0 0.390625 0.3171875 0.0484375 0.040625
0 0.34140625 0.33125 0.05 0.0375
0 0.28984375 0.32578125 0.053125 0.0375
0 0.23515625 0.33046875 0.053125 0.0390625
0 0.19765625 0.34375 0.0546875 0.040625
0 0.2546875 0.2953125 0.05 0.040625
0 0.346875 0.2921875 0.0484375 0.0421875
0 0.38828125 0.26875 0.046875 0.0375
0 0.35 0.24296875 0.04375 0.0421875
0 0.378125 0.23515625 0.0390625 0.0375
0 0.29609375 0.26875 0.05 0.040625
0 0.25390625 0.24140625 0.05 0.04375
0 0.30078125 0.215625 0.05 0.040625
0 0.3328125 0.19609375 0.046875 0.0375
0 0.353125 0.18359375 0.04375 0.0375
0 0.31328125 0.1609375 0.053125 0.0421875
0 0.353125 0.13828125 0.046875 0.040625
0 0.2984375 0.128125 0.05 0.04375
0 0.34375 0.0953125 0.046875 0.040625
0 0.37265625 0.08203125 0.0453125 0.040625
0 0.3765625 0.05 0.04375 0.040625
0 0.32578125 0.02421875 0.053125 0.040625