0 0.66875 0.72890625 0.05625 0.075
0 0.6828125 0.65859375 0.059375 0.075
0 0.6859375 0.58203125 0.059375 0.078125
0 0.6859375 0.503125 0.053125 0.0625
0 0.690625 0.434375 0.05 0.065625
0 0.6984375 0.35234375 0.0671875 0.078125
0 0.6265625 0.778125 0.053125 0.071875
0 0.6140625 0.709375 0.053125 0.075
0 0.6265625 0.63671875 0.053125 0.071875
0 0.628125 0.5640625 0.05625 0.08125
0 0.63671875 0.4765625 0.046875 0.065625
0 0.6390625 0.38671875 0.059375 0.08125
0 0.64140625 0.3078125 0.05625 0.078125
0 0.58203125 0.8328125 0.053125 0.071875
0 0.57421875 0.75703125 0.05625 0.078125
0 0.559375 0.68359375 0.05625 0.075
0 0.571875 0.609375 0.05 0.075
0 0.5875 0.51796875 0.0546875 0.075
0 0.5890625 0.428125 0.053125 0.071875
0 0.5890625 0.34453125 0.0578125 0.078125
0 0.5921875 0.26796875 0.053125 0.08125
0 0.53359375 0.87265625 0.05625 0.071875
0 0.528125 0.8015625 0.05625 0.075
0 0.5234375 0.72109375 0.0484375 0.075
0 0.50859375 0.65625 0.046875 0.075
0 0.51796875 0.58828125 0.05625 0.075
0 0.5421875 0.46796875 0.053125 0.08125
0 0.540625 0.39453125 0.05 0.084375
0 0.5390625 0.31015625 0.053125 0.078125
0 0.54140625 0.22890625 0.053125 0.075
0 0.4859375 0.90703125 0.053125 0.06875
0 0.47890625 0.83984375 0.05 0.078125
0 0.478125 0.74765625 0.05625 0.065625
0 0.46796875 0.690625 0.046875 0.071875
0 0.46640625 0.615625 0.05 0.078125
0 0.4953125 0.50859375 0.0515625 0.071875
0 0.49375 0.43203125 0.05625 0.071875
0 0.4890625 0.35390625 0.053125 0.08125
0 0.4875 0.27578125 0.05625 0.075
0 0.490625 0.19921875 0.05 0.078125
0 0.440625 0.17578125 0.05 0.075
0 0.453125 0.5421875 0.05 0.065625
0 0.45 0.46953125 0.05 0.071875
0 0.44375 0.39609375 0.05 0.071875
0 0.4421875 0.32578125 0.053125 0.075
0 0.43046875 0.24921875 0.059375 0.078125
0 0.44140625 0.9328125 0.05 0.071875
0 0.4421875 0.86484375 0.046875 0.071875
0 0.4296875 0.7953125 0.046875 0.0625
0 0.4234375 0.72890625 0.0546875 0.075
0 0.4203125 0.6515625 0.053125 0.075
0 0.40625 0.58203125 0.05 0.06875
0 0.40703125 0.509375 0.053125 0.06875
0 0.390625 0.43671875 0.05625 0.078125
0 0.3859375 0.34765625 0.0578125 0.075
0 0.375 0.275 0.05625 0.065625
0 0.390625 0.20390625 0.05625 0.0625
0 0.390625 0.9234375 0.0484375 0.078125
0 0.3859375 0.85390625 0.053125 0.071875
0 0.3796875 0.76953125 0.0484375 0.06875
0 0.3765625 0.6921875 0.0515625 0.075
0 0.365625 0.61796875 0.0515625 0.075
0 0.359375 0.54609375 0.0484375 0.075
0 0.35546875 0.475 0.046875 0.075
0 0.34375 0.40078125 0.05 0.075
0 0.340625 0.32734375 0.04375 0.078125
0 0.33125 0.25 0.05 0.071875
0 0.3421875 0.890625 0.040625 0.0765625
0 0.34609375 0.81171875 0.05 0.071875
0 0.3390625 0.72421875 0.0515625 0.071875
0 0.31875 0.65625 0.05 0.071875
0 0.3125 0.5890625 0.0546875 0.075
0 0.3109375 0.5171875 0.046875 0.06875
0 0.3046875 0.44453125 0.053125 0.06875
0 0.303125 0.37265625 0.0453125 0.075
0 0.2921875 0.29453125 0.0515625 0.071875
0 0.309375 0.83828125 0.04375 0.06875
0 0.30625 0.76640625 0.05 0.0625
0 0.265625 0.69765625 0.0484375 0.065625
0 0.278125 0.62890625 0.0453125 0.071875
0 0.2703125 0.55546875 0.046875 0.065625
0 0.265625 0.4859375 0.05 0.06875
0 0.2625 0.41796875 0.05 0.06875
0 0.253125 0.33828125 0.0484375 0.06875
0 0.2609375 0.8046875 0.0484375 0.0734375
0 0.24375 0.728125 0.0609375 0.071875
0 0.23046875 0.6625 0.053125 0.059375
0 0.228125 0.59609375 0.05 0.06875
0 0.22578125 0.52734375 0.05 0.0625
0 0.2109375 0.46015625 0.053125 0.059375
0 0.209375 0.38515625 0.04375 0.071875