0 0.66875 0.27109375 0.05625 0.075
0 0.6828125 0.34140625 0.059375 0.075
0 0.6859375 0.41796875 0.059375 0.078125
0 0.6859375 0.496875 0.053125 0.0625
0 0.690625 0.565625 0.05 0.065625
0 0.6984375 0.64765625 0.0671875 0.078125
0 0.6265625 0.221875 0.053125 0.071875
0 0.6140625 0.290625 0.053125 0.075
0 0.6265625 0.36328125 0.053125 0.071875
0 0.628125 0.4359375 0.05625 0.08125
0 0.63671875 0.5234375 0.046875 0.065625
0 0.6390625 0.61328125 0.059375 0.08125
0 0.64140625 0.6921875 0.05625 0.078125
0 0.58203125 0.1671875 0.053125 0.071875
0 0.57421875 0.24296875 0.05625 0.078125
0 0.559375 0.31640625 0.05625 0.075
0 0.571875 0.390625 0.05 0.075
0 0.5875 0.48203125 0.0546875 0.075
0 0.5890625 0.571875 0.053125 0.071875
0 0.5890625 0.65546875 0.0578125 0.078125
0 0.5921875 0.73203125 0.053125 0.08125
0 0.53359375 0.12734375 0.05625 0.071875
0 0.528125 0.1984375 0.05625 0.075
0 0.5234375 0.27890625 0.0484375 0.075
0 0.50859375 0.34375 0.046875 0.075
0 0.51796875 0.41171875 0.05625 0.075
0 0.5421875 0.53203125 0.053125 0.08125
0 0.540625 0.60546875 0.05 0.084375
0 0.5390625 0.68984375 0.053125 0.078125
0 0.54140625 0.77109375 0.053125 0.075
0 0.4859375 0.09296875 0.053125 0.06875
0 0.47890625 0.16015625 0.05 0.078125
0 0.478125 0.25234375 0.05625 0.065625
0 0.46796875 0.309375 0.046875 0.071875
0 0.46640625 0.384375 0.05 0.078125
0 0.4953125 0.49140625 0.0515625 0.071875
0 0.49375 0.56796875 0.05625 0.071875
0 0.4890625 0.64609375 0.053125 0.08125
0 0.4875 0.72421875 0.05625 0.075
0 0.490625 0.80078125 0.05 0.078125
0 0.440625 0.82421875 0.05 0.075
0 0.453125 0.4578125 0.05 0.065625
0 0.45 0.53046875 0.05 0.071875
0 0.44375 0.60390625 0.05 0.071875
0 0.4421875 0.67421875 0.053125 0.075
0 0.43046875 0.75078125 0.059375 0.078125
0 0.44140625 0.0671875 0.05 0.071875
0 0.4421875 0.13515625 0.046875 0.071875
0 0.4296875 0.2046875 0.046875 0.0625
0 0.4234375 0.27109375 0.0546875 0.075
0 0.4203125 0.3484375 0.053125 0.075
0 0.40625 0.41796875 0.05 0.06875
0 0.40703125 0.490625 0.053125 0.06875
0 0.390625 0.56328125 0.05625 0.078125
0 0.3859375 0.65234375 0.0578125 0.075
0 0.375 0.725 0.05625 0.065625
0 0.390625 0.79609375 0.05625 0.0625
0 0.390625 0.0765625 0.0484375 0.078125
0 0.3859375 0.14609375 0.053125 0.071875
0 0.3796875 0.23046875 0.0484375 0.06875
0 0.3765625 0.3078125 0.0515625 0.075
0 0.365625 0.38203125 0.0515625 0.075
0 0.359375 0.45390625 0.0484375 0.075
0 0.35546875 0.525 0.046875 0.075
0 0.34375 0.59921875 0.05 0.075
0 0.340625 0.67265625 0.04375 0.078125
0 0.33125 0.75 0.05 0.071875
0 0.3421875 0.109375 0.040625 0.078125
0 0.34609375 0.18828125 0.05 0.071875
0 0.3390625 0.27578125 0.0515625 0.071875
0 0.31875 0.34375 0.05 0.071875
0 0.3125 0.4109375 0.0546875 0.075
0 0.3109375 0.4828125 0.046875 0.06875
0 0.3046875 0.55546875 0.053125 0.06875
0 0.303125 0.62734375 0.0453125 0.075
0 0.2921875 0.70546875 0.0515625 0.071875
0 0.309375 0.16171875 0.04375 0.06875
0 0.30625 0.23359375 0.05 0.0625
0 0.265625 0.30234375 0.0484375 0.065625
0 0.278125 0.37109375 0.0453125 0.071875
0 0.2703125 0.44453125 0.046875 0.065625
0 0.265625 0.5140625 0.05 0.06875
0 0.2625 0.58203125 0.05 0.06875
0 0.253125 0.66171875 0.0484375 0.06875
0 0.2609375 0.1953125 0.0484375 0.075
0 0.24375 0.271875 0.0609375 0.071875
0 0.23046875 0.3375 0.053125 0.059375
0 0.228125 0.40390625 0.05 0.06875
0 0.22578125 0.47265625 0.05 0.0625
0 0.2109375 0.53984375 0.053125 0.059375
0 0.209375 0.61484375 0.04375 0.071875