0 0.75 0.24296875 0.05 0.046875
0 0.69609375 0.23125 0.05625 0.05
0 0.6375 0.20703125 0.05625 0.046875
0 0.6046875 0.16953125 0.059375 0.046875
0 0.546875 0.1515625 0.05625 0.053125
0 0.71953125 0.3390625 0.0453125 0.04375
0 0.71328125 0.384375 0.05625 0.04375
0 0.6859375 0.4265625 0.05625 0.0421875
0 0.678125 0.465625 0.0609375 0.04375
0 0.68046875 0.50546875 0.059375 0.0484375
0 0.6984375 0.54765625 0.05625 0.046875
0 0.66171875 0.58828125 0.05625 0.05
0 0.64765625 0.6328125 0.053125 0.046875
0 0.6078125 0.67734375 0.0515625 0.0421875
0 0.575 0.7421875 0.046875 0.0375
0 0.60546875 0.7734375 0.046875 0.04375
0 0.56015625 0.78515625 0.053125 0.04375
0 0.51484375 0.7765625 0.05625 0.0421875
0 0.53828125 0.71328125 0.053125 0.04375
0 0.52421875 0.7390625 0.05 0.0359375
0 0.4390625 0.740625 0.053125 0.0421875
0 0.4640625 0.715625 0.05625 0.0453125
0 0.4203125 0.68984375 0.05625 0.04375
0 0.45546875 0.65703125 0.05 0.04375
0 0.509375 0.64609375 0.05625 0.04375
0 0.5421875 0.6765625 0.0484375 0.040625
0 0.571875 0.64765625 0.0546875 0.0390625
0 0.5828125 0.61484375 0.053125 0.0421875
0 0.60859375 0.56953125 0.053125 0.046875
0 0.603125 0.52109375 0.059375 0.046875
0 0.63671875 0.5375 0.053125 0.0484375
0 0.6375 0.48984375 0.05625 0.05
0 0.6421875 0.271875 0.0609375 0.04375
0 0.6421875 0.31484375 0.053125 0.04375
0 0.65703125 0.359375 0.053125 0.046875
0 0.6453125 0.40078125 0.053125 0.04375
0 0.61875 0.44921875 0.053125 0.04375
0 0.58984375 0.47265625 0.0609375 0.046875
0 0.60625 0.41953125 0.0578125 0.0484375
0 0.56796875 0.20625 0.05625 0.0484375
0 0.5984375 0.24140625 0.0609375 0.05
0 0.58984375 0.2890625 0.05625 0.0484375
0 0.60390625 0.3296875 0.0546875 0.046875
0 0.578125 0.3734375 0.05 0.046875
0 0.4828125 0.16328125 0.05625 0.046875
0 0.54765625 0.328125 0.05625 0.053125
0 0.5515625 0.384375 0.053125 0.0453125
0 0.51328125 0.42578125 0.059375 0.04375
0 0.53125 0.46875 0.05625 0.0421875
0 0.52421875 0.5140625 0.059375 0.040625
0 0.54375 0.55546875 0.05625 0.0453125
0 0.515625 0.590625 0.05625 0.0421875
0 0.38671875 0.61484375 0.05625 0.05
0 0.4390625 0.6171875 0.05625 0.04375
0 0.475 0.6203125 0.04375 0.04375
0 0.4578125 0.5828125 0.059375 0.04375
0 0.45 0.53828125 0.0625 0.040625
0 0.4078125 0.56484375 0.0625 0.04375
0 0.34375 0.5671875 0.0609375 0.040625
0 0.33515625 0.525 0.059375 0.04375
0 0.396875 0.52421875 0.0640625 0.040625
0 0.459375 0.48984375 0.0578125 0.04375
0 0.478125 0.44609375 0.0625 0.046875
0 0.490625 0.39453125 0.059375 0.05
0 0.51484375 0.25078125 0.034375 0.0625
0 0.47578125 0.2140625 0.0578125 0.0484375
0 0.453125 0.2546875 0.059375 0.05
0 0.4640625 0.29375 0.059375 0.04375
0 0.4421875 0.32578125 0.0625 0.046875
0 0.47265625 0.3546875 0.059375 0.04375
0 0.440625 0.371875 0.059375 0.046875
0 0.428125 0.415625 0.0640625 0.046875
0 0.39921875 0.48359375 0.0796875 0.053125
0 0.3828125 0.44453125 0.0625 0.04375
0 0.3328125 0.46796875 0.071875 0.0484375
0 0.359375 0.41875 0.065625 0.0484375
0 0.3671875 0.39765625 0.059375 0.0296875
0 0.36953125 0.36328125 0.0625 0.0453125
0 0.3140625 0.38203125 0.06875 0.05
0 0.32421875 0.33671875 0.059375 0.046875
0 0.37890625 0.31953125 0.0578125 0.0484375
0 0.4125 0.2875 0.05625 0.04375
0 0.403125 0.19765625 0.059375 0.046875
0 0.39140625 0.24765625 0.0546875 0.05
0 0.36015625 0.27890625 0.0578125 0.0484375
0 0.31796875 0.290625 0.0640625 0.05
0 0.334375 0.240625 0.053125 0.05
0 0.34453125 0.21640625 0.05625 0.0390625
0 0.45625 0.846875 0.05 0.0375
0 0.47421875 0.8 0.053125 0.040625
0 0.29921875 0.12890625 0.0296875 0.0234375
0 0.2609375 0.1484375 0.028125 0.021875
0 0.2890625 0.15390625 0.03125 0.0234375
0 0.28828125 0.18125 0.0296875 0.025
0 0.278125 0.2015625 0.03125 0.0203125
0 0.0453125 0.52265625 0.034375 0.025
0 0.0515625 0.49296875 0.028125 0.021875
0 0.021875 0.4671875 0.0296875 0.021875
0 0.046875 0.465625 0.021875 0.021875
0 0.04609375 0.44609375 0.0234375 0.0203125
0 0.0421875 0.40078125 0.021875 0.01875
0 0.03203125 0.37890625 0.021875 0.0203125
0 0.0328125 0.30625 0.03125 0.01875
0 0.053125 0.29296875 0.0296875 0.0171875
0 0.0625 0.28203125 0.03125 0.021875
0 0.08828125 0.2765625 0.0296875 0.01875
0 0.1171875 0.26953125 0.028125 0.0171875
0 0.09296875 0.546875 0.028125 0.0125
0 0.1140625 0.5578125 0.025 0.021875