0 0.25 0.24296875 0.05 0.046875
0 0.30390625 0.23125 0.05625 0.05
0 0.3625 0.20703125 0.05625 0.046875
0 0.3953125 0.16953125 0.059375 0.046875
0 0.453125 0.1515625 0.05625 0.053125
0 0.28046875 0.3390625 0.0453125 0.04375
0 0.28671875 0.384375 0.05625 0.04375
0 0.3140625 0.4265625 0.05625 0.0421875
0 0.321875 0.465625 0.0609375 0.04375
0 0.31953125 0.50546875 0.059375 0.0484375
0 0.3015625 0.54765625 0.05625 0.046875
0 0.33828125 0.58828125 0.05625 0.05
0 0.35234375 0.6328125 0.053125 0.046875
0 0.3921875 0.67734375 0.0515625 0.0421875
0 0.425 0.7421875 0.046875 0.0375
0 0.39453125 0.7734375 0.046875 0.04375
0 0.43984375 0.78515625 0.053125 0.04375
0 0.48515625 0.7765625 0.05625 0.0421875
0 0.46171875 0.71328125 0.053125 0.04375
0 0.47578125 0.7390625 0.05 0.0359375
0 0.5609375 0.740625 0.053125 0.0421875
0 0.5359375 0.715625 0.05625 0.0453125
0 0.5796875 0.68984375 0.05625 0.04375
0 0.54453125 0.65703125 0.05 0.04375
0 0.490625 0.64609375 0.05625 0.04375
0 0.4578125 0.6765625 0.0484375 0.040625
0 0.428125 0.64765625 0.0546875 0.0390625
0 0.4171875 0.61484375 0.053125 0.0421875
0 0.39140625 0.56953125 0.053125 0.046875
0 0.396875 0.52109375 0.059375 0.046875
0 0.36328125 0.5375 0.053125 0.0484375
0 0.3625 0.48984375 0.05625 0.05
0 0.3578125 0.271875 0.0609375 0.04375
0 0.3578125 0.31484375 0.053125 0.04375
0 0.34296875 0.359375 0.053125 0.046875
0 0.3546875 0.40078125 0.053125 0.04375
0 0.38125 0.44921875 0.053125 0.04375
0 0.41015625 0.47265625 0.0609375 0.046875
0 0.39375 0.41953125 0.0578125 0.0484375
0 0.43203125 0.20625 0.05625 0.0484375
0 0.4015625 0.24140625 0.0609375 0.05
0 0.41015625 0.2890625 0.05625 0.0484375
0 0.39609375 0.3296875 0.0546875 0.046875
0 0.421875 0.3734375 0.05 0.046875
0 0.5171875 0.16328125 0.05625 0.046875
0 0.45234375 0.328125 0.05625 0.053125
0 0.4484375 0.384375 0.053125 0.0453125
0 0.48671875 0.42578125 0.059375 0.04375
0 0.46875 0.46875 0.05625 0.0421875
0 0.47578125 0.5140625 0.059375 0.040625
0 0.45625 0.55546875 0.05625 0.0453125
0 0.484375 0.590625 0.05625 0.0421875
0 0.61328125 0.61484375 0.05625 0.05
0 0.5609375 0.6171875 0.05625 0.04375
0 0.525 0.6203125 0.04375 0.04375
0 0.5421875 0.5828125 0.059375 0.04375
0 0.55 0.53828125 0.0625 0.040625
0 0.5921875 0.56484375 0.0625 0.04375
0 0.65625 0.5671875 0.0609375 0.040625
0 0.66484375 0.525 0.059375 0.04375
0 0.603125 0.52421875 0.0640625 0.040625
0 0.540625 0.48984375 0.0578125 0.04375
0 0.521875 0.44609375 0.0625 0.046875
0 0.509375 0.39453125 0.059375 0.05
0 0.48515625 0.25078125 0.034375 0.0625
0 0.52421875 0.2140625 0.0578125 0.0484375
0 0.546875 0.2546875 0.059375 0.05
0 0.5359375 0.29375 0.059375 0.04375
0 0.5578125 0.32578125 0.0625 0.046875
0 0.52734375 0.3546875 0.059375 0.04375
0 0.559375 0.371875 0.059375 0.046875
0 0.571875 0.415625 0.0640625 0.046875
0 0.60078125 0.48359375 0.0796875 0.053125
0 0.6171875 0.44453125 0.0625 0.04375
0 0.6671875 0.46796875 0.071875 0.0484375
0 0.640625 0.41875 0.065625 0.0484375
0 0.6328125 0.39765625 0.059375 0.0296875
0 0.63046875 0.36328125 0.0625 0.0453125
0 0.6859375 0.38203125 0.06875 0.05
0 0.67578125 0.33671875 0.059375 0.046875
0 0.62109375 0.31953125 0.0578125 0.0484375
0 0.5875 0.2875 0.05625 0.04375
0 0.596875 0.19765625 0.059375 0.046875
0 0.60859375 0.24765625 0.0546875 0.05
0 0.63984375 0.27890625 0.0578125 0.0484375
0 0.68203125 0.290625 0.0640625 0.05
0 0.665625 0.240625 0.053125 0.05
0 0.65546875 0.21640625 0.05625 0.0390625
0 0.54375 0.846875 0.05 0.0375
0 0.52578125 0.8 0.053125 0.040625
0 0.70078125 0.12890625 0.0296875 0.0234375
0 0.7390625 0.1484375 0.028125 0.021875
0 0.7109375 0.15390625 0.03125 0.0234375
0 0.71171875 0.18125 0.0296875 0.025
0 0.721875 0.2015625 0.03125 0.0203125
0 0.9546875 0.52265625 0.034375 0.025
0 0.9484375 0.49296875 0.028125 0.021875
0 0.978125 0.4671875 0.0296875 0.021875
0 0.953125 0.465625 0.021875 0.021875
0 0.95390625 0.44609375 0.0234375 0.0203125
0 0.9578125 0.40078125 0.021875 0.01875
0 0.96796875 0.37890625 0.021875 0.0203125
0 0.9671875 0.30625 0.03125 0.01875
0 0.946875 0.29296875 0.0296875 0.0171875
0 0.9375 0.28203125 0.03125 0.021875
0 0.91171875 0.2765625 0.0296875 0.01875
0 0.8828125 0.26953125 0.028125 0.0171875
0 0.90703125 0.546875 0.028125 0.0125
0 0.8859375 0.5578125 0.025 0.021875