0 0.75 0.75703125 0.05 0.046875
0 0.69609375 0.76875 0.05625 0.05
0 0.6375 0.79296875 0.05625 0.046875
0 0.6046875 0.83046875 0.059375 0.046875
0 0.546875 0.8484375 0.05625 0.053125
0 0.71953125 0.6609375 0.0453125 0.04375
0 0.71328125 0.615625 0.05625 0.04375
0 0.6859375 0.5734375 0.05625 0.0421875
0 0.678125 0.534375 0.0609375 0.04375
0 0.68046875 0.49453125 0.059375 0.0484375
0 0.6984375 0.45234375 0.05625 0.046875
0 0.66171875 0.41171875 0.05625 0.05
0 0.64765625 0.3671875 0.053125 0.046875
0 0.6078125 0.32265625 0.0515625 0.0421875
0 0.575 0.2578125 0.046875 0.0375
0 0.60546875 0.2265625 0.046875 0.04375
0 0.56015625 0.21484375 0.053125 0.04375
0 0.51484375 0.2234375 0.05625 0.0421875
0 0.53828125 0.28671875 0.053125 0.04375
0 0.52421875 0.2609375 0.05 0.0359375
0 0.4390625 0.259375 0.053125 0.0421875
0 0.4640625 0.284375 0.05625 0.0453125
0 0.4203125 0.31015625 0.05625 0.04375
0 0.45546875 0.34296875 0.05 0.04375
0 0.509375 0.35390625 0.05625 0.04375
0 0.5421875 0.3234375 0.0484375 0.040625
0 0.571875 0.35234375 0.0546875 0.0390625
0 0.5828125 0.38515625 0.053125 0.0421875
0 0.60859375 0.43046875 0.053125 0.046875
0 0.603125 0.47890625 0.059375 0.046875
0 0.63671875 0.4625 0.053125 0.0484375
0 0.6375 0.51015625 0.05625 0.05
0 0.6421875 0.728125 0.0609375 0.04375
0 0.6421875 0.68515625 0.053125 0.04375
0 0.65703125 0.640625 0.053125 0.046875
0 0.6453125 0.59921875 0.053125 0.04375
0 0.61875 0.55078125 0.053125 0.04375
0 0.58984375 0.52734375 0.0609375 0.046875
0 0.60625 0.58046875 0.0578125 0.0484375
0 0.56796875 0.79375 0.05625 0.0484375
0 0.5984375 0.75859375 0.0609375 0.05
0 0.58984375 0.7109375 0.05625 0.0484375
0 0.60390625 0.6703125 0.0546875 0.046875
0 0.578125 0.6265625 0.05 0.046875
0 0.4828125 0.83671875 0.05625 0.046875
0 0.54765625 0.671875 0.05625 0.053125
0 0.5515625 0.615625 0.053125 0.0453125
0 0.51328125 0.57421875 0.059375 0.04375
0 0.53125 0.53125 0.05625 0.0421875
0 0.52421875 0.4859375 0.059375 0.040625
0 0.54375 0.44453125 0.05625 0.0453125
0 0.515625 0.409375 0.05625 0.0421875
0 0.38671875 0.38515625 0.05625 0.05
0 0.4390625 0.3828125 0.05625 0.04375
0 0.475 0.3796875 0.04375 0.04375
0 0.4578125 0.4171875 0.059375 0.04375
0 0.45 0.46171875 0.0625 0.040625
0 0.4078125 0.43515625 0.0625 0.04375
0 0.34375 0.4328125 0.0609375 0.040625
0 0.33515625 0.475 0.059375 0.04375
0 0.396875 0.47578125 0.0640625 0.040625
0 0.459375 0.51015625 0.0578125 0.04375
0 0.478125 0.55390625 0.0625 0.046875
0 0.490625 0.60546875 0.059375 0.05
0 0.51484375 0.74921875 0.034375 0.0625
0 0.47578125 0.7859375 0.0578125 0.0484375
0 0.453125 0.7453125 0.059375 0.05
0 0.4640625 0.70625 0.059375 0.04375
0 0.4421875 0.67421875 0.0625 0.046875
0 0.47265625 0.6453125 0.059375 0.04375
0 0.440625 0.628125 0.059375 0.046875
0 0.428125 0.584375 0.0640625 0.046875
0 0.39921875 0.51640625 0.0796875 0.053125
0 0.3828125 0.55546875 0.0625 0.04375
0 0.3328125 0.53203125 0.071875 0.0484375
0 0.359375 0.58125 0.065625 0.0484375
0 0.3671875 0.60234375 0.059375 0.0296875
0 0.36953125 0.63671875 0.0625 0.0453125
0 0.3140625 0.61796875 0.06875 0.05
0 0.32421875 0.66328125 0.059375 0.046875
0 0.37890625 0.68046875 0.0578125 0.0484375
0 0.4125 0.7125 0.05625 0.04375
0 0.403125 0.80234375 0.059375 0.046875
0 0.39140625 0.75234375 0.0546875 0.05
0 0.36015625 0.72109375 0.0578125 0.0484375
0 0.31796875 0.709375 0.0640625 0.05
0 0.334375 0.759375 0.053125 0.05
0 0.34453125 0.78359375 0.05625 0.0390625
0 0.45625 0.153125 0.05 0.0375
0 0.47421875 0.2 0.053125 0.040625
0 0.29921875 0.87109375 0.0296875 0.0234375
0 0.2609375 0.8515625 0.028125 0.021875
0 0.2890625 0.84609375 0.03125 0.0234375
0 0.28828125 0.81875 0.0296875 0.025
0 0.278125 0.7984375 0.03125 0.0203125
0 0.0453125 0.47734375 0.034375 0.025
0 0.0515625 0.50703125 0.028125 0.021875
0 0.021875 0.5328125 0.0296875 0.021875
0 0.046875 0.534375 0.021875 0.021875
0 0.04609375 0.55390625 0.0234375 0.0203125
0 0.0421875 0.59921875 0.021875 0.0203125
0 0.03203125 0.62109375 0.021875 0.0203125
0 0.0328125 0.69375 0.03125 0.01875
0 0.053125 0.70703125 0.0296875 0.0171875
0 0.0625 0.71796875 0.03125 0.021875
0 0.08828125 0.7234375 0.0296875 0.01875
0 0.1171875 0.73046875 0.028125 0.0171875
0 0.09296875 0.453125 0.028125 0.0125
0 0.1140625 0.4421875 0.025 0.021875