0 0.11796875 0.90234375 0.1140625 0.121875
0 0.146875 0.76015625 0.1125 0.121875
0 0.03125 0.52421875 0.0625 0.0984375
0 0.18046875 0.6296875 0.1125 0.103125
0 0.1140625 0.52578125 0.11875 0.11875
0 0.10703125 0.4078125 0.121875 0.1140625
0 0.10390625 0.2921875 0.121875 0.1078125
0 0.0921875 0.1625 0.13125 0.109375
0 0.134375 0.0609375 0.128125 0.1109375
0 0.271875 0.92890625 0.1125 0.1171875
0 0.2390625 0.81015625 0.115625 0.125
0 0.3 0.6546875 0.1 0.103125
0 0.28359375 0.5546875 0.115625 0.10625
0 0.24140625 0.45234375 0.1125 0.1109375
0 0.2109375 0.3359375 0.1140625 0.115625
0 0.23515625 0.2265625 0.11875 0.109375
0 0.2484375 0.11328125 0.109375 0.0953125
0 0.24921875 0.034375 0.1 0.0671875
0 0.37109375 0.9546875 0.103125 0.0890625
0 0.37109375 0.84375 0.115625 0.1078125
0 0.3859375 0.71875 0.1109375 0.1109375
0 0.3921875 0.59921875 0.096875 0.109375
0 0.37734375 0.4921875 0.115625 0.1140625
0 0.31171875 0.3859375 0.125 0.10625
0 0.3453125 0.28359375 0.10625 0.10625
0 0.3578125 0.17421875 0.109375 0.1046875
0 0.3484375 0.0515625 0.1109375 0.1
0 0.47578125 0.909375 0.109375 0.1234375
0 0.48515625 0.75859375 0.103125 0.1046875
0 0.48359375 0.6546875 0.103125 0.10625
0 0.48359375 0.54296875 0.1 0.103125
0 0.4875 0.43515625 0.1 0.09375
0 0.44375 0.3265625 0.109375 0.1078125
0 0.45703125 0.20078125 0.115625 0.1125
0 0.446875 0.07421875 0.11875 0.1109375
0 0.60859375 0.94921875 0.1109375 0.0984375
0 0.58671875 0.8296875 0.103125 0.109375
0 0.59140625 0.721875 0.10625 0.1
0 0.59453125 0.61953125 0.1140625 0.11875
0 0.584375 0.503125 0.1 0.1109375
0 0.58203125 0.396875 0.103125 0.1
0 0.5515625 0.28046875 0.121875 0.1
0 0.56875 0.178125 0.096875 0.0984375
0 0.5609375 0.0703125 0.1 0.1125
0 0.7171875 0.93671875 0.1015625 0.0984375
0 0.71171875 0.8453125 0.10625 0.13125
0 0.68125 0.65859375 0.08125 0.096875
0 0.68203125 0.55703125 0.096875 0.10625
0 0.69375 0.44375 0.103125 0.103125
0 0.68046875 0.33984375 0.09375 0.096875
0 0.6765625 0.209375 0.109375 0.109375
0 0.659375 0.10390625 0.1125 0.1125
0 0.65546875 0.025 0.11875 0.05
0 0.8296875 0.9046875 0.11875 0.125
0 0.75859375 0.70078125 0.1 0.09375
0 0.8515625 0.7484375 0.0890625 0.0890625
0 0.775 0.60234375 0.090625 0.09375
0 0.87421875 0.659375 0.09375 0.1109375
0 0.96328125 0.721875 0.071875 0.096875
0 0.95625 0.6046875 0.0875 0.096875
0 0.86875 0.54609375 0.1046875 0.096875
0 0.80703125 0.5015625 0.10625 0.103125
0 0.8796875 0.4375 0.0875 0.096875
0 0.96640625 0.49296875 0.065625 0.109375
0 0.8015625 0.38515625 0.096875 0.1
0 0.96328125 0.37421875 0.0734375 0.10625
0 0.909375 0.31875 0.115625 0.103125
0 0.8 0.26328125 0.11875 0.1140625
0 0.95859375 0.26484375 0.0796875 0.103125
0 0.75859375 0.1671875 0.103125 0.1
0 0.875 0.2140625 0.109375 0.1
0 0.9421875 0.16640625 0.0921875 0.090625
0 0.86796875 0.09375 0.10625 0.1125
0 0.7734375 0.0421875 0.1140625 0.084375