0 0.88203125 0.09765625 0.1140625 0.121875
0 0.853125 0.23984375 0.1125 0.121875
0 0.96875 0.47578125 0.0625 0.0984375
0 0.81953125 0.3703125 0.1125 0.103125
0 0.8859375 0.47421875 0.11875 0.11875
0 0.89296875 0.5921875 0.121875 0.1140625
0 0.89609375 0.7078125 0.121875 0.1078125
0 0.9078125 0.8375 0.13125 0.109375
0 0.865625 0.9390625 0.128125 0.1109375
0 0.728125 0.07109375 0.1125 0.115625
0 0.7609375 0.18984375 0.115625 0.125
0 0.7 0.3453125 0.1 0.103125
0 0.71640625 0.4453125 0.115625 0.10625
0 0.75859375 0.54765625 0.1125 0.1109375
0 0.7890625 0.6640625 0.1140625 0.115625
0 0.76484375 0.7734375 0.11875 0.1109375
0 0.7515625 0.88671875 0.109375 0.0953125
0 0.75078125 0.965625 0.1 0.0671875
0 0.62890625 0.0453125 0.103125 0.0875
0 0.62890625 0.15625 0.115625 0.1078125
0 0.6140625 0.28125 0.1109375 0.1109375
0 0.6078125 0.40078125 0.096875 0.109375
0 0.62265625 0.5078125 0.115625 0.1140625
0 0.68828125 0.6140625 0.125 0.10625
0 0.6546875 0.71640625 0.10625 0.10625
0 0.6421875 0.82578125 0.109375 0.1046875
0 0.6515625 0.9484375 0.1109375 0.1
0 0.52421875 0.090625 0.109375 0.1234375
0 0.51484375 0.24140625 0.103125 0.1046875
0 0.51640625 0.3453125 0.103125 0.10625
0 0.51640625 0.45703125 0.1 0.103125
0 0.5125 0.56484375 0.1 0.09375
0 0.55625 0.6734375 0.109375 0.1078125
0 0.54296875 0.79921875 0.115625 0.1125
0 0.553125 0.92578125 0.11875 0.1109375
0 0.39140625 0.05078125 0.1109375 0.0984375
0 0.41328125 0.1703125 0.103125 0.109375
0 0.40859375 0.278125 0.10625 0.1
0 0.40546875 0.38046875 0.1140625 0.11875
0 0.415625 0.496875 0.1 0.1109375
0 0.41796875 0.603125 0.103125 0.1
0 0.4484375 0.71953125 0.121875 0.1
0 0.43125 0.821875 0.096875 0.0984375
0 0.4390625 0.9296875 0.1 0.1125
0 0.2828125 0.06328125 0.1015625 0.096875
0 0.28828125 0.1546875 0.10625 0.13125
0 0.31875 0.34140625 0.08125 0.096875
0 0.31796875 0.44296875 0.096875 0.10625
0 0.30625 0.55625 0.103125 0.103125
0 0.31953125 0.66015625 0.09375 0.096875
0 0.3234375 0.790625 0.109375 0.109375
0 0.340625 0.89609375 0.1125 0.1125
0 0.34453125 0.975 0.11875 0.05
0 0.1703125 0.0953125 0.11875 0.125
0 0.24140625 0.29921875 0.1 0.09375
0 0.1484375 0.2515625 0.0890625 0.0890625
0 0.225 0.39765625 0.090625 0.09375
0 0.12578125 0.340625 0.09375 0.109375
0 0.03671875 0.278125 0.071875 0.096875
0 0.04375 0.3953125 0.0875 0.096875
0 0.13125 0.45390625 0.1046875 0.096875
0 0.19296875 0.4984375 0.10625 0.103125
0 0.1203125 0.5625 0.0875 0.096875
0 0.03359375 0.50703125 0.065625 0.109375
0 0.1984375 0.61484375 0.096875 0.1
0 0.03671875 0.62578125 0.0734375 0.1046875
0 0.090625 0.68125 0.115625 0.103125
0 0.2 0.73671875 0.11875 0.1140625
0 0.04140625 0.73515625 0.0796875 0.103125
0 0.24140625 0.8328125 0.103125 0.1
0 0.125 0.7859375 0.109375 0.1
0 0.0578125 0.83359375 0.0921875 0.0921875
0 0.13203125 0.90625 0.10625 0.1125
0 0.2265625 0.9578125 0.1140625 0.084375