0 0.03359375 0.3484375 0.053125 0.046875
0 0.07890625 0.34375 0.05 0.046875
0 0.11796875 0.33671875 0.0625 0.0453125
0 0.22265625 0.3390625 0.059375 0.046875
0 0.29296875 0.34140625 0.053125 0.04375
0 0.34765625 0.3453125 0.05625 0.0453125
0 0.40625 0.346875 0.059375 0.04375
0 0.4671875 0.34375 0.05625 0.04375
0 0.53984375 0.34375 0.05625 0.046875
0 0.609375 0.3453125 0.053125 0.0421875
0 0.66484375 0.35 0.05625 0.0453125
0 0.7609375 0.3484375 0.05 0.046875
0 0.81796875 0.3515625 0.0625 0.046875
0 0.88359375 0.35390625 0.059375 0.0421875
0 0.95703125 0.340625 0.053125 0.04375
0 0.028125 0.4328125 0.053125 0.0421875
0 0.07734375 0.4328125 0.040625 0.053125
0 0.18203125 0.43203125 0.05625 0.0421875
0 0.2484375 0.43125 0.05625 0.0421875
0 0.31953125 0.4265625 0.053125 0.0390625
0 0.37109375 0.4296875 0.053125 0.04375
0 0.42109375 0.428125 0.05625 0.040625
0 0.47265625 0.4296875 0.05 0.040625
0 0.52421875 0.43203125 0.053125 0.0421875
0 0.584375 0.43203125 0.059375 0.0421875
0 0.63828125 0.43125 0.053125 0.040625
0 0.6984375 0.4328125 0.053125 0.040625
0 0.74765625 0.4265625 0.05 0.040625
0 0.80234375 0.4296875 0.053125 0.040625
0 0.8546875 0.425 0.05 0.040625
0 0.90390625 0.43125 0.046875 0.04375
0 0.94765625 0.43046875 0.05 0.0390625
0 0.98515625 0.43125 0.028125 0.040625
0 0.03359375 0.5171875 0.05625 0.0421875
0 0.0890625 0.509375 0.053125 0.040625
0 0.14609375 0.5125 0.053125 0.040625
0 0.21171875 0.5109375 0.053125 0.040625
0 0.26953125 0.51015625 0.053125 0.0390625
0 0.3234375 0.5125 0.053125 0.040625
0 0.378125 0.50859375 0.053125 0.0421875
0 0.43046875 0.50625 0.05 0.0375
0 0.47890625 0.51015625 0.05 0.0421875
0 0.53046875 0.51328125 0.05 0.040625
0 0.58046875 0.50859375 0.059375 0.0421875
0 0.63203125 0.5078125 0.05 0.040625
0 0.67890625 0.50625 0.05 0.040625
0 0.76796875 0.5109375 0.05 0.040625
0 0.81875 0.51171875 0.053125 0.040625
0 0.86953125 0.50859375 0.046875 0.0375
0 0.90703125 0.50625 0.046875 0.040625
0 0.95234375 0.5078125 0.046875 0.0375
0 0.98515625 0.5078125 0.028125 0.040625
0 0.01796875 0.57890625 0.034375 0.0390625
0 0.07109375 0.5703125 0.05 0.040625
0 0.115625 0.575 0.046875 0.0375
0 0.16171875 0.57578125 0.05 0.0375
0 0.22734375 0.57109375 0.05 0.0375
0 0.2734375 0.571875 0.046875 0.0375
0 0.3203125 0.571875 0.05 0.0375
0 0.36640625 0.57421875 0.05 0.0390625
0 0.42578125 0.5734375 0.05 0.0375
0 0.47109375 0.5703125 0.046875 0.0375
0 0.5625 0.56953125 0.053125 0.0359375
0 0.6078125 0.575 0.05 0.034375
0 0.65859375 0.571875 0.05 0.0375
0 0.7140625 0.575 0.05 0.0375
0 0.76484375 0.575 0.05 0.0375
0 0.81484375 0.575 0.05 0.0359375
0 0.86640625 0.578125 0.046875 0.040625
0 0.91484375 0.58125 0.046875 0.0375
0 0.9578125 0.578125 0.046875 0.0375
0 0.04296875 0.64375 0.046875 0.0375
0 0.08046875 0.653125 0.053125 0.0375
0 0.14140625 0.6390625 0.05 0.0375
0 0.18359375 0.6515625 0.05 0.0375
0 0.23359375 0.65078125 0.053125 0.0390625
0 0.29140625 0.6578125 0.053125 0.0375
0 0.33828125 0.6375 0.05 0.034375
0 0.38046875 0.6515625 0.046875 0.0359375
0 0.43046875 0.65625 0.053125 0.034375
0 0.478125 0.6421875 0.046875 0.0375
0 0.52578125 0.64375 0.040625 0.0375
0 0.58359375 0.64765625 0.046875 0.0375
0 0.628125 0.64375 0.046875 0.034375
0 0.6703125 0.64296875 0.04375 0.034375
0 0.71640625 0.6421875 0.04375 0.034375
0 0.76015625 0.640625 0.046875 0.034375
0 0.81484375 0.64375 0.046875 0.034375
0 0.859375 0.6421875 0.046875 0.034375
0 0.9265625 0.6421875 0.04375 0.0375
0 0.96953125 0.64453125 0.04375 0.034375
0 0.0625 0.696875 0.046875 0.034375
0 0.1 0.7046875 0.046875 0.034375
0 0.146875 0.70390625 0.04375 0.0359375
0 0.1890625 0.709375 0.046875 0.034375
0 0.2453125 0.70625 0.046875 0.034375
0 0.290625 0.70625 0.053125 0.0375
0 0.34296875 0.7140625 0.046875 0.0375
0 0.39765625 0.7046875 0.05 0.034375
0 0.45703125 0.7125 0.046875 0.0375
0 0.50234375 0.70859375 0.046875 0.0359375
0 0.546875 0.7109375 0.046875 0.034375
0 0.59453125 0.70234375 0.046875 0.0328125
0 0.6640625 0.71640625 0.04375 0.0375
0 0.7140625 0.7203125 0.04375 0.034375
0 0.7578125 0.7125 0.046875 0.0375
0 0.8046875 0.71640625 0.05 0.0390625
0 0.8484375 0.7140625 0.04375 0.034375
0 0.8953125 0.71328125 0.05 0.0375
0 0.96875 0.70390625 0.046875 0.0375
0 0.02109375 0.784375 0.040625 0.0390625
0 0.09296875 0.784375 0.05 0.034375
0 0.146875 0.7859375 0.05 0.0375
0 0.20078125 0.778125 0.040625 0.0375
0 0.2453125 0.7796875 0.04375 0.0359375
0 0.2921875 0.7734375 0.04375 0.034375
0 0.33515625 0.78203125 0.046875 0.034375
0 0.38203125 0.775 0.046875 0.034375
0 0.434375 0.7703125 0.04375 0.034375
0 0.49375 0.7671875 0.05 0.03125
0 0.54296875 0.76875 0.046875 0.03125
0 0.64140625 0.7734375 0.05 0.0375
0 0.70703125 0.77421875 0.05 0.0375
0 0.75390625 0.771875 0.046875 0.0359375
0 0.796875 0.76953125 0.046875 0.034375
0 0.84609375 0.7671875 0.05 0.0375
0 0.88984375 0.7640625 0.04375 0.03125
0 0.934375 0.76796875 0.046875 0.0375
0 0.97734375 0.7703125 0.04375 0.034375
0 0.98828125 0.34921875 0.021875 0.0421875
0 0.9890625 0.5796875 0.01875 0.0375
0 0.009375 0.70078125 0.01875 0.0359375
0 0.58828125 0.76640625 0.04375 0.0296875