0 0.6515625 0.03359375 0.046875 0.053125
0 0.65625 0.07890625 0.046875 0.05
0 0.66328125 0.11796875 0.0453125 0.0625
0 0.6609375 0.22265625 0.046875 0.059375
0 0.65859375 0.29296875 0.04375 0.053125
0 0.6546875 0.34765625 0.0453125 0.05625
0 0.653125 0.40625 0.04375 0.059375
0 0.65625 0.4671875 0.04375 0.05625
0 0.65625 0.53984375 0.046875 0.05625
0 0.6546875 0.609375 0.0421875 0.053125
0 0.65 0.66484375 0.0453125 0.05625
0 0.6515625 0.7609375 0.046875 0.05
0 0.6484375 0.81796875 0.046875 0.0625
0 0.64609375 0.88359375 0.0421875 0.0609375
0 0.659375 0.95703125 0.04375 0.053125
0 0.5671875 0.028125 0.0421875 0.053125
0 0.5671875 0.07734375 0.053125 0.040625
0 0.56796875 0.18203125 0.0421875 0.05625
0 0.56875 0.2484375 0.0421875 0.05625
0 0.5734375 0.31953125 0.0390625 0.053125
0 0.5703125 0.37109375 0.04375 0.053125
0 0.571875 0.42109375 0.040625 0.05625
0 0.5703125 0.47265625 0.040625 0.05
0 0.56796875 0.52421875 0.0421875 0.053125
0 0.56796875 0.584375 0.0421875 0.059375
0 0.56875 0.63828125 0.040625 0.053125
0 0.5671875 0.6984375 0.040625 0.053125
0 0.5734375 0.74765625 0.040625 0.05
0 0.5703125 0.80234375 0.040625 0.053125
0 0.575 0.8546875 0.040625 0.05
0 0.56875 0.90390625 0.04375 0.046875
0 0.56953125 0.94765625 0.0390625 0.05
0 0.56875 0.98515625 0.040625 0.028125
0 0.4828125 0.03359375 0.0421875 0.05625
0 0.490625 0.0890625 0.040625 0.053125
0 0.4875 0.14609375 0.040625 0.053125
0 0.4890625 0.21171875 0.040625 0.053125
0 0.48984375 0.26953125 0.0390625 0.053125
0 0.4875 0.3234375 0.040625 0.053125
0 0.49140625 0.378125 0.0421875 0.053125
0 0.49375 0.43046875 0.0375 0.05
0 0.48984375 0.47890625 0.0421875 0.05
0 0.48671875 0.53046875 0.040625 0.05
0 0.49140625 0.58046875 0.0421875 0.059375
0 0.4921875 0.63203125 0.040625 0.05
0 0.49375 0.67890625 0.040625 0.05
0 0.4890625 0.76796875 0.040625 0.05
0 0.48828125 0.81875 0.040625 0.053125
0 0.49140625 0.86953125 0.0375 0.046875
0 0.49375 0.90703125 0.040625 0.046875
0 0.4921875 0.95234375 0.0375 0.046875
0 0.4921875 0.98515625 0.040625 0.028125
0 0.42109375 0.01796875 0.0390625 0.034375
0 0.4296875 0.07109375 0.040625 0.05
0 0.425 0.115625 0.0375 0.046875
0 0.42421875 0.16171875 0.0375 0.05
0 0.42890625 0.22734375 0.0375 0.05
0 0.428125 0.2734375 0.0375 0.046875
0 0.428125 0.3203125 0.0375 0.05
0 0.42578125 0.36640625 0.0390625 0.05
0 0.4265625 0.42578125 0.0375 0.05
0 0.4296875 0.47109375 0.0375 0.046875
0 0.43046875 0.5625 0.0359375 0.053125
0 0.425 0.6078125 0.034375 0.05
0 0.428125 0.65859375 0.0375 0.05
0 0.425 0.7140625 0.0375 0.05
0 0.425 0.76484375 0.0375 0.05
0 0.425 0.81484375 0.0359375 0.05
0 0.421875 0.86640625 0.040625 0.046875
0 0.41875 0.91484375 0.0375 0.046875
0 0.421875 0.9578125 0.0375 0.046875
0 0.35625 0.04296875 0.0375 0.046875
0 0.346875 0.08046875 0.0375 0.053125
0 0.3609375 0.14140625 0.0375 0.05
0 0.3484375 0.18359375 0.0375 0.05
0 0.34921875 0.23359375 0.0390625 0.053125
0 0.3421875 0.29140625 0.0375 0.053125
0 0.3625 0.33828125 0.034375 0.05
0 0.3484375 0.38046875 0.0359375 0.046875
0 0.34375 0.43046875 0.034375 0.053125
0 0.3578125 0.478125 0.0375 0.046875
0 0.35625 0.52578125 0.0375 0.040625
0 0.35234375 0.58359375 0.0375 0.046875
0 0.35625 0.628125 0.034375 0.046875
0 0.35703125 0.6703125 0.034375 0.04375
0 0.3578125 0.71640625 0.034375 0.04375
0 0.359375 0.76015625 0.034375 0.046875
0 0.35625 0.81484375 0.034375 0.046875
0 0.3578125 0.859375 0.034375 0.046875
0 0.3578125 0.9265625 0.0375 0.04375
0 0.35546875 0.96953125 0.034375 0.04375
0 0.303125 0.0625 0.034375 0.046875
0 0.2953125 0.1 0.034375 0.046875
0 0.29609375 0.146875 0.0359375 0.04375
0 0.290625 0.1890625 0.034375 0.046875
0 0.29375 0.2453125 0.034375 0.046875
0 0.29375 0.290625 0.0375 0.053125
0 0.2859375 0.34296875 0.0375 0.046875
0 0.2953125 0.39765625 0.034375 0.05
0 0.2875 0.45703125 0.0375 0.046875
0 0.29140625 0.50234375 0.0359375 0.046875
0 0.2890625 0.546875 0.034375 0.046875
0 0.29765625 0.59453125 0.0328125 0.046875
0 0.28359375 0.6640625 0.0375 0.04375
0 0.2796875 0.7140625 0.034375 0.04375
0 0.2875 0.7578125 0.0375 0.046875
0 0.28359375 0.8046875 0.0390625 0.0484375
0 0.2859375 0.8484375 0.034375 0.04375
0 0.28671875 0.8953125 0.0375 0.0515625
0 0.29609375 0.96875 0.0375 0.046875
0 0.215625 0.02109375 0.0390625 0.040625
0 0.215625 0.09296875 0.034375 0.05
0 0.2140625 0.146875 0.0375 0.05
0 0.221875 0.20078125 0.0375 0.040625
0 0.2203125 0.2453125 0.0359375 0.04375
0 0.2265625 0.2921875 0.034375 0.04375
0 0.21796875 0.33515625 0.034375 0.046875
0 0.225 0.38203125 0.034375 0.046875
0 0.2296875 0.434375 0.034375 0.04375
0 0.2328125 0.49375 0.03125 0.05
0 0.23125 0.54296875 0.03125 0.046875
0 0.2265625 0.64140625 0.0375 0.05
0 0.22578125 0.70703125 0.0375 0.05
0 0.228125 0.75390625 0.0359375 0.046875
0 0.23046875 0.796875 0.034375 0.0453125
0 0.2328125 0.84609375 0.0375 0.05
0 0.2359375 0.88984375 0.03125 0.0453125
0 0.23203125 0.934375 0.0375 0.046875
0 0.2296875 0.97734375 0.034375 0.04375
0 0.65078125 0.98828125 0.0421875 0.021875
0 0.4203125 0.9890625 0.0375 0.0203125
0 0.29921875 0.009375 0.0359375 0.01875
0 0.23359375 0.58828125 0.0296875 0.04375