0 0.015625 0.4515625 0.03125 0.08125
0 0.07421875 0.42109375 0.059375 0.071875
0 0.06875 0.51484375 0.059375 0.075
0 0.0671875 0.59765625 0.065625 0.075
0 0.1234375 0.3 0.065625 0.084375
0 0.1390625 0.38828125 0.065625 0.084375
0 0.1265625 0.47109375 0.065625 0.08125
0 0.12421875 0.5484375 0.06875 0.08125
0 0.125 0.6296875 0.06875 0.0828125
0 0.1203125 0.71796875 0.065625 0.08125
0 0.1890625 0.33046875 0.06875 0.0875
0 0.196875 0.43359375 0.06875 0.0875
0 0.1890625 0.53828125 0.065625 0.075
0 0.2125 0.61640625 0.065625 0.075
0 0.184375 0.6921875 0.05625 0.075
0 0.159375 0.78125 0.059375 0.078125
0 0.240625 0.19453125 0.0625 0.08125
0 0.2234375 0.26484375 0.059375 0.075
0 0.253125 0.33359375 0.0625 0.071875
0 0.25703125 0.41484375 0.053125 0.05625
0 0.253125 0.50625 0.046875 0.078125
0 0.27890625 0.59296875 0.05625 0.06875
0 0.253125 0.675 0.05625 0.071875
0 0.234375 0.75546875 0.05625 0.071875
0 0.20625 0.83359375 0.0625 0.0859375
0 0.2546875 0.8828125 0.05625 0.075
0 0.28125 0.11640625 0.0625 0.078125
0 0.32578125 0.078125 0.053125 0.06875
0 0.3171875 0.19453125 0.05625 0.065625
0 0.34921875 0.25078125 0.0515625 0.065625
0 0.33125 0.3203125 0.0609375 0.075
0 0.321875 0.39296875 0.0578125 0.075
0 0.30234375 0.46796875 0.059375 0.075
0 0.32890625 0.53515625 0.0609375 0.075
0 0.31484375 0.65546875 0.059375 0.078125
0 0.3 0.734375 0.0640625 0.078125
0 0.2984375 0.81796875 0.065625 0.0875
0 0.3203125 0.89609375 0.065625 0.0828125
0 0.41171875 0.14296875 0.0453125 0.065625
0 0.39765625 0.20546875 0.053125 0.065625
0 0.409375 0.27578125 0.053125 0.078125
0 0.41796875 0.34921875 0.05625 0.075
0 0.38671875 0.4125 0.0609375 0.078125
0 0.359375 0.47421875 0.0625 0.08125
0 0.359375 0.59609375 0.0609375 0.075
0 0.3640625 0.73359375 0.065625 0.084375
0 0.3609375 0.81484375 0.065625 0.084375
0 0.3859375 0.89453125 0.059375 0.0765625
0 0.4171875 0.03984375 0.05 0.06875
0 0.39296875 0.53359375 0.0625 0.071875
0 0.421875 0.4703125 0.0625 0.075
0 0.39453125 0.6625 0.0609375 0.084375
0 0.425 0.596875 0.059375 0.078125
0 0.428125 0.73203125 0.0625 0.084375
0 0.41875 0.81171875 0.0625 0.084375
0 0.44921875 0.88203125 0.0640625 0.08125
0 0.465625 0.04375 0.05 0.0625
0 0.4578125 0.09921875 0.059375 0.071875
0 0.4578125 0.1796875 0.053125 0.06875
0 0.45 0.2515625 0.05 0.071875
0 0.47265625 0.31328125 0.05625 0.071875
0 0.45390625 0.40703125 0.059375 0.078125
0 0.4515625 0.53203125 0.059375 0.078125
0 0.45859375 0.65859375 0.0640625 0.08125
0 0.4765625 0.76328125 0.053125 0.078125
0 0.52109375 0.06953125 0.05625 0.075
0 0.5046875 0.1453125 0.05625 0.075
0 0.5015625 0.22265625 0.0625 0.071875
0 0.5328125 0.2796875 0.0578125 0.071875
0 0.5171875 0.3484375 0.0515625 0.065625
0 0.5125 0.4125 0.05625 0.071875
0 0.48125 0.4703125 0.05625 0.071875
0 0.52578125 0.51484375 0.059375 0.078125
0 0.4921875 0.5875 0.059375 0.0875
0 0.5109375 0.68515625 0.053125 0.075
0 0.5 0.8375 0.059375 0.078125
0 0.53515625 0.7625 0.05625 0.071875
0 0.5578125 0.12421875 0.053125 0.075
0 0.546875 0.19453125 0.05625 0.075
0 0.571875 0.25234375 0.05 0.071875
0 0.5625 0.334375 0.05625 0.071875
0 0.559375 0.39765625 0.05 0.071875
0 0.5515625 0.46171875 0.053125 0.071875
0 0.5515625 0.63125 0.0609375 0.075
0 0.56484375 0.69921875 0.046875 0.075
0 0.59375 0.17890625 0.05625 0.065625
0 0.6171875 0.2390625 0.0515625 0.0625
0 0.6109375 0.365625 0.0515625 0.06875
0 0.590625 0.50078125 0.05625 0.071875
0 0.60546875 0.61796875 0.053125 0.078125
0 0.65703125 0.27734375 0.0546875 0.06875
0 0.6578125 0.34453125 0.046875 0.065625
0 0.6546875 0.41484375 0.053125 0.075
0 0.640625 0.4859375 0.05 0.075
0 0.63125 0.55390625 0.053125 0.065625
0 0.38046875 0.0859375 0.05625 0.075
0 0.6125 0.30078125 0.05625 0.06875
0 0.6046875 0.4359375 0.053125 0.075
0 0.56875 0.56171875 0.05625 0.075