0 0.93046875 0.07578125 0.071875 0.071875
0 0.87265625 0.0453125 0.078125 0.0875
0 0.78515625 0.0484375 0.09375 0.084375
0 0.69375 0.01953125 0.075 0.0375
0 0.61484375 0.0234375 0.08125 0.046875
0 0.53828125 0.0171875 0.1 0.034375
0 0.44296875 0.0296875 0.096875 0.059375
0 0.3484375 0.0265625 0.103125 0.053125
0 0.6859375 0.109375 0.0875 0.0875
0 0.60234375 0.09296875 0.0875 0.090625
0 0.52421875 0.07265625 0.096875 0.0890625
0 0.95078125 0.1375 0.078125 0.0828125
0 0.76328125 0.146875 0.08125 0.078125
0 0.84609375 0.16953125 0.090625 0.075
0 0.3546875 0.11015625 0.09375 0.0828125
0 0.2578125 0.121875 0.1 0.0875
0 0.1515625 0.1375 0.1 0.0875
0 0.4390625 0.1578125 0.084375 0.08125
0 0.53515625 0.17421875 0.096875 0.090625
0 0.61953125 0.1734375 0.090625 0.078125
0 0.70078125 0.19609375 0.0875 0.071875
0 0.81484375 0.22109375 0.090625 0.0796875
0 0.92890625 0.2265625 0.0875 0.071875
0 0.35078125 0.18828125 0.103125 0.090625
0 0.25078125 0.20859375 0.1 0.0875
0 0.14609375 0.2203125 0.09375 0.1
0 0.0453125 0.21640625 0.0875 0.1
0 0.9 0.3046875 0.109375 0.08125
0 0.72421875 0.26953125 0.096875 0.084375
0 0.62734375 0.25 0.090625 0.0875
0 0.5375 0.2703125 0.0875 0.0890625
0 0.44140625 0.2375 0.09375 0.0875
0 0.3203125 0.26796875 0.096875 0.0921875
0 0.228125 0.30625 0.090625 0.09375
0 0.1359375 0.3234375 0.090625 0.084375
0 0.04296875 0.36875 0.084375 0.1046875
0 0.76796875 0.32890625 0.0875 0.08125
0 0.925 0.3875 0.0875 0.0875
0 0.8546875 0.38515625 0.090625 0.078125
0 0.7078125 0.35625 0.0875 0.0703125
0 0.62109375 0.34140625 0.0875 0.078125
0 0.53359375 0.359375 0.084375 0.0875
0 0.4515625 0.32421875 0.090625 0.1
0 0.3625 0.35703125 0.090625 0.09375
0 0.2828125 0.40703125 0.096875 0.0890625
0 0.1875 0.39296875 0.09375 0.0828125
0 0.08828125 0.446875 0.10625 0.0921875
0 0.01640625 0.46953125 0.03125 0.096875
0 0.915625 0.465625 0.084375 0.0765625
0 0.84296875 0.465625 0.090625 0.08125
0 0.77109375 0.421875 0.08125 0.08125
0 0.69765625 0.434375 0.090625 0.0828125
0 0.60546875 0.4203125 0.0875 0.0875
0 0.78203125 0.50703125 0.09375 0.0875
0 0.52265625 0.45859375 0.09375 0.090625
0 0.43984375 0.41796875 0.10625 0.08125
0 0.35 0.4671875 0.090625 0.0828125
0 0.26796875 0.51796875 0.096875 0.084375
0 0.16640625 0.55234375 0.10625 0.096875
0 0.0578125 0.5421875 0.1125 0.1
0 0.67578125 0.5234375 0.0875 0.0796875
0 0.6 0.503125 0.1 0.0875
0 0.92734375 0.54453125 0.084375 0.084375
0 0.85390625 0.546875 0.0875 0.075
0 0.74296875 0.58984375 0.084375 0.0765625
0 0.68984375 0.60390625 0.090625 0.084375
0 0.596875 0.59765625 0.090625 0.0875
0 0.51484375 0.54453125 0.078125 0.084375
0 0.4296875 0.51796875 0.1 0.0796875
0 0.4625 0.61796875 0.103125 0.090625
0 0.35703125 0.5921875 0.096875 0.08125
0 0.24296875 0.6125 0.109375 0.0875
0 0.14296875 0.646875 0.1 0.0921875
0 0.03671875 0.6328125 0.071875 0.096875
0 0.93046875 0.6265625 0.084375 0.078125
0 0.83046875 0.63515625 0.075 0.078125
0 0.78203125 0.68359375 0.0875 0.084375
0 0.7015625 0.7015625 0.084375 0.0875
0 0.60390625 0.69375 0.084375 0.0875
0 0.49375 0.6828125 0.09375 0.084375
0 0.39765625 0.696875 0.1 0.084375
0 0.29921875 0.68515625 0.103125 0.0875
0 0.134375 0.7390625 0.115625 0.1015625
0 0.82890625 0.7109375 0.08125 0.08125
0 0.915625 0.7421875 0.090625 0.0828125
0 0.91328125 0.82890625 0.08125 0.075
0 0.83984375 0.8109375 0.078125 0.08125
0 0.74140625 0.7828125 0.090625 0.0828125
0 0.646875 0.77734375 0.09375 0.0828125
0 0.54765625 0.7671875 0.090625 0.090625
0 0.45390625 0.77265625 0.1 0.0875
0 0.3359375 0.778125 0.096875 0.0921875
0 0.23359375 0.77109375 0.10625 0.1
0 0.03828125 0.85078125 0.075 0.103125
0 0.03515625 0.95078125 0.06875 0.0875
0 0.92265625 0.928125 0.103125 0.0796875
0 0.77890625 0.86484375 0.084375 0.0875
0 0.81953125 0.93515625 0.08125 0.084375
0 0.70703125 0.875 0.09375 0.084375
0 0.58046875 0.85 0.090625 0.08125
0 0.48203125 0.853125 0.096875 0.08125
0 0.37890625 0.85859375 0.09375 0.09375
0 0.2625 0.86328125 0.103125 0.096875
0 0.15390625 0.853125 0.115625 0.1
0 0.73515625 0.94453125 0.09375 0.0921875
0 0.6328125 0.93671875 0.084375 0.0890625
0 0.54140625 0.93046875 0.0875 0.0875
0 0.44296875 0.946875 0.10625 0.0953125
0 0.30703125 0.94921875 0.103125 0.096875
0 0.17578125 0.95 0.10625 0.096875