0 0.07578125 0.06953125 0.071875 0.071875
0 0.0453125 0.12734375 0.0875 0.078125
0 0.0484375 0.21484375 0.084375 0.09375
0 0.01953125 0.30625 0.0375 0.075
0 0.0234375 0.38515625 0.046875 0.08125
0 0.0171875 0.46171875 0.034375 0.1
0 0.0296875 0.55703125 0.059375 0.096875
0 0.0265625 0.6515625 0.053125 0.103125
0 0.109375 0.3140625 0.0875 0.0875
0 0.09296875 0.39765625 0.090625 0.0875
0 0.07265625 0.47578125 0.0890625 0.096875
0 0.1375 0.04921875 0.0828125 0.078125
0 0.146875 0.23671875 0.078125 0.08125
0 0.16953125 0.15390625 0.075 0.090625
0 0.11015625 0.6453125 0.0828125 0.09375
0 0.121875 0.7421875 0.0875 0.1015625
0 0.1375 0.8484375 0.0875 0.1015625
0 0.1578125 0.5609375 0.08125 0.084375
0 0.17421875 0.46484375 0.090625 0.096875
0 0.1734375 0.38046875 0.078125 0.090625
0 0.19609375 0.29921875 0.071875 0.0875
0 0.22109375 0.18515625 0.0796875 0.090625
0 0.2265625 0.07109375 0.071875 0.0875
0 0.18828125 0.64921875 0.090625 0.103125
0 0.20859375 0.74921875 0.0875 0.1
0 0.2203125 0.85390625 0.1 0.09375
0 0.21640625 0.9546875 0.1 0.0890625
0 0.3046875 0.1 0.08125 0.109375
0 0.26953125 0.27578125 0.084375 0.096875
0 0.25 0.37265625 0.0875 0.090625
0 0.2703125 0.4625 0.0890625 0.0875
0 0.2375 0.55859375 0.0875 0.09375
0 0.26796875 0.6796875 0.0921875 0.096875
0 0.30625 0.771875 0.09375 0.090625
0 0.3234375 0.8640625 0.084375 0.090625
0 0.36875 0.95703125 0.1046875 0.084375
0 0.32890625 0.23203125 0.08125 0.0875
0 0.3875 0.075 0.0875 0.0875
0 0.38515625 0.1453125 0.078125 0.090625
0 0.35625 0.2921875 0.0703125 0.0875
0 0.34140625 0.37890625 0.078125 0.0875
0 0.359375 0.46640625 0.0875 0.084375
0 0.32421875 0.5484375 0.1 0.090625
0 0.35703125 0.6375 0.09375 0.090625
0 0.40703125 0.7171875 0.0890625 0.096875
0 0.39296875 0.8125 0.0828125 0.09375
0 0.446875 0.91171875 0.0921875 0.10625
0 0.46953125 0.98359375 0.096875 0.03125
0 0.465625 0.084375 0.0765625 0.084375
0 0.465625 0.15703125 0.08125 0.090625
0 0.421875 0.22890625 0.08125 0.08125
0 0.434375 0.30234375 0.0828125 0.090625
0 0.4203125 0.39453125 0.0875 0.0875
0 0.50703125 0.21796875 0.0875 0.09375
0 0.45859375 0.47734375 0.090625 0.09375
0 0.41796875 0.56015625 0.08125 0.10625
0 0.4671875 0.65 0.0828125 0.090625
0 0.51796875 0.73203125 0.084375 0.096875
0 0.55234375 0.83359375 0.096875 0.10625
0 0.5421875 0.9421875 0.1 0.1125
0 0.5234375 0.32421875 0.0796875 0.0875
0 0.503125 0.4 0.0875 0.1
0 0.54453125 0.07265625 0.084375 0.084375
0 0.546875 0.14609375 0.075 0.0875
0 0.58984375 0.25703125 0.0765625 0.084375
0 0.60390625 0.31015625 0.084375 0.090625
0 0.59765625 0.403125 0.0875 0.090625
0 0.54453125 0.48515625 0.084375 0.078125
0 0.51796875 0.5703125 0.0796875 0.1
0 0.61796875 0.5375 0.090625 0.103125
0 0.5921875 0.64296875 0.08125 0.096875
0 0.6125 0.75703125 0.0875 0.109375
0 0.646875 0.85703125 0.0921875 0.1
0 0.6328125 0.96328125 0.096875 0.071875
0 0.6265625 0.06953125 0.078125 0.084375
0 0.63515625 0.16953125 0.078125 0.075
0 0.68359375 0.21796875 0.084375 0.0875
0 0.7015625 0.2984375 0.0875 0.084375
0 0.69375 0.39609375 0.0875 0.084375
0 0.6828125 0.50625 0.084375 0.09375
0 0.696875 0.60234375 0.084375 0.1
0 0.68515625 0.70078125 0.0875 0.103125
0 0.7390625 0.865625 0.1015625 0.115625
0 0.7109375 0.17109375 0.08125 0.08125
0 0.7421875 0.084375 0.0828125 0.090625
0 0.82890625 0.08671875 0.075 0.08125
0 0.8109375 0.16015625 0.08125 0.078125
0 0.7828125 0.25859375 0.0828125 0.090625
0 0.77734375 0.353125 0.0828125 0.09375
0 0.7671875 0.45234375 0.090625 0.090625
0 0.77265625 0.54609375 0.0875 0.1
0 0.778125 0.6640625 0.0921875 0.096875
0 0.77109375 0.76640625 0.1 0.10625
0 0.85078125 0.96171875 0.103125 0.075
0 0.95078125 0.96484375 0.0875 0.06875
0 0.928125 0.07734375 0.0796875 0.103125
0 0.86484375 0.22109375 0.0875 0.084375
0 0.93515625 0.18046875 0.084375 0.08125
0 0.875 0.29296875 0.084375 0.09375
0 0.85 0.41953125 0.08125 0.090625
0 0.853125 0.51796875 0.08125 0.096875
0 0.85859375 0.62109375 0.09375 0.09375
0 0.86328125 0.7375 0.096875 0.103125
0 0.853125 0.84609375 0.1 0.115625
0 0.94453125 0.26484375 0.0921875 0.09375
0 0.93671875 0.3671875 0.0890625 0.084375
0 0.93046875 0.45859375 0.0875 0.0875
0 0.946875 0.55703125 0.0953125 0.1046875
0 0.94921875 0.69296875 0.096875 0.103125
0 0.95 0.82421875 0.096875 0.1078125