0 0.15390625 0.7328125 0.0625 0.0796875
0 0.24140625 0.92734375 0.046875 0.06875
0 0.21640625 0.80859375 0.0625 0.0828125
0 0.115625 0.13046875 0.046875 0.04375
0 0.153125 0.04453125 0.040625 0.04375
0 0.21875 0.02421875 0.034375 0.034375
0 0.1734375 0.10625 0.046875 0.0484375
0 0.178125 0.165625 0.046875 0.0515625
0 0.184375 0.221875 0.0484375 0.046875
0 0.19453125 0.2921875 0.046875 0.0515625
0 0.1921875 0.3875 0.046875 0.05625
0 0.2375 0.66171875 0.059375 0.0796875
0 0.3 0.9625 0.05 0.071875
0 0.290625 0.8484375 0.046875 0.08125
0 0.29921875 0.71875 0.05 0.071875
0 0.27265625 0.62421875 0.046875 0.071875
0 0.2703125 0.53359375 0.04375 0.0625
0 0.2609375 0.4296875 0.05 0.059375
0 0.24609375 0.36796875 0.046875 0.05625
0 0.253125 0.25390625 0.05 0.04375
0 0.2515625 0.16015625 0.046875 0.0484375
0 0.2421875 0.10390625 0.046875 0.04375
0 0.253125 0.06796875 0.040625 0.040625
0 0.27109375 0.05625 0.0375 0.040625
0 0.296875 0.0765625 0.028125 0.0453125
0 0.28515625 0.11640625 0.040625 0.046875
0 0.28984375 0.18984375 0.040625 0.05
0 0.2859375 0.27578125 0.0375 0.059375
0 0.30390625 0.3359375 0.040625 0.059375
0 0.3140625 0.3984375 0.04375 0.0609375
0 0.31328125 0.49765625 0.046875 0.065625
0 0.3203125 0.590625 0.046875 0.0625
0 0.3359375 0.66640625 0.046875 0.0609375
0 0.34296875 0.77734375 0.046875 0.075
0 0.346875 0.88046875 0.046875 0.078125
0 0.4125 0.92109375 0.046875 0.0765625
0 0.39140625 0.82109375 0.04375 0.0703125
0 0.384375 0.71953125 0.04375 0.06875
0 0.3703125 0.6328125 0.04375 0.059375
0 0.3625 0.546875 0.040625 0.059375
0 0.35078125 0.4765625 0.040625 0.0625
0 0.3390625 0.409375 0.034375 0.05625
0 0.346875 0.30078125 0.0390625 0.0515625
0 0.32421875 0.26796875 0.040625 0.04375
0 0.32734375 0.1765625 0.04375 0.0453125
0 0.3296875 0.078125 0.0375 0.0515625
0 0.3609375 0.09296875 0.03125 0.04375
0 0.375 0.13828125 0.034375 0.046875
0 0.384375 0.10859375 0.034375 0.03125
0 0.3703125 0.2359375 0.034375 0.053125
0 0.37734375 0.30625 0.03125 0.053125
0 0.3984375 0.3078125 0.025 0.046875
0 0.390625 0.3578125 0.0359375 0.05
0 0.40625 0.421875 0.0328125 0.053125
0 0.42890625 0.41875 0.034375 0.0546875
0 0.4234375 0.4875 0.0375 0.05625
0 0.453125 0.46875 0.03125 0.0546875
0 0.440625 0.56328125 0.0390625 0.059375
0 0.459375 0.53828125 0.034375 0.0515625
0 0.4625 0.64453125 0.040625 0.059375
0 0.47734375 0.6125 0.034375 0.05625
0 0.453125 0.75 0.0390625 0.0609375
0 0.4796875 0.70859375 0.0375 0.06875
0 0.4734375 0.8453125 0.034375 0.065625
0 0.5078125 0.8828125 0.034375 0.0734375
0 0.496875 0.7828125 0.0375 0.0625
0 0.515625 0.74296875 0.034375 0.059375
0 0.5375 0.821875 0.0375 0.065625
0 0.5703125 0.86015625 0.03125 0.06875
0 0.6078125 0.79921875 0.034375 0.059375
0 0.5765625 0.76875 0.034375 0.05625
0 0.5546875 0.69140625 0.0375 0.0609375
0 0.5171875 0.64921875 0.034375 0.05625
0 0.5359375 0.62109375 0.03125 0.0515625
0 0.5328125 0.5453125 0.028125 0.04375
0 0.4796875 0.43828125 0.028125 0.0453125
0 0.49453125 0.43125 0.0265625 0.04375
0 0.465625 0.38125 0.03125 0.04375
0 0.43828125 0.31796875 0.034375 0.046875
0 0.4 0.1421875 0.028125 0.034375
0 0.4109375 0.19453125 0.028125 0.040625
0 0.4171875 0.15859375 0.025 0.034375
0 0.44296875 0.25625 0.028125 0.046875
0 0.43671875 0.19296875 0.028125 0.0375
0 0.44375 0.15546875 0.028125 0.034375
0 0.45 0.21171875 0.025 0.0375
0 0.46640625 0.2453125 0.028125 0.040625
0 0.4671875 0.3 0.0296875 0.04375
0 0.5 0.35 0.028125 0.040625
0 0.5125 0.3390625 0.028125 0.0421875
0 0.49921875 0.28984375 0.028125 0.040625
0 0.48984375 0.17578125 0.028125 0.0453125
0 0.5078125 0.17421875 0.028125 0.0375
0 0.50234375 0.2203125 0.0265625 0.0375
0 0.51953125 0.21796875 0.025 0.0359375
0 0.53515625 0.22109375 0.01875 0.034375
0 0.56640625 0.19375 0.0234375 0.0359375
0 0.53046875 0.265625 0.0265625 0.0375
0 0.54375 0.26484375 0.021875 0.0375
0 0.57109375 0.2453125 0.021875 0.03125
0 0.5890625 0.2359375 0.0203125 0.0375
0 0.60078125 0.23515625 0.01875 0.034375
0 0.5453125 0.31328125 0.028125 0.034375
0 0.559375 0.30859375 0.025 0.0375
0 0.5859375 0.284375 0.021875 0.034375
0 0.59609375 0.2890625 0.009375 0.0328125
0 0.6046875 0.2828125 0.021875 0.03125
0 0.53359375 0.39453125 0.028125 0.04375
0 0.54375 0.38046875 0.0265625 0.0390625
0 0.56484375 0.3640625 0.025 0.0375
0 0.60234375 0.32734375 0.0234375 0.0375
0 0.6140625 0.32421875 0.01875 0.0375
0 0.4796875 0.51953125 0.0359375 0.046875
0 0.52890625 0.46953125 0.0296875 0.0453125
0 0.5515625 0.4421875 0.028125 0.0390625
0 0.56640625 0.43046875 0.028125 0.040625
0 0.57109375 0.409375 0.03125 0.015625
0 0.603125 0.3859375 0.025 0.03125
0 0.61328125 0.37890625 0.021875 0.034375
0 0.6234375 0.3703125 0.025 0.034375
0 0.546875 0.5234375 0.028125 0.04375
0 0.5703125 0.5 0.028125 0.04375
0 0.58984375 0.47578125 0.025 0.0453125
0 0.61953125 0.43125 0.0265625 0.0390625
0 0.63203125 0.42265625 0.021875 0.0359375
0 0.63671875 0.40390625 0.021875 0.021875
0 0.56796875 0.58125 0.0296875 0.046875
0 0.57734375 0.5625 0.028125 0.046875
0 0.61171875 0.52421875 0.028125 0.0421875
0 0.64140625 0.48671875 0.025 0.0375
0 0.6484375 0.46796875 0.025 0.0359375
0 0.659375 0.45078125 0.0234375 0.0375
0 0.5875 0.6453125 0.03125 0.053125
0 0.5984375 0.61640625 0.028125 0.040625
0 0.60625 0.59375 0.0234375 0.040625
0 0.63828125 0.5546875 0.025 0.040625
0 0.653125 0.53515625 0.0234375 0.040625
0 0.665625 0.50390625 0.025 0.0375
0 0.66640625 0.5671875 0.025 0.028125
0 0.6703125 0.5875 0.025 0.040625
0 0.6578125 0.61328125 0.025 0.046875
0 0.67265625 0.62890625 0.021875 0.040625
0 0.61015625 0.71484375 0.028125 0.053125
0 0.615625 0.67890625 0.028125 0.04375
0 0.62578125 0.6515625 0.025 0.04375
0 0.63671875 0.74765625 0.0265625 0.05
0 0.64375 0.71484375 0.0265625 0.0515625
0 0.65390625 0.68203125 0.025 0.04375
0 0.6640625 0.6515625 0.025 0.040625
0 0.66015625 0.82421875 0.028125 0.05625
0 0.66953125 0.77890625 0.025 0.05625
0 0.66171875 0.74453125 0.028125 0.04375
0 0.665625 0.71640625 0.021875 0.046875
0 0.6859375 0.8125 0.025 0.053125
0 0.68515625 0.77578125 0.021875 0.046875
0 0.725 0.79453125 0.0234375 0.0484375
0 0.71640625 0.73359375 0.028125 0.046875
0 0.70625 0.6734375 0.028125 0.046875
0 0.89296875 0.9375 0.0375 0.059375
0 0.7734375 0.9703125 0.040625 0.059375
0 0.73125 0.984375 0.040625 0.028125
0 0.85625 0.98515625 0.0375 0.0296875