0 0.84609375 0.2671875 0.0625 0.078125
0 0.75859375 0.07265625 0.046875 0.06875
0 0.78359375 0.19140625 0.0625 0.08125
0 0.884375 0.86953125 0.046875 0.04375
0 0.846875 0.95546875 0.040625 0.04375
0 0.78125 0.97578125 0.034375 0.034375
0 0.8265625 0.89375 0.046875 0.0484375
0 0.821875 0.834375 0.046875 0.0515625
0 0.815625 0.778125 0.0484375 0.0484375
0 0.80546875 0.7078125 0.046875 0.0515625
0 0.8078125 0.6125 0.046875 0.05625
0 0.7625 0.33828125 0.059375 0.0796875
0 0.7 0.0375 0.05 0.071875
0 0.709375 0.1515625 0.046875 0.08125
0 0.70078125 0.28125 0.05 0.071875
0 0.72734375 0.37578125 0.046875 0.071875
0 0.7296875 0.46640625 0.04375 0.0625
0 0.7390625 0.5703125 0.05 0.059375
0 0.75390625 0.63203125 0.046875 0.05625
0 0.746875 0.74609375 0.05 0.04375
0 0.7484375 0.83984375 0.046875 0.0484375
0 0.7578125 0.89609375 0.046875 0.04375
0 0.746875 0.93203125 0.040625 0.0421875
0 0.72890625 0.94375 0.0375 0.040625
0 0.703125 0.9234375 0.028125 0.0453125
0 0.71484375 0.88359375 0.040625 0.046875
0 0.71015625 0.81015625 0.040625 0.05
0 0.7140625 0.72421875 0.0375 0.059375
0 0.69609375 0.6640625 0.040625 0.059375
0 0.6859375 0.6015625 0.04375 0.0609375
0 0.68671875 0.50234375 0.046875 0.065625
0 0.6796875 0.409375 0.046875 0.0625
0 0.6640625 0.33359375 0.046875 0.0609375
0 0.65703125 0.22265625 0.046875 0.075
0 0.653125 0.11953125 0.046875 0.078125
0 0.5875 0.07890625 0.046875 0.0765625
0 0.60859375 0.17890625 0.04375 0.0703125
0 0.615625 0.28046875 0.04375 0.06875
0 0.6296875 0.3671875 0.04375 0.059375
0 0.6375 0.453125 0.040625 0.059375
0 0.64921875 0.5234375 0.040625 0.0625
0 0.6609375 0.590625 0.034375 0.05625
0 0.653125 0.69921875 0.0390625 0.0515625
0 0.67578125 0.73203125 0.040625 0.04375
0 0.67265625 0.8234375 0.04375 0.0453125
0 0.6703125 0.921875 0.0375 0.0515625
0 0.6390625 0.90703125 0.03125 0.0453125
0 0.625 0.86171875 0.034375 0.046875
0 0.615625 0.89140625 0.034375 0.0328125
0 0.6296875 0.7640625 0.034375 0.053125
0 0.62265625 0.69375 0.03125 0.053125
0 0.6015625 0.6921875 0.025 0.046875
0 0.609375 0.6421875 0.0359375 0.05
0 0.59375 0.578125 0.0328125 0.053125
0 0.57109375 0.58125 0.034375 0.0546875
0 0.5765625 0.5125 0.0375 0.05625
0 0.546875 0.53125 0.03125 0.0546875
0 0.559375 0.43671875 0.0390625 0.059375
0 0.540625 0.46171875 0.034375 0.0515625
0 0.5375 0.35546875 0.040625 0.059375
0 0.52265625 0.3875 0.034375 0.05625
0 0.546875 0.25 0.0390625 0.0609375
0 0.5203125 0.29140625 0.0375 0.06875
0 0.5265625 0.1546875 0.034375 0.065625
0 0.4921875 0.1171875 0.034375 0.0734375
0 0.503125 0.2171875 0.0375 0.0625
0 0.484375 0.25703125 0.034375 0.059375
0 0.4625 0.178125 0.0375 0.065625
0 0.4296875 0.13984375 0.03125 0.06875
0 0.3921875 0.20078125 0.034375 0.059375
0 0.4234375 0.23125 0.034375 0.05625
0 0.4453125 0.30859375 0.0375 0.0609375
0 0.4828125 0.35078125 0.034375 0.05625
0 0.4640625 0.37890625 0.03125 0.0515625
0 0.4671875 0.4546875 0.028125 0.04375
0 0.5203125 0.56171875 0.028125 0.0453125
0 0.50546875 0.56875 0.0265625 0.04375
0 0.534375 0.61875 0.03125 0.04375
0 0.56171875 0.68203125 0.034375 0.046875
0 0.6 0.8578125 0.028125 0.034375
0 0.5890625 0.80546875 0.028125 0.040625
0 0.5828125 0.84140625 0.025 0.034375
0 0.55703125 0.74375 0.028125 0.046875
0 0.56328125 0.80703125 0.028125 0.0375
0 0.55625 0.84453125 0.028125 0.034375
0 0.55 0.78828125 0.025 0.0375
0 0.53359375 0.7546875 0.028125 0.040625
0 0.5328125 0.7 0.0296875 0.04375
0 0.5 0.65 0.028125 0.040625
0 0.4875 0.6609375 0.028125 0.0421875
0 0.50078125 0.71015625 0.028125 0.040625
0 0.51015625 0.82421875 0.028125 0.0453125
0 0.4921875 0.82578125 0.028125 0.0375
0 0.49765625 0.7796875 0.0265625 0.0375
0 0.48046875 0.78203125 0.025 0.0359375
0 0.46484375 0.77890625 0.01875 0.034375
0 0.43359375 0.80625 0.0234375 0.0359375
0 0.46953125 0.734375 0.0265625 0.0375
0 0.45625 0.73515625 0.021875 0.0375
0 0.42890625 0.7546875 0.021875 0.03125
0 0.4109375 0.7640625 0.0203125 0.0375
0 0.39921875 0.76484375 0.01875 0.034375
0 0.4546875 0.68671875 0.028125 0.034375
0 0.440625 0.69140625 0.025 0.0375
0 0.4140625 0.715625 0.021875 0.034375
0 0.40390625 0.7109375 0.009375 0.0328125
0 0.3953125 0.7171875 0.021875 0.03125
0 0.46640625 0.60546875 0.028125 0.04375
0 0.45625 0.61953125 0.0265625 0.0390625
0 0.43515625 0.6359375 0.025 0.0375
0 0.39765625 0.67265625 0.0234375 0.0375
0 0.3859375 0.67578125 0.01875 0.0375
0 0.5203125 0.48046875 0.0359375 0.046875
0 0.47109375 0.53046875 0.0296875 0.0453125
0 0.4484375 0.5578125 0.028125 0.0390625
0 0.43359375 0.56953125 0.028125 0.040625
0 0.42890625 0.590625 0.03125 0.015625
0 0.396875 0.6140625 0.025 0.03125
0 0.38671875 0.62109375 0.021875 0.034375
0 0.3765625 0.6296875 0.025 0.034375
0 0.453125 0.4765625 0.028125 0.04375
0 0.4296875 0.5 0.028125 0.04375
0 0.41015625 0.52421875 0.025 0.0453125
0 0.38046875 0.56875 0.0265625 0.0390625
0 0.36796875 0.57734375 0.021875 0.0359375
0 0.36328125 0.59609375 0.021875 0.021875
0 0.43203125 0.41875 0.0296875 0.046875
0 0.42265625 0.4375 0.028125 0.046875
0 0.38828125 0.47578125 0.028125 0.0421875
0 0.35859375 0.51328125 0.025 0.0375
0 0.3515625 0.53203125 0.025 0.0359375
0 0.340625 0.54921875 0.0234375 0.0375
0 0.4125 0.3546875 0.03125 0.053125
0 0.4015625 0.38359375 0.028125 0.040625
0 0.39375 0.40625 0.0234375 0.040625
0 0.36171875 0.4453125 0.025 0.040625
0 0.346875 0.46484375 0.0234375 0.040625
0 0.334375 0.49609375 0.025 0.0375
0 0.33359375 0.4328125 0.025 0.028125
0 0.3296875 0.4125 0.025 0.040625
0 0.3421875 0.38671875 0.025 0.046875
0 0.32734375 0.37109375 0.021875 0.040625
0 0.38984375 0.28515625 0.028125 0.053125
0 0.384375 0.32109375 0.028125 0.04375
0 0.37421875 0.3484375 0.025 0.04375
0 0.36328125 0.25234375 0.0265625 0.05
0 0.35625 0.28515625 0.0265625 0.0515625
0 0.34609375 0.31796875 0.025 0.04375
0 0.3359375 0.3484375 0.025 0.040625
0 0.33984375 0.17578125 0.028125 0.05625
0 0.33046875 0.22109375 0.025 0.05625
0 0.33828125 0.25546875 0.028125 0.04375
0 0.334375 0.28359375 0.021875 0.046875
0 0.3140625 0.1875 0.025 0.053125
0 0.31484375 0.22421875 0.021875 0.046875
0 0.275 0.20546875 0.0234375 0.05
0 0.28359375 0.26640625 0.028125 0.046875
0 0.29375 0.3265625 0.028125 0.046875
0 0.10703125 0.0625 0.0375 0.059375
0 0.2265625 0.0296875 0.040625 0.059375
0 0.26875 0.015625 0.040625 0.028125
0 0.14375 0.01484375 0.0375 0.0296875