0 0.89765625 0.29765625 0.0953125 0.16875
0 0.8609375 0.45078125 0.096875 0.153125
0 0.71484375 0.0921875 0.109375 0.184375
0 0.80625 0.19609375 0.1046875 0.1828125
0 0.79609375 0.36328125 0.10625 0.1640625
0 0.7609375 0.51171875 0.1 0.15
0 0.69453125 0.43984375 0.1109375 0.1609375
0 0.66953125 0.590625 0.1125 0.15625
0 0.70234375 0.26328125 0.1125 0.190625
0 0.615625 0.16328125 0.121875 0.203125
0 0.37421875 0.12421875 0.15 0.2265625
0 0.49140625 0.24140625 0.140625 0.2
0 0.596875 0.3453125 0.125 0.190625
0 0.490625 0.4375 0.134375 0.18125
0 0.57109375 0.50390625 0.1203125 0.1625
0 0.23046875 0.21171875 0.171875 0.221875
0 0.08828125 0.3125 0.1765625 0.23125
0 0.3671875 0.32890625 0.15 0.20625
0 0.23359375 0.43515625 0.178125 0.215625
0 0.0828125 0.51953125 0.165625 0.2
0 0.2203125 0.6296875 0.165625 0.1875
0 0.3671875 0.52265625 0.15 0.18125
0 0.559375 0.66484375 0.1109375 0.146875
0 0.47734375 0.61015625 0.128125 0.1625
0 0.3390625 0.67421875 0.1375 0.1625
0 0.44765625 0.74765625 0.121875 0.146875
0 0.34375 0.8625 0.13125 0.153125
0 0.22109375 0.7921875 0.153125 0.1671875
0 0.08125 0.7265625 0.1625 0.1875
0 0.09296875 0.86953125 0.159375 0.15625
0 0.221875 0.92265625 0.140625 0.1375