0 0.29765625 0.10234375 0.16875 0.0953125
0 0.45078125 0.1390625 0.153125 0.096875
0 0.0921875 0.28515625 0.184375 0.109375
0 0.19609375 0.19375 0.1828125 0.1046875
0 0.36328125 0.20390625 0.1640625 0.10625
0 0.51171875 0.2390625 0.15 0.1
0 0.43984375 0.30546875 0.1609375 0.1109375
0 0.590625 0.33046875 0.15625 0.1125
0 0.26328125 0.29765625 0.190625 0.1125
0 0.16328125 0.384375 0.203125 0.121875
0 0.12421875 0.62578125 0.2265625 0.1515625
0 0.24140625 0.50859375 0.2 0.140625
0 0.3453125 0.403125 0.190625 0.125
0 0.4375 0.509375 0.18125 0.134375
0 0.50390625 0.42890625 0.1625 0.1203125
0 0.21171875 0.76953125 0.221875 0.1734375
0 0.3125 0.91171875 0.23125 0.1765625
0 0.32890625 0.6328125 0.20625 0.15
0 0.43515625 0.76640625 0.215625 0.178125
0 0.51953125 0.9171875 0.2 0.165625
0 0.6296875 0.7796875 0.1875 0.165625
0 0.52265625 0.6328125 0.18125 0.15
0 0.66484375 0.440625 0.146875 0.1109375
0 0.61015625 0.52265625 0.1625 0.128125
0 0.67421875 0.6609375 0.1625 0.1375
0 0.74765625 0.55234375 0.146875 0.121875
0 0.8625 0.65625 0.153125 0.13125
0 0.7921875 0.77890625 0.1671875 0.153125
0 0.7265625 0.91875 0.1875 0.1625
0 0.86953125 0.90703125 0.15625 0.159375
0 0.92265625 0.778125 0.1375 0.1421875