0 0.04453125 0.15078125 0.0515625 0.04375
0 0.1828125 0.103125 0.0484375 0.0359375
0 0.10546875 0.13046875 0.05 0.0375
0 0.24453125 0.1015625 0.05 0.0359375
0 0.3828125 0.0828125 0.053125 0.040625
0 0.47421875 0.08671875 0.04375 0.0421875
0 0.63828125 0.08046875 0.05 0.040625
0 0.7921875 0.0953125 0.025 0.0421875
0 0.7703125 0.1015625 0.040625 0.046875
0 0.85390625 0.1078125 0.0453125 0.0390625
0 0.9078125 0.134375 0.05 0.040625
0 0.603125 0.09921875 0.04375 0.0359375
0 0.6578125 0.11015625 0.0453125 0.0375
0 0.55625 0.10859375 0.04375 0.040625
0 0.015625 0.22890625 0.03125 0.0671875
0 0.1328125 0.17109375 0.0671875 0.0453125
0 0.2421875 0.159375 0.059375 0.046875
0 0.30625 0.1390625 0.0625 0.0453125
0 0.3296875 0.1546875 0.0375 0.0234375
0 0.38125 0.13515625 0.05 0.04375
0 0.415625 0.12421875 0.053125 0.04375
0 0.465625 0.12734375 0.046875 0.0390625
0 0.515625 0.1359375 0.053125 0.0390625
0 0.55 0.14609375 0.046875 0.0359375
0 0.5984375 0.14921875 0.04375 0.03125
0 0.65625 0.1625 0.053125 0.046875
0 0.7265625 0.16484375 0.0546875 0.0453125
0 0.7953125 0.1421875 0.034375 0.028125
0 0.84296875 0.1515625 0.053125 0.0375
0 0.9421875 0.1765625 0.0484375 0.040625
0 0.89375 0.18125 0.0484375 0.0421875
0 0.79140625 0.18671875 0.065625 0.0453125
0 0.76484375 0.19921875 0.04375 0.025
0 0.71796875 0.18984375 0.0375 0.0265625
0 0.86015625 0.21015625 0.053125 0.040625
0 0.90859375 0.2109375 0.0453125 0.0375
0 0.67421875 0.190625 0.0453125 0.034375
0 0.6203125 0.1921875 0.0546875 0.0359375
0 0.56796875 0.19453125 0.04375 0.0375
0 0.5015625 0.17265625 0.053125 0.0375
0 0.421875 0.159375 0.0609375 0.0390625
0 0.35859375 0.19453125 0.0578125 0.040625
0 0.2890625 0.18359375 0.0546875 0.034375
0 0.18125 0.18203125 0.0453125 0.0328125
0 0.22890625 0.19921875 0.05 0.03125
0 0.13671875 0.20546875 0.053125 0.03125
0 0.18125 0.21484375 0.053125 0.0375
0 0.07578125 0.22578125 0.0390625 0.0265625
0 0.41015625 0.19921875 0.05 0.0375
0 0.1234375 0.2390625 0.05625 0.0375
0 0.07109375 0.2546875 0.0625 0.034375
0 0.22421875 0.2359375 0.053125 0.034375
0 0.2703125 0.221875 0.05 0.0359375
0 0.328125 0.20859375 0.05625 0.0390625
0 0.31328125 0.24375 0.053125 0.0390625
0 0.26640625 0.25703125 0.053125 0.0375
0 0.37265625 0.2296875 0.05 0.03125
0 0.459375 0.1890625 0.0484375 0.034375
0 0.47265625 0.21875 0.046875 0.034375
0 0.5234375 0.2078125 0.05625 0.0375
0 0.4203125 0.23515625 0.046875 0.034375
0 0.384375 0.259375 0.0484375 0.034375
0 0.0875 0.284375 0.0515625 0.0375
0 0.12109375 0.26875 0.05 0.0375
0 0.171875 0.27890625 0.05 0.03125
0 0.21328125 0.29375 0.05 0.0328125
0 0.1484375 0.3015625 0.05 0.034375
0 0.09453125 0.31875 0.053125 0.028125
0 0.4609375 0.25546875 0.040625 0.034375
0 0.50546875 0.25078125 0.046875 0.0375
0 0.55078125 0.23671875 0.046875 0.0375
0 0.5953125 0.22265625 0.0453125 0.0359375
0 0.6484375 0.22265625 0.046875 0.0375
0 0.70078125 0.22265625 0.046875 0.034375
0 0.75 0.225 0.040625 0.034375
0 0.19375 0.32109375 0.0515625 0.0296875
0 0.1015625 0.35234375 0.05 0.028125
0 0.1125 0.38125 0.0484375 0.03125
0 0.25078125 0.325 0.04375 0.03125
0 0.2875 0.3125 0.046875 0.03125
0 0.328125 0.30703125 0.046875 0.034375
0 0.37890625 0.29453125 0.046875 0.03125
0 0.43046875 0.278125 0.046875 0.034375
0 0.4890625 0.28203125 0.046875 0.03125
0 0.53359375 0.275 0.04375 0.034375
0 0.57578125 0.265625 0.046875 0.034375
0 0.62109375 0.25078125 0.04375 0.034375
0 0.671875 0.25078125 0.04375 0.034375
0 0.71796875 0.25546875 0.04375 0.0375
0 0.76171875 0.259375 0.04375 0.034375
0 0.8046875 0.2671875 0.040625 0.034375
0 0.84921875 0.27265625 0.0390625 0.0328125
0 0.8921875 0.26875 0.040625 0.0390625
0 0.91171875 0.2984375 0.05 0.0328125
0 0.1796875 0.3484375 0.05 0.03125
0 0.221875 0.346875 0.046875 0.028125
0 0.29140625 0.34296875 0.046875 0.0296875
0 0.33203125 0.34296875 0.0453125 0.0328125
0 0.3671875 0.321875 0.04375 0.03125
0 0.415625 0.315625 0.04375 0.0328125
0 0.46796875 0.31171875 0.040625 0.03125
0 0.5109375 0.315625 0.04375 0.034375
0 0.553125 0.30390625 0.04375 0.03125
0 0.59609375 0.29453125 0.046875 0.034375
0 0.64140625 0.27890625 0.046875 0.034375
0 0.69375 0.29375 0.0453125 0.03125
0 0.73359375 0.28671875 0.0421875 0.0328125
0 0.77890625 0.2984375 0.040625 0.0296875
0 0.82109375 0.29921875 0.040625 0.03125
0 0.8640625 0.29765625 0.0375 0.03125
0 0.15859375 0.37890625 0.040625 0.03125
0 0.14765625 0.40390625 0.046875 0.025
0 0.134375 0.4296875 0.046875 0.0234375
0 0.15859375 0.46796875 0.046875 0.025
0 0.18984375 0.40234375 0.0453125 0.0234375
0 0.18203125 0.42265625 0.0375 0.025
0 0.215625 0.42578125 0.046875 0.028125
0 0.21015625 0.440625 0.0375 0.01875
0 0.24453125 0.44296875 0.040625 0.028125
0 0.2765625 0.46328125 0.040625 0.0265625
0 0.290625 0.44921875 0.0578125 0.0125
0 0.3234375 0.46328125 0.040625 0.025
0 0.4640625 0.53359375 0.053125 0.03125
0 0.5546875 0.52265625 0.046875 0.034375
0 0.64765625 0.525 0.0515625 0.03125
0 0.68203125 0.475 0.040625 0.028125
0 0.784375 0.525 0.0453125 0.034375
0 0.8640625 0.575 0.0625 0.0375
0 0.9296875 0.515625 0.0484375 0.034375
0 0.8578125 0.48515625 0.0484375 0.034375
0 0.2078125 0.3796875 0.04375 0.0296875
0 0.25078125 0.3734375 0.04375 0.0296875
0 0.23828125 0.40234375 0.046875 0.028125
0 0.26484375 0.4234375 0.040625 0.028125
0 0.29375 0.375 0.040625 0.028125
0 0.28046875 0.39921875 0.040625 0.028125
0 0.30546875 0.42578125 0.0453125 0.028125
0 0.33671875 0.36953125 0.04375 0.028125
0 0.321875 0.3984375 0.04375 0.025
0 0.3484375 0.42578125 0.04375 0.028125
0 0.36484375 0.44453125 0.040625 0.025
0 0.5125 0.45390625 0.034375 0.021875
0 0.38359375 0.3671875 0.04375 0.025
0 0.40546875 0.34375 0.04375 0.028125
0 0.4046875 0.39296875 0.046875 0.028125
0 0.3921875 0.41171875 0.040625 0.025
0 0.409375 0.440625 0.040625 0.025
0 0.446875 0.33828125 0.0421875 0.028125
0 0.42734375 0.36953125 0.040625 0.0296875
0 0.434375 0.40859375 0.0375 0.0265625
0 0.45234375 0.43515625 0.04375 0.025
0 0.45234375 0.3890625 0.0375 0.025
0 0.47265625 0.41171875 0.0390625 0.028125
0 0.490625 0.33984375 0.046875 0.0296875
0 0.46796875 0.36796875 0.0421875 0.0296875
0 0.5109375 0.3671875 0.04375 0.025
0 0.49296875 0.3921875 0.040625 0.025
0 0.5140625 0.4109375 0.0375 0.025
0 0.53515625 0.34453125 0.040625 0.03125
0 0.53359375 0.39140625 0.040625 0.028125
0 0.54921875 0.41328125 0.0390625 0.0234375
0 0.57265625 0.35859375 0.04375 0.028125
0 0.575 0.38828125 0.04375 0.021875
0 0.58828125 0.4125 0.040625 0.0265625
0 0.61640625 0.35 0.040625 0.03125
0 0.61953125 0.3828125 0.0375 0.025
0 0.69375 0.3265625 0.05 0.0296875
0 0.62734375 0.4046875 0.04375 0.025
0 0.65 0.41953125 0.04375 0.025
0 0.659375 0.3859375 0.04375 0.0296875
0 0.675 0.40546875 0.04375 0.0265625
0 0.70234375 0.3765625 0.04375 0.028125
0 0.71640625 0.40703125 0.0375 0.025
0 0.7375 0.3171875 0.0453125 0.03125
0 0.71796875 0.3484375 0.04375 0.03125
0 0.78359375 0.3265625 0.046875 0.03125
0 0.83515625 0.3234375 0.046875 0.0296875
0 0.76328125 0.3515625 0.04375 0.0265625
0 0.809375 0.35078125 0.040625 0.028125
0 0.85078125 0.34921875 0.040625 0.028125
0 0.89453125 0.35078125 0.04375 0.03125
0 0.74609375 0.38515625 0.0375 0.028125
0 0.78671875 0.37890625 0.040625 0.0296875
0 0.83046875 0.37734375 0.0375 0.028125
0 0.8734375 0.3796875 0.040625 0.028125
0 0.80546875 0.40546875 0.040625 0.028125
0 0.84296875 0.4 0.034375 0.03125
0 0.88515625 0.4015625 0.040625 0.028125