0 0.95546875 0.15078125 0.0515625 0.04375
0 0.8171875 0.103125 0.0484375 0.0359375
0 0.89453125 0.13046875 0.05 0.0375
0 0.75546875 0.1015625 0.05 0.0359375
0 0.6171875 0.0828125 0.053125 0.040625
0 0.52578125 0.08671875 0.04375 0.0421875
0 0.36171875 0.08046875 0.05 0.040625
0 0.2078125 0.0953125 0.025 0.0421875
0 0.2296875 0.1015625 0.040625 0.046875
0 0.14609375 0.1078125 0.0453125 0.0390625
0 0.0921875 0.134375 0.05 0.040625
0 0.396875 0.09921875 0.04375 0.0359375
0 0.3421875 0.11015625 0.0453125 0.0375
0 0.44375 0.10859375 0.04375 0.040625
0 0.984375 0.22890625 0.03125 0.0671875
0 0.8671875 0.17109375 0.0671875 0.0453125
0 0.7578125 0.159375 0.059375 0.046875
0 0.69375 0.1390625 0.0625 0.0453125
0 0.6703125 0.1546875 0.0375 0.0234375
0 0.61875 0.13515625 0.05 0.04375
0 0.584375 0.12421875 0.053125 0.04375
0 0.534375 0.12734375 0.046875 0.0390625
0 0.484375 0.1359375 0.053125 0.0390625
0 0.45 0.14609375 0.046875 0.0359375
0 0.4015625 0.14921875 0.04375 0.03125
0 0.34375 0.1625 0.053125 0.046875
0 0.2734375 0.16484375 0.0546875 0.0453125
0 0.2046875 0.1421875 0.034375 0.028125
0 0.15703125 0.1515625 0.053125 0.0375
0 0.0578125 0.1765625 0.0484375 0.040625
0 0.10625 0.18125 0.0484375 0.0421875
0 0.20859375 0.18671875 0.065625 0.0453125
0 0.23515625 0.19921875 0.04375 0.025
0 0.28203125 0.18984375 0.0375 0.0265625
0 0.13984375 0.21015625 0.053125 0.040625
0 0.09140625 0.2109375 0.0453125 0.0375
0 0.32578125 0.190625 0.0453125 0.034375
0 0.3796875 0.1921875 0.0546875 0.0359375
0 0.43203125 0.19453125 0.04375 0.0375
0 0.4984375 0.17265625 0.053125 0.0375
0 0.578125 0.159375 0.0609375 0.0390625
0 0.64140625 0.19453125 0.0578125 0.040625
0 0.7109375 0.18359375 0.0546875 0.034375
0 0.81875 0.18203125 0.0453125 0.0328125
0 0.77109375 0.19921875 0.05 0.03125
0 0.86328125 0.20546875 0.053125 0.03125
0 0.81875 0.21484375 0.053125 0.0375
0 0.92421875 0.22578125 0.0390625 0.0265625
0 0.58984375 0.19921875 0.05 0.0375
0 0.8765625 0.2390625 0.05625 0.0375
0 0.92890625 0.2546875 0.0625 0.034375
0 0.77578125 0.2359375 0.053125 0.034375
0 0.7296875 0.221875 0.05 0.0359375
0 0.671875 0.20859375 0.05625 0.0390625
0 0.68671875 0.24375 0.053125 0.0390625
0 0.73359375 0.25703125 0.053125 0.0375
0 0.62734375 0.2296875 0.05 0.03125
0 0.540625 0.1890625 0.0484375 0.034375
0 0.52734375 0.21875 0.046875 0.034375
0 0.4765625 0.2078125 0.05625 0.0375
0 0.5796875 0.23515625 0.046875 0.034375
0 0.615625 0.259375 0.0484375 0.034375
0 0.9125 0.284375 0.0515625 0.0375
0 0.87890625 0.26875 0.05 0.0375
0 0.828125 0.27890625 0.05 0.03125
0 0.78671875 0.29375 0.05 0.0328125
0 0.8515625 0.3015625 0.05 0.034375
0 0.90546875 0.31875 0.053125 0.028125
0 0.5390625 0.25546875 0.040625 0.034375
0 0.49453125 0.25078125 0.046875 0.0375
0 0.44921875 0.23671875 0.046875 0.0375
0 0.4046875 0.22265625 0.0453125 0.0359375
0 0.3515625 0.22265625 0.046875 0.0375
0 0.29921875 0.22265625 0.046875 0.034375
0 0.25 0.225 0.040625 0.034375
0 0.80625 0.32109375 0.0515625 0.0296875
0 0.8984375 0.35234375 0.05 0.028125
0 0.8875 0.38125 0.0484375 0.03125
0 0.74921875 0.325 0.04375 0.03125
0 0.7125 0.3125 0.046875 0.03125
0 0.671875 0.30703125 0.046875 0.034375
0 0.62109375 0.29453125 0.046875 0.03125
0 0.56953125 0.278125 0.046875 0.034375
0 0.5109375 0.28203125 0.046875 0.03125
0 0.46640625 0.275 0.04375 0.034375
0 0.42421875 0.265625 0.046875 0.034375
0 0.37890625 0.25078125 0.04375 0.034375
0 0.328125 0.25078125 0.04375 0.034375
0 0.28203125 0.25546875 0.04375 0.0375
0 0.23828125 0.259375 0.04375 0.034375
0 0.1953125 0.2671875 0.040625 0.034375
0 0.15078125 0.27265625 0.0390625 0.0328125
0 0.1078125 0.26875 0.040625 0.0390625
0 0.08828125 0.2984375 0.05 0.0328125
0 0.8203125 0.3484375 0.05 0.03125
0 0.778125 0.346875 0.046875 0.028125
0 0.70859375 0.34296875 0.046875 0.0296875
0 0.66796875 0.34296875 0.0453125 0.0328125
0 0.6328125 0.321875 0.04375 0.03125
0 0.584375 0.315625 0.04375 0.0328125
0 0.53203125 0.31171875 0.040625 0.03125
0 0.4890625 0.315625 0.04375 0.034375
0 0.446875 0.30390625 0.04375 0.03125
0 0.40390625 0.29453125 0.046875 0.034375
0 0.35859375 0.27890625 0.046875 0.034375
0 0.30625 0.29375 0.0453125 0.03125
0 0.26640625 0.28671875 0.0421875 0.0328125
0 0.22109375 0.2984375 0.040625 0.0296875
0 0.17890625 0.29921875 0.040625 0.03125
0 0.1359375 0.29765625 0.0375 0.03125
0 0.84140625 0.37890625 0.040625 0.03125
0 0.85234375 0.40390625 0.046875 0.025
0 0.865625 0.4296875 0.046875 0.0234375
0 0.84140625 0.46796875 0.046875 0.025
0 0.81015625 0.40234375 0.0453125 0.0234375
0 0.81796875 0.42265625 0.0375 0.025
0 0.784375 0.42578125 0.046875 0.028125
0 0.78984375 0.440625 0.0375 0.01875
0 0.75546875 0.44296875 0.040625 0.028125
0 0.7234375 0.46328125 0.040625 0.0265625
0 0.709375 0.44921875 0.0578125 0.0125
0 0.6765625 0.46328125 0.040625 0.025
0 0.5359375 0.53359375 0.053125 0.03125
0 0.4453125 0.52265625 0.046875 0.034375
0 0.35234375 0.525 0.0515625 0.03125
0 0.31796875 0.475 0.040625 0.028125
0 0.215625 0.525 0.0453125 0.034375
0 0.1359375 0.575 0.0625 0.0375
0 0.0703125 0.515625 0.0484375 0.034375
0 0.1421875 0.48515625 0.0484375 0.034375
0 0.7921875 0.3796875 0.04375 0.0296875
0 0.74921875 0.3734375 0.04375 0.0296875
0 0.76171875 0.40234375 0.046875 0.028125
0 0.73515625 0.4234375 0.040625 0.028125
0 0.70625 0.375 0.040625 0.028125
0 0.71953125 0.39921875 0.040625 0.028125
0 0.69453125 0.42578125 0.0453125 0.028125
0 0.66328125 0.36953125 0.04375 0.028125
0 0.678125 0.3984375 0.04375 0.025
0 0.6515625 0.42578125 0.04375 0.028125
0 0.63515625 0.44453125 0.040625 0.025
0 0.4875 0.45390625 0.034375 0.021875
0 0.61640625 0.3671875 0.04375 0.025
0 0.59453125 0.34375 0.04375 0.028125
0 0.5953125 0.39296875 0.046875 0.028125
0 0.6078125 0.41171875 0.040625 0.025
0 0.590625 0.440625 0.040625 0.025
0 0.553125 0.33828125 0.0421875 0.028125
0 0.57265625 0.36953125 0.040625 0.0296875
0 0.565625 0.40859375 0.0375 0.0265625
0 0.54765625 0.43515625 0.04375 0.025
0 0.54765625 0.3890625 0.0375 0.025
0 0.52734375 0.41171875 0.0390625 0.028125
0 0.509375 0.33984375 0.046875 0.0296875
0 0.53203125 0.36796875 0.0421875 0.0296875
0 0.4890625 0.3671875 0.04375 0.025
0 0.50703125 0.3921875 0.040625 0.025
0 0.4859375 0.4109375 0.0375 0.025
0 0.46484375 0.34453125 0.040625 0.03125
0 0.46640625 0.39140625 0.040625 0.028125
0 0.45078125 0.41328125 0.0390625 0.0234375
0 0.42734375 0.35859375 0.04375 0.028125
0 0.425 0.38828125 0.04375 0.021875
0 0.41171875 0.4125 0.040625 0.0265625
0 0.38359375 0.35 0.040625 0.03125
0 0.38046875 0.3828125 0.0375 0.025
0 0.30625 0.3265625 0.05 0.0296875
0 0.37265625 0.4046875 0.04375 0.025
0 0.35 0.41953125 0.04375 0.025
0 0.340625 0.3859375 0.04375 0.0296875
0 0.325 0.40546875 0.04375 0.0265625
0 0.29765625 0.3765625 0.04375 0.028125
0 0.28359375 0.40703125 0.0375 0.025
0 0.2625 0.3171875 0.0453125 0.03125
0 0.28203125 0.3484375 0.04375 0.03125
0 0.21640625 0.3265625 0.046875 0.03125
0 0.16484375 0.3234375 0.046875 0.0296875
0 0.23671875 0.3515625 0.04375 0.0265625
0 0.190625 0.35078125 0.040625 0.028125
0 0.14921875 0.34921875 0.040625 0.028125
0 0.10546875 0.35078125 0.04375 0.03125
0 0.25390625 0.38515625 0.0375 0.028125
0 0.21328125 0.37890625 0.040625 0.0296875
0 0.16953125 0.37734375 0.0375 0.028125
0 0.1265625 0.3796875 0.040625 0.028125
0 0.19453125 0.40546875 0.040625 0.028125
0 0.15703125 0.4 0.034375 0.03125
0 0.11484375 0.4015625 0.040625 0.028125