0 0.84921875 0.04453125 0.04375 0.0515625
0 0.896875 0.1828125 0.0359375 0.0484375
0 0.86953125 0.10546875 0.0375 0.05
0 0.8984375 0.24453125 0.0359375 0.05
0 0.9171875 0.3828125 0.040625 0.053125
0 0.91328125 0.47421875 0.0421875 0.04375
0 0.91953125 0.63828125 0.040625 0.05
0 0.9046875 0.7921875 0.0421875 0.025
0 0.8984375 0.7703125 0.046875 0.040625
0 0.8921875 0.85390625 0.0390625 0.0453125
0 0.865625 0.9078125 0.040625 0.05
0 0.90078125 0.603125 0.0359375 0.0453125
0 0.88984375 0.6578125 0.0375 0.0453125
0 0.89140625 0.55625 0.040625 0.04375
0 0.77109375 0.015625 0.0671875 0.03125
0 0.82890625 0.1328125 0.0453125 0.0671875
0 0.840625 0.2421875 0.046875 0.059375
0 0.8609375 0.30625 0.0453125 0.0625
0 0.8453125 0.3296875 0.0234375 0.0375
0 0.86484375 0.38125 0.04375 0.05
0 0.87578125 0.415625 0.04375 0.053125
0 0.87265625 0.465625 0.0390625 0.046875
0 0.8640625 0.515625 0.0390625 0.053125
0 0.85390625 0.55 0.0359375 0.046875
0 0.85078125 0.5984375 0.03125 0.04375
0 0.8375 0.65625 0.046875 0.053125
0 0.83515625 0.7265625 0.0453125 0.0546875
0 0.8578125 0.7953125 0.028125 0.034375
0 0.8484375 0.84296875 0.0375 0.053125
0 0.8234375 0.9421875 0.040625 0.0484375
0 0.81875 0.89375 0.0421875 0.0484375
0 0.81328125 0.79140625 0.0453125 0.065625
0 0.80078125 0.76484375 0.025 0.04375
0 0.81015625 0.71796875 0.0265625 0.0375
0 0.78984375 0.86015625 0.040625 0.053125
0 0.7890625 0.90859375 0.0375 0.0453125
0 0.809375 0.67421875 0.034375 0.0453125
0 0.8078125 0.6203125 0.0359375 0.0546875
0 0.80546875 0.56796875 0.0375 0.04375
0 0.82734375 0.5015625 0.0375 0.053125
0 0.840625 0.421875 0.0390625 0.0609375
0 0.80546875 0.35859375 0.040625 0.0578125
0 0.81640625 0.2890625 0.034375 0.0546875
0 0.81796875 0.18125 0.0328125 0.0453125
0 0.80078125 0.22890625 0.03125 0.05
0 0.79453125 0.13671875 0.03125 0.053125
0 0.78515625 0.18125 0.0375 0.053125
0 0.77421875 0.07578125 0.0265625 0.0390625
0 0.80078125 0.41015625 0.0375 0.05
0 0.7609375 0.1234375 0.0375 0.05625
0 0.7453125 0.07109375 0.034375 0.0625
0 0.7640625 0.22421875 0.034375 0.053125
0 0.778125 0.2703125 0.0359375 0.05
0 0.79140625 0.328125 0.0390625 0.05625
0 0.75625 0.31328125 0.0390625 0.053125
0 0.74296875 0.26640625 0.0375 0.053125
0 0.7703125 0.37265625 0.03125 0.05
0 0.8109375 0.459375 0.034375 0.0484375
0 0.78125 0.47265625 0.034375 0.046875
0 0.7921875 0.5234375 0.0375 0.05625
0 0.76484375 0.4203125 0.034375 0.046875
0 0.740625 0.384375 0.034375 0.0484375
0 0.715625 0.0875 0.0375 0.0515625
0 0.73125 0.12109375 0.0375 0.05
0 0.72109375 0.171875 0.03125 0.05
0 0.70625 0.21328125 0.0328125 0.05
0 0.6984375 0.1484375 0.034375 0.05
0 0.68125 0.09453125 0.028125 0.053125
0 0.74453125 0.4609375 0.034375 0.040625
0 0.74921875 0.50546875 0.0375 0.046875
0 0.76328125 0.55078125 0.0375 0.046875
0 0.77734375 0.5953125 0.0359375 0.0453125
0 0.77734375 0.6484375 0.0375 0.046875
0 0.77734375 0.70078125 0.034375 0.046875
0 0.775 0.75 0.034375 0.040625
0 0.67890625 0.19375 0.0296875 0.0515625
0 0.64765625 0.1015625 0.028125 0.05
0 0.61875 0.1125 0.03125 0.0484375
0 0.675 0.25078125 0.03125 0.04375
0 0.6875 0.2875 0.03125 0.046875
0 0.69296875 0.328125 0.034375 0.046875
0 0.70546875 0.37890625 0.03125 0.046875
0 0.721875 0.43046875 0.034375 0.046875
0 0.71796875 0.4890625 0.03125 0.046875
0 0.725 0.53359375 0.034375 0.04375
0 0.734375 0.57578125 0.034375 0.046875
0 0.74921875 0.62109375 0.034375 0.04375
0 0.74921875 0.671875 0.034375 0.04375
0 0.74453125 0.71796875 0.0375 0.04375
0 0.740625 0.76171875 0.034375 0.04375
0 0.7328125 0.8046875 0.034375 0.040625
0 0.72734375 0.84921875 0.0328125 0.0390625
0 0.73125 0.8921875 0.0390625 0.040625
0 0.7015625 0.91171875 0.0328125 0.0484375
0 0.6515625 0.1796875 0.03125 0.05
0 0.653125 0.221875 0.028125 0.046875
0 0.65703125 0.29140625 0.0296875 0.046875
0 0.65703125 0.33203125 0.0328125 0.0453125
0 0.678125 0.3671875 0.03125 0.04375
0 0.684375 0.415625 0.0328125 0.04375
0 0.68828125 0.46796875 0.03125 0.040625
0 0.684375 0.5109375 0.034375 0.04375
0 0.69609375 0.553125 0.03125 0.04375
0 0.70546875 0.59609375 0.034375 0.046875
0 0.72109375 0.64140625 0.034375 0.046875
0 0.70625 0.69375 0.03125 0.0453125
0 0.71328125 0.73359375 0.0328125 0.0421875
0 0.7015625 0.77890625 0.0296875 0.040625
0 0.70078125 0.82109375 0.03125 0.040625
0 0.70234375 0.8640625 0.03125 0.0375
0 0.62109375 0.15859375 0.03125 0.040625
0 0.59609375 0.14765625 0.025 0.046875
0 0.5703125 0.134375 0.0234375 0.046875
0 0.53203125 0.15859375 0.025 0.046875
0 0.59765625 0.18984375 0.0234375 0.0453125
0 0.57734375 0.18203125 0.025 0.0375
0 0.57421875 0.215625 0.028125 0.046875
0 0.559375 0.21015625 0.01875 0.0375
0 0.55703125 0.24453125 0.028125 0.040625
0 0.53671875 0.2765625 0.0265625 0.040625
0 0.55078125 0.290625 0.0125 0.0578125
0 0.53671875 0.3234375 0.025 0.040625
0 0.46640625 0.4640625 0.03125 0.053125
0 0.47734375 0.5546875 0.034375 0.046875
0 0.475 0.64765625 0.03125 0.0515625
0 0.525 0.68203125 0.028125 0.040625
0 0.475 0.784375 0.034375 0.0453125
0 0.425 0.8640625 0.0375 0.0625
0 0.484375 0.9296875 0.034375 0.0484375
0 0.51484375 0.8578125 0.034375 0.0484375
0 0.6203125 0.2078125 0.0296875 0.04375
0 0.6265625 0.25078125 0.0296875 0.04375
0 0.59765625 0.23828125 0.028125 0.046875
0 0.5765625 0.26484375 0.028125 0.040625
0 0.625 0.29375 0.028125 0.040625
0 0.60078125 0.28046875 0.028125 0.040625
0 0.57421875 0.30546875 0.028125 0.0453125
0 0.63046875 0.33671875 0.028125 0.04375
0 0.6015625 0.321875 0.025 0.04375
0 0.57421875 0.3484375 0.028125 0.04375
0 0.55546875 0.36484375 0.025 0.040625
0 0.54609375 0.5125 0.021875 0.034375
0 0.6328125 0.38359375 0.025 0.04375
0 0.65625 0.40546875 0.028125 0.04375
0 0.60703125 0.4046875 0.028125 0.046875
0 0.58828125 0.3921875 0.025 0.040625
0 0.559375 0.409375 0.025 0.040625
0 0.66171875 0.446875 0.028125 0.0421875
0 0.63046875 0.42734375 0.0296875 0.040625
0 0.59140625 0.434375 0.0265625 0.0375
0 0.56484375 0.45234375 0.025 0.04375
0 0.6109375 0.45234375 0.025 0.0375
0 0.58828125 0.47265625 0.028125 0.0390625
0 0.66015625 0.490625 0.0296875 0.046875
0 0.63203125 0.46796875 0.0296875 0.0421875
0 0.6328125 0.5109375 0.025 0.04375
0 0.6078125 0.49296875 0.025 0.040625
0 0.5890625 0.5140625 0.025 0.0375
0 0.65546875 0.53515625 0.03125 0.040625
0 0.60859375 0.53359375 0.028125 0.040625
0 0.58671875 0.54921875 0.0234375 0.0390625
0 0.64140625 0.57265625 0.028125 0.04375
0 0.61171875 0.575 0.021875 0.04375
0 0.5875 0.58828125 0.0265625 0.040625
0 0.65 0.61640625 0.03125 0.040625
0 0.6171875 0.61953125 0.025 0.0375
0 0.6734375 0.69375 0.0296875 0.05
0 0.5953125 0.62734375 0.025 0.04375
0 0.58046875 0.65 0.025 0.04375
0 0.6140625 0.659375 0.0296875 0.04375
0 0.59453125 0.675 0.0265625 0.04375
0 0.6234375 0.70234375 0.028125 0.04375
0 0.59296875 0.71640625 0.025 0.0375
0 0.6828125 0.7375 0.03125 0.0453125
0 0.6515625 0.71796875 0.03125 0.04375
0 0.6734375 0.78359375 0.03125 0.0484375
0 0.6765625 0.83515625 0.0296875 0.046875
0 0.6484375 0.76328125 0.0265625 0.04375
0 0.64921875 0.809375 0.028125 0.040625
0 0.65078125 0.85078125 0.028125 0.040625
0 0.64921875 0.89453125 0.03125 0.04375
0 0.61484375 0.74609375 0.028125 0.0375
0 0.62109375 0.78671875 0.0296875 0.040625
0 0.62265625 0.83046875 0.028125 0.0375
0 0.6203125 0.8734375 0.028125 0.040625
0 0.59453125 0.80546875 0.028125 0.040625
0 0.6 0.84296875 0.03125 0.034375
0 0.5984375 0.88515625 0.028125 0.0421875