0 0.9015625 0.24765625 0.06875 0.0921875
0 0.8375 0.2828125 0.071875 0.090625
0 0.771875 0.29921875 0.075 0.1078125
0 0.6875 0.3078125 0.075 0.1
0 0.61640625 0.31328125 0.0796875 0.09375
0 0.528125 0.30703125 0.0734375 0.090625
0 0.45703125 0.32421875 0.078125 0.10625
0 0.3109375 0.20390625 0.08125 0.1125
0 0.2265625 0.21953125 0.0765625 0.1125
0 0.1421875 0.23046875 0.075 0.13125
0 0.3765625 0.3328125 0.06875 0.103125
0 0.28671875 0.325 0.08125 0.10625
0 0.1921875 0.340625 0.08125 0.11875
0 0.10390625 0.3421875 0.0859375 0.1109375
0 0.89296875 0.35625 0.084375 0.103125
0 0.8046875 0.3765625 0.06875 0.0953125
0 0.73046875 0.40078125 0.06875 0.090625
0 0.65234375 0.40546875 0.071875 0.103125
0 0.578125 0.4 0.071875 0.090625
0 0.503125 0.40625 0.075 0.10625
0 0.42890625 0.421875 0.084375 0.1
0 0.34375 0.4265625 0.0796875 0.090625
0 0.23984375 0.44140625 0.090625 0.115625
0 0.13671875 0.4609375 0.0953125 0.1171875
0 0.85390625 0.45546875 0.08125 0.090625
0 0.77734375 0.47734375 0.06875 0.090625
0 0.7109375 0.49609375 0.078125 0.1015625
0 0.625 0.4921875 0.065625 0.090625
0 0.56171875 0.4953125 0.078125 0.090625
0 0.471875 0.49609375 0.075 0.0828125
0 0.39453125 0.51171875 0.0796875 0.09375
0 0.3015625 0.52421875 0.0828125 0.1
0 0.22578125 0.53203125 0.071875 0.0875
0 0.8265625 0.5734375 0.078125 0.096875
0 0.7375 0.5671875 0.06875 0.084375
0 0.67890625 0.5890625 0.071875 0.1
0 0.58984375 0.575 0.0640625 0.0828125
0 0.52734375 0.59375 0.075 0.096875
0 0.4453125 0.59453125 0.075 0.09375
0 0.33515625 0.621875 0.075 0.1
0 0.20625 0.66484375 0.08125 0.10625
0 0.7796875 0.65859375 0.06875 0.084375
0 0.7046875 0.65078125 0.0625 0.08125
0 0.7203125 0.70546875 0.071875 0.0734375
0 0.6390625 0.6671875 0.075 0.09375
0 0.5890625 0.71953125 0.0625 0.075
0 0.56328125 0.67734375 0.075 0.09375
0 0.484375 0.675 0.071875 0.0984375
0 0.4046875 0.66484375 0.0703125 0.096875
0 0.3171875 0.69453125 0.071875 0.096875
0 0.38046875 0.734375 0.071875 0.0875
0 0.45 0.77265625 0.071875 0.09375
0 0.52890625 0.75859375 0.071875 0.090625
0 0.0421875 0.3109375 0.0453125 0.046875
0 0.05078125 0.68359375 0.03125 0.0734375
0 0.02109375 0.7046875 0.0328125 0.075