0 0.75234375 0.0984375 0.0921875 0.06875
0 0.7171875 0.1625 0.090625 0.071875
0 0.70078125 0.228125 0.1078125 0.075
0 0.6921875 0.3125 0.1 0.075
0 0.68671875 0.38359375 0.09375 0.0796875
0 0.69296875 0.471875 0.090625 0.0734375
0 0.67578125 0.54296875 0.10625 0.078125
0 0.79609375 0.6890625 0.1125 0.08125
0 0.78046875 0.7734375 0.1125 0.0765625
0 0.76953125 0.8578125 0.13125 0.075
0 0.6671875 0.6234375 0.103125 0.06875
0 0.675 0.71328125 0.10625 0.08125
0 0.659375 0.8078125 0.11875 0.08125
0 0.6578125 0.89609375 0.1109375 0.0859375
0 0.64375 0.10703125 0.103125 0.084375
0 0.6234375 0.1953125 0.0953125 0.06875
0 0.59921875 0.26953125 0.090625 0.06875
0 0.59453125 0.34765625 0.103125 0.071875
0 0.6 0.421875 0.090625 0.071875
0 0.59375 0.496875 0.10625 0.075
0 0.578125 0.57109375 0.1 0.084375
0 0.5734375 0.65625 0.090625 0.0796875
0 0.55859375 0.76015625 0.115625 0.090625
0 0.5390625 0.86328125 0.1171875 0.0953125
0 0.54453125 0.14609375 0.090625 0.08125
0 0.52265625 0.22265625 0.090625 0.06875
0 0.50390625 0.2890625 0.1015625 0.078125
0 0.5078125 0.375 0.090625 0.065625
0 0.5046875 0.43828125 0.090625 0.078125
0 0.50390625 0.528125 0.0828125 0.075
0 0.48828125 0.60546875 0.09375 0.0796875
0 0.47578125 0.6984375 0.1 0.0828125
0 0.46796875 0.77421875 0.0875 0.071875
0 0.4265625 0.1734375 0.096875 0.078125
0 0.4328125 0.2625 0.084375 0.06875
0 0.4109375 0.32109375 0.1 0.071875
0 0.425 0.41015625 0.0828125 0.0640625
0 0.40625 0.47265625 0.096875 0.075
0 0.40546875 0.5546875 0.09375 0.075
0 0.378125 0.66484375 0.1 0.075
0 0.33515625 0.79375 0.10625 0.08125
0 0.34140625 0.2203125 0.084375 0.06875
0 0.34921875 0.2953125 0.08125 0.0625
0 0.29453125 0.2796875 0.0734375 0.071875
0 0.3328125 0.3609375 0.09375 0.075
0 0.28046875 0.4109375 0.075 0.0625
0 0.32265625 0.43671875 0.09375 0.075
0 0.325 0.515625 0.0984375 0.071875
0 0.33515625 0.5953125 0.096875 0.0703125
0 0.30546875 0.6828125 0.096875 0.071875
0 0.265625 0.61953125 0.0875 0.071875
0 0.22734375 0.55 0.09375 0.071875
0 0.24140625 0.47109375 0.090625 0.071875
0 0.6890625 0.9578125 0.046875 0.0453125
0 0.31640625 0.94921875 0.0734375 0.03125
0 0.2953125 0.97890625 0.075 0.0328125