0 0.33515625 0.15390625 0.0140625 0.0203125
0 0.30546875 0.159375 0.0125 0.021875
0 0.32109375 0.165625 0.015625 0.01875
0 0.346875 0.16640625 0.009375 0.0234375
0 0.3359375 0.1765625 0.0140625 0.021875
0 0.32265625 0.1875 0.015625 0.0234375
0 0.29140625 0.17421875 0.0125 0.0203125
0 0.30625 0.18046875 0.015625 0.0203125
0 0.2796875 0.1890625 0.0125 0.01875
0 0.29609375 0.1953125 0.015625 0.0203125
0 0.3109375 0.2015625 0.015625 0.01875
0 0.27265625 0.20625 0.0171875 0.01875
0 0.28828125 0.2125 0.0171875 0.0203125
0 0.3046875 0.2203125 0.015625 0.021875
0 0.2921875 0.2328125 0.015625 0.01875
0 0.2953125 0.24921875 0.015625 0.015625
0 0.259375 0.23125 0.0140625 0.01875
0 0.26328125 0.2515625 0.0171875 0.01875
0 0.2765625 0.23359375 0.0171875 0.021875
0 0.2796875 0.25234375 0.015625 0.0171875
0 0.1484375 0.26875 0.015625 0.021875
0 0.13046875 0.2671875 0.015625 0.021875
0 0.1046875 0.27734375 0.0171875 0.0234375
0 0.15390625 0.29140625 0.015625 0.021875
0 0.128125 0.28671875 0.0171875 0.021875
0 0.1078125 0.29921875 0.015625 0.021875
0 0.090625 0.3015625 0.015625 0.021875
0 0.0609375 0.30078125 0.015625 0.0203125
0 0.01171875 0.296875 0.015625 0.021875
0 0.04140625 0.3125 0.015625 0.021875
0 0.0234375 0.31484375 0.015625 0.021875
0 0.0078125 0.3171875 0.015625 0.021875
0 0.15703125 0.3125 0.0171875 0.01875
0 0.140625 0.30078125 0.015625 0.021875
0 0.1546875 0.3375 0.0171875 0.0203125
0 0.1578125 0.35859375 0.015625 0.01875
0 0.159375 0.37890625 0.015625 0.01875
0 0.1578125 0.39765625 0.0140625 0.0125
0 0.1359375 0.32421875 0.0171875 0.01875
0 0.12265625 0.309375 0.015625 0.01875
0 0.109375 0.31875 0.0171875 0.0203125
0 0.090625 0.32578125 0.015625 0.01875
0 0.07578125 0.315625 0.015625 0.021875
0 0.05859375 0.3234375 0.015625 0.0203125
0 0.0375 0.3390625 0.015625 0.021875
0 0.01640625 0.33671875 0.0171875 0.021875
0 0.00390625 0.340625 0.0078125 0.021875
0 0.125 0.3359375 0.015625 0.01875
0 0.1390625 0.3453125 0.01875 0.01875
0 0.14375 0.36484375 0.015625 0.01875
0 0.1453125 0.38671875 0.015625 0.0203125
0 0.140625 0.4015625 0.015625 0.0109375
0 0.1296875 0.3734375 0.015625 0.015625
0 0.128125 0.3921875 0.0171875 0.01875
0 0.12421875 0.40625 0.015625 0.0125
0 0.10703125 0.33984375 0.015625 0.01875
0 0.1203125 0.35546875 0.0171875 0.01875
0 0.11328125 0.375 0.015625 0.0203125
0 0.1125 0.3953125 0.015625 0.01875
0 0.1078125 0.409375 0.015625 0.0125
0 0.0875 0.346875 0.015625 0.01875
0 0.0734375 0.3390625 0.015625 0.021875
0 0.05625 0.34765625 0.0171875 0.021875
0 0.03046875 0.35859375 0.015625 0.01875
0 0.0140625 0.36015625 0.015625 0.0203125
0 0.0046875 0.371875 0.009375 0.021875
0 0.08359375 0.365625 0.01875 0.021875
0 0.09765625 0.37734375 0.015625 0.01875
0 0.103125 0.3578125 0.015625 0.01875
0 0.09609375 0.39921875 0.0140625 0.01875
0 0.0921875 0.4140625 0.015625 0.0125
0 0.08359375 0.38515625 0.015625 0.01875
0 0.08046875 0.40390625 0.0171875 0.01875
0 0.07734375 0.41953125 0.015625 0.0140625
0 0.065625 0.36640625 0.015625 0.0203125
0 0.04921875 0.365625 0.015625 0.0203125
0 0.0390625 0.378125 0.0171875 0.0203125
0 0.02109375 0.3796875 0.015625 0.021875
0 0.009375 0.39140625 0.0109375 0.021875
0 0.0640625 0.38671875 0.0171875 0.01875
0 0.05234375 0.39140625 0.015625 0.021875
0 0.03515625 0.396875 0.015625 0.01875
0 0.01875 0.40859375 0.015625 0.021875
0 0.0640625 0.4078125 0.015625 0.0203125
0 0.05 0.409375 0.0125 0.01875
0 0.0625 0.42265625 0.015625 0.0125
0 0.04765625 0.43046875 0.0125 0.01875
0 0.03515625 0.41640625 0.0171875 0.01875
0 0.03359375 0.434375 0.01875 0.01875
0 0.71015625 0.15859375 0.065625 0.08125
0 0.62265625 0.165625 0.06875 0.084375
0 0.56328125 0.13828125 0.0625 0.08125
0 0.49921875 0.10703125 0.065625 0.084375
0 0.43828125 0.0984375 0.0609375 0.1
0 0.37890625 0.15625 0.0609375 0.08125
0 0.6640625 0.23046875 0.065625 0.0765625
0 0.72578125 0.2625 0.0625 0.075
0 0.61015625 0.265625 0.0609375 0.075
0 0.55234375 0.24140625 0.0609375 0.0734375
0 0.49921875 0.2046875 0.0625 0.0875
0 0.43046875 0.1953125 0.065625 0.08125
0 0.3421875 0.23828125 0.0625 0.0859375
0 0.42265625 0.28203125 0.065625 0.08125
0 0.4828125 0.303125 0.059375 0.0765625
0 0.55546875 0.32890625 0.053125 0.0765625
0 0.671875 0.325 0.0625 0.0609375
0 0.61328125 0.35 0.059375 0.084375
0 0.846875 0.2859375 0.06875 0.0875
0 0.77734375 0.30390625 0.0625 0.08125
0 0.87421875 0.35234375 0.0734375 0.0734375
0 0.8046875 0.36484375 0.065625 0.06875
0 0.734375 0.36640625 0.0640625 0.075
0 0.68125 0.39453125 0.0609375 0.0734375
0 0.62890625 0.44296875 0.0625 0.065625
0 0.56875 0.41875 0.0640625 0.0765625
0 0.5109375 0.3953125 0.059375 0.071875
0 0.4484375 0.37265625 0.05625 0.0828125
0 0.39375 0.346875 0.0578125 0.078125
0 0.340625 0.321875 0.059375 0.06875
0 0.28984375 0.37578125 0.06875 0.075
0 0.3375 0.42890625 0.05625 0.071875
0 0.4 0.42421875 0.053125 0.071875
0 0.46640625 0.43984375 0.0578125 0.071875
0 0.52578125 0.48046875 0.0609375 0.0703125
0 0.584375 0.48984375 0.059375 0.0671875
0 0.63359375 0.51640625 0.05625 0.065625
0 0.68515625 0.471875 0.059375 0.06875
0 0.7671875 0.43125 0.06875 0.0765625
0 0.8609375 0.440625 0.0671875 0.075
0 0.8515625 0.521875 0.05 0.06875
0 0.7984375 0.49609375 0.0625 0.071875
0 0.74140625 0.52109375 0.053125 0.078125
0 0.68359375 0.55234375 0.053125 0.0765625
0 0.84296875 0.5859375 0.059375 0.0625
0 0.778125 0.5765625 0.053125 0.075
0 0.728125 0.6078125 0.053125 0.071875
0 0.64765625 0.62734375 0.053125 0.06875
0 0.5828125 0.57109375 0.05625 0.0625
0 0.584375 0.63671875 0.0484375 0.065625
0 0.4765625 0.53359375 0.05625 0.0625
0 0.52734375 0.55859375 0.0546875 0.065625
0 0.5328125 0.62734375 0.05625 0.0671875
0 0.48046875 0.5984375 0.05625 0.065625
0 0.4859375 0.66875 0.05625 0.065625
0 0.42109375 0.51484375 0.05625 0.06875
0 0.36484375 0.496875 0.0609375 0.06875
0 0.2625 0.45 0.0625 0.071875
0 0.30546875 0.50546875 0.0578125 0.071875
0 0.20390625 0.484375 0.0609375 0.071875
0 0.20078125 0.5609375 0.0546875 0.0609375
0 0.26171875 0.56171875 0.0578125 0.05625
0 0.33828125 0.5703125 0.0609375 0.0625
0 0.40390625 0.584375 0.059375 0.05
0 0.43671875 0.64375 0.065625 0.0625
0 0.36328125 0.65078125 0.0546875 0.0671875
0 0.30078125 0.6125 0.0515625 0.059375
0 0.23515625 0.62890625 0.05625 0.075
0 0.32109375 0.68125 0.053125 0.059375
0 0.2625 0.69296875 0.05625 0.065625
0 0.39921875 0.70390625 0.0578125 0.071875
0 0.3484375 0.75390625 0.04375 0.0578125
0 0.29140625 0.75078125 0.0625 0.059375
0 0.315625 0.815625 0.0625 0.0703125
0 0.3625 0.88828125 0.05625 0.053125
0 0.371875 0.82265625 0.0546875 0.0515625
0 0.4046875 0.76484375 0.053125 0.059375
0 0.42109375 0.86171875 0.053125 0.0609375
0 0.4578125 0.73984375 0.05625 0.06875
0 0.44296875 0.8 0.0609375 0.0609375
0 0.47734375 0.83828125 0.05625 0.0515625
0 0.51640625 0.72734375 0.053125 0.059375
0 0.4984375 0.78359375 0.053125 0.0640625
0 0.5328125 0.828125 0.05625 0.0640625
0 0.575 0.7125 0.0578125 0.0640625
0 0.5515625 0.77421875 0.05 0.05625
0 0.63125 0.6921875 0.05625 0.071875
0 0.6046875 0.76328125 0.05625 0.05625
0 0.5890625 0.82265625 0.053125 0.065625
0 0.68046875 0.67578125 0.05625 0.0703125
0 0.66015625 0.74453125 0.0578125 0.0625
0 0.63828125 0.80703125 0.05 0.059375
0 0.73984375 0.66875 0.059375 0.065625
0 0.79375 0.634375 0.0609375 0.0625
0 0.82578125 0.67890625 0.05625 0.059375
0 0.77421875 0.7078125 0.05625 0.0640625
0 0.7109375 0.72734375 0.05625 0.0609375
0 0.81328125 0.746875 0.053125 0.0609375
0 0.7515625 0.77265625 0.0578125 0.0703125
0 0.6953125 0.7921875 0.059375 0.0703125