0 0.84609375 0.66484375 0.0203125 0.0140625
0 0.840625 0.69453125 0.021875 0.0125
0 0.834375 0.67890625 0.01875 0.015625
0 0.83359375 0.653125 0.0234375 0.009375
0 0.8234375 0.6640625 0.021875 0.0140625
0 0.8125 0.67734375 0.0234375 0.015625
0 0.82578125 0.70859375 0.0203125 0.0125
0 0.81953125 0.69375 0.0203125 0.015625
0 0.8109375 0.7203125 0.01875 0.0125
0 0.8046875 0.70390625 0.0203125 0.015625
0 0.7984375 0.6890625 0.01875 0.015625
0 0.79375 0.72734375 0.01875 0.0171875
0 0.7875 0.71171875 0.0203125 0.0171875
0 0.7796875 0.6953125 0.021875 0.015625
0 0.7671875 0.7078125 0.01875 0.015625
0 0.75078125 0.7046875 0.015625 0.015625
0 0.76875 0.740625 0.01875 0.0140625
0 0.7484375 0.73671875 0.01875 0.0171875
0 0.76640625 0.7234375 0.021875 0.0171875
0 0.74765625 0.7203125 0.0171875 0.015625
0 0.73125 0.8515625 0.021875 0.015625
0 0.7328125 0.86953125 0.021875 0.015625
0 0.72265625 0.8953125 0.0234375 0.0171875
0 0.70859375 0.84609375 0.021875 0.015625
0 0.71328125 0.871875 0.021875 0.0171875
0 0.70078125 0.8921875 0.021875 0.015625
0 0.6984375 0.909375 0.021875 0.015625
0 0.69921875 0.9390625 0.0203125 0.015625
0 0.703125 0.98828125 0.021875 0.015625
0 0.6875 0.95859375 0.021875 0.015625
0 0.68515625 0.9765625 0.021875 0.015625
0 0.6828125 0.9921875 0.021875 0.015625
0 0.6875 0.84296875 0.01875 0.0171875
0 0.69921875 0.859375 0.021875 0.015625
0 0.6625 0.8453125 0.0203125 0.0171875
0 0.64140625 0.8421875 0.01875 0.015625
0 0.62109375 0.840625 0.01875 0.015625
0 0.60234375 0.8421875 0.0125 0.0140625
0 0.67578125 0.8640625 0.01875 0.0171875
0 0.690625 0.87734375 0.01875 0.015625
0 0.68125 0.890625 0.0203125 0.0171875
0 0.67421875 0.909375 0.01875 0.015625
0 0.684375 0.92421875 0.021875 0.015625
0 0.6765625 0.94140625 0.0203125 0.015625
0 0.6609375 0.9625 0.021875 0.015625
0 0.66328125 0.98359375 0.021875 0.0171875
0 0.659375 0.99609375 0.021875 0.0078125
0 0.6640625 0.875 0.01875 0.015625
0 0.6546875 0.8609375 0.01875 0.01875
0 0.63515625 0.85625 0.01875 0.015625
0 0.61328125 0.8546875 0.0203125 0.015625
0 0.5984375 0.859375 0.0109375 0.015625
0 0.6265625 0.8703125 0.015625 0.015625
0 0.6078125 0.871875 0.01875 0.0171875
0 0.59375 0.87578125 0.0125 0.015625
0 0.66015625 0.89296875 0.01875 0.0171875
0 0.64453125 0.8796875 0.01875 0.0171875
0 0.625 0.88671875 0.0203125 0.015625
0 0.6046875 0.8875 0.01875 0.015625
0 0.590625 0.8921875 0.0125 0.015625
0 0.653125 0.9125 0.01875 0.015625
0 0.6609375 0.9265625 0.021875 0.015625
0 0.65234375 0.94375 0.021875 0.0171875
0 0.64140625 0.96953125 0.01875 0.0171875
0 0.63984375 0.9859375 0.0203125 0.015625
0 0.628125 0.9953125 0.021875 0.009375
0 0.634375 0.91640625 0.021875 0.01875
0 0.62265625 0.90234375 0.01875 0.0171875
0 0.6421875 0.896875 0.01875 0.0171875
0 0.60078125 0.90390625 0.01875 0.0140625
0 0.5859375 0.9078125 0.0125 0.015625
0 0.61484375 0.91640625 0.01875 0.015625
0 0.59609375 0.91953125 0.01875 0.0171875
0 0.58046875 0.92265625 0.0140625 0.015625
0 0.63359375 0.934375 0.0203125 0.015625
0 0.634375 0.95078125 0.0203125 0.015625
0 0.621875 0.9609375 0.0203125 0.0171875
0 0.6203125 0.97890625 0.021875 0.0171875
0 0.60859375 0.990625 0.021875 0.0109375
0 0.61328125 0.9359375 0.01875 0.0171875
0 0.60859375 0.94765625 0.021875 0.0140625
0 0.603125 0.96484375 0.01875 0.015625
0 0.59140625 0.98125 0.021875 0.015625
0 0.5921875 0.9359375 0.0203125 0.015625
0 0.590625 0.95 0.01875 0.0140625
0 0.57734375 0.9375 0.0125 0.015625
0 0.56953125 0.95234375 0.01875 0.0140625
0 0.58359375 0.96484375 0.01875 0.0171875
0 0.565625 0.96640625 0.01875 0.01875
0 0.84140625 0.28984375 0.08125 0.065625
0 0.834375 0.37734375 0.084375 0.06875
0 0.86171875 0.43671875 0.08125 0.0625
0 0.89296875 0.50078125 0.084375 0.065625
0 0.9015625 0.56171875 0.1 0.0609375
0 0.84375 0.62109375 0.08125 0.0609375
0 0.76953125 0.3359375 0.0765625 0.065625
0 0.7375 0.27421875 0.075 0.0625
0 0.734375 0.38984375 0.075 0.0609375
0 0.75859375 0.44765625 0.0734375 0.0609375
0 0.7953125 0.50078125 0.0875 0.0625
0 0.8046875 0.56953125 0.08125 0.065625
0 0.76171875 0.6578125 0.0859375 0.0625
0 0.71796875 0.57734375 0.08125 0.065625
0 0.696875 0.5171875 0.0765625 0.059375
0 0.67109375 0.44453125 0.0765625 0.053125
0 0.675 0.328125 0.0609375 0.0625
0 0.65 0.38671875 0.084375 0.059375
0 0.7140625 0.153125 0.0875 0.06875
0 0.69609375 0.22265625 0.08125 0.0625
0 0.64765625 0.12578125 0.0734375 0.0734375
0 0.63515625 0.1953125 0.06875 0.065625
0 0.63359375 0.265625 0.075 0.0640625
0 0.60546875 0.31875 0.0734375 0.0609375
0 0.55703125 0.37109375 0.065625 0.0625
0 0.58125 0.43125 0.0765625 0.0640625
0 0.6046875 0.4890625 0.071875 0.059375
0 0.62734375 0.5515625 0.0828125 0.05625
0 0.653125 0.60625 0.078125 0.0578125
0 0.678125 0.659375 0.06875 0.059375
0 0.62421875 0.71015625 0.075 0.06875
0 0.57109375 0.6625 0.071875 0.05625
0 0.57578125 0.6 0.071875 0.053125
0 0.56015625 0.53359375 0.071875 0.0578125
0 0.51953125 0.47421875 0.0703125 0.0609375
0 0.51015625 0.415625 0.0671875 0.059375
0 0.48359375 0.36640625 0.065625 0.05625
0 0.528125 0.31484375 0.06875 0.059375
0 0.56875 0.2328125 0.0765625 0.06875
0 0.559375 0.1390625 0.075 0.0671875
0 0.478125 0.1484375 0.06875 0.05
0 0.50390625 0.2015625 0.071875 0.0625
0 0.47890625 0.25859375 0.078125 0.053125
0 0.44765625 0.31640625 0.0765625 0.053125
0 0.4140625 0.15703125 0.0625 0.059375
0 0.4234375 0.221875 0.075 0.053125
0 0.3921875 0.271875 0.071875 0.053125
0 0.37265625 0.35234375 0.06875 0.053125
0 0.42890625 0.4171875 0.0625 0.05625
0 0.36328125 0.415625 0.065625 0.0484375
0 0.46640625 0.5234375 0.0625 0.05625
0 0.44140625 0.47265625 0.065625 0.0546875
0 0.37265625 0.4671875 0.0671875 0.05625
0 0.4015625 0.51953125 0.065625 0.05625
0 0.33125 0.5140625 0.065625 0.05625
0 0.48515625 0.57890625 0.06875 0.05625
0 0.503125 0.63515625 0.06875 0.0609375
0 0.55 0.7375 0.071875 0.0625
0 0.49453125 0.69453125 0.071875 0.0578125
0 0.515625 0.79609375 0.071875 0.0609375
0 0.4390625 0.79921875 0.0609375 0.0546875
0 0.43828125 0.73828125 0.05625 0.0578125
0 0.4296875 0.66171875 0.0625 0.0609375
0 0.415625 0.59609375 0.05 0.059375
0 0.35625 0.56328125 0.0625 0.065625
0 0.34921875 0.63671875 0.0671875 0.0546875
0 0.3875 0.69921875 0.059375 0.0515625
0 0.37109375 0.76484375 0.075 0.05625
0 0.31875 0.67890625 0.059375 0.053125
0 0.30703125 0.7375 0.065625 0.05625
0 0.29609375 0.60078125 0.071875 0.0578125
0 0.24609375 0.6515625 0.0578125 0.04375
0 0.24921875 0.70859375 0.059375 0.0625
0 0.184375 0.684375 0.0703125 0.0625
0 0.11171875 0.6375 0.053125 0.05625
0 0.17734375 0.628125 0.0515625 0.0546875
0 0.23515625 0.5953125 0.059375 0.053125
0 0.13828125 0.57890625 0.0609375 0.053125
0 0.26015625 0.5421875 0.06875 0.05625
0 0.2 0.55703125 0.0609375 0.0609375
0 0.16171875 0.52265625 0.0515625 0.05625
0 0.27265625 0.48359375 0.059375 0.053125
0 0.21640625 0.5015625 0.0640625 0.053125
0 0.171875 0.4671875 0.0640625 0.05625
0 0.2875 0.425 0.0640625 0.0578125
0 0.22578125 0.4484375 0.05625 0.05
0 0.3078125 0.36875 0.071875 0.05625
0 0.23671875 0.3953125 0.05625 0.05625
0 0.17734375 0.4109375 0.065625 0.053125
0 0.32421875 0.31953125 0.0703125 0.05625
0 0.25546875 0.33984375 0.0625 0.0578125
0 0.19296875 0.36171875 0.059375 0.05
0 0.33125 0.26015625 0.065625 0.059375
0 0.365625 0.20625 0.0625 0.0609375
0 0.32109375 0.17421875 0.059375 0.05625
0 0.2921875 0.22578125 0.0640625 0.05625
0 0.27265625 0.2890625 0.0609375 0.05625
0 0.253125 0.18671875 0.0609375 0.053125
0 0.22734375 0.2484375 0.0703125 0.0578125
0 0.2078125 0.3046875 0.0703125 0.059375