0 0.7578125 0.9921875 0.0375 0.0109375
0 0.728125 0.97890625 0.028125 0.0390625
0 0.7046875 0.9921875 0.025 0.015625
0 0.7078125 0.95078125 0.0265625 0.0375
0 0.68515625 0.97109375 0.025 0.0421875
0 0.659375 0.9859375 0.025 0.028125
0 0.68828125 0.92109375 0.0265625 0.040625
0 0.69921875 0.85 0.028125 0.040625
0 0.6984375 0.78984375 0.028125 0.0390625
0 0.659375 0.9453125 0.025 0.0375
0 0.6609375 0.89609375 0.0296875 0.040625
0 0.66171875 0.85390625 0.028125 0.0375
0 0.66640625 0.81953125 0.0265625 0.0375
0 0.546875 0.56328125 0.0375 0.0515625
0 0.55234375 0.51484375 0.0390625 0.05
0 0.55234375 0.4609375 0.0375 0.05
0 0.5875 0.425 0.034375 0.053125
0 0.5546875 0.409375 0.034375 0.0546875
0 0.54921875 0.34765625 0.0328125 0.0515625
0 0.590625 0.296875 0.0375 0.0546875
0 0.55390625 0.2953125 0.034375 0.05
0 0.6796875 0.05 0.021875 0.04375
0 0.62578125 0.0078125 0.040625 0.0140625
0 0.66171875 0.075 0.03125 0.040625
0 0.6296875 0.05703125 0.0328125 0.04375
0 0.4515625 0.1828125 0.046875 0.034375
0 0.4609375 0.13125 0.0375 0.0375
0 0.4125 0.0375 0.0625 0.053125
0 0.42578125 0.16328125 0.0484375 0.034375
0 0.4203125 0.12421875 0.05 0.05
0 0.40703125 0.14453125 0.0375 0.0328125
0 0.378125 0.0765625 0.0515625 0.046875
0 0.36953125 0.1375 0.0515625 0.046875
0 0.34609375 0.0296875 0.0625 0.053125
0 0.32109375 0.0796875 0.0578125 0.04375
0 0.28125 0.0328125 0.0640625 0.046875