0 0.1640625 0.7046875 0.06875 0.053125
0 0.23046875 0.94375 0.075 0.05625
0 0.23515625 0.8828125 0.071875 0.05625
0 0.19765625 0.8234375 0.06875 0.0546875
0 0.20859375 0.765625 0.0640625 0.053125
0 0.27578125 0.9734375 0.059375 0.053125
0 0.29609375 0.909375 0.0625 0.059375
0 0.28125 0.815625 0.065625 0.0515625
0 0.25625 0.728125 0.06875 0.05625
0 0.32109375 0.7546875 0.065625 0.0625
0 0.3515625 0.8046875 0.065625 0.059375
0 0.34140625 0.8640625 0.0640625 0.0609375
0 0.35078125 0.96953125 0.071875 0.053125
0 0.3859375 0.91484375 0.06875 0.0578125
0 0.4109375 0.8609375 0.06875 0.053125
0 0.42734375 0.80546875 0.075 0.0515625
0 0.39375 0.7140625 0.0625 0.053125
0 0.4359375 0.95234375 0.0703125 0.0640625
0 0.4609375 0.896875 0.0703125 0.05625
0 0.475 0.840625 0.06875 0.05625
0 0.44609375 0.74921875 0.06875 0.053125
0 0.49375 0.7890625 0.0703125 0.0578125
0 0.50078125 0.9515625 0.0625 0.0625
0 0.5265625 0.8796875 0.06875 0.059375
0 0.5421875 0.82421875 0.0734375 0.053125
0 0.56328125 0.765625 0.06875 0.046875
0 0.4640625 0.6984375 0.065625 0.0515625
0 0.52421875 0.7296875 0.0703125 0.05625
0 0.53515625 0.675 0.071875 0.05
0 0.5984375 0.71640625 0.06875 0.053125
0 0.56171875 0.92109375 0.0703125 0.05625
0 0.60625 0.86484375 0.065625 0.053125
0 0.6140625 0.80546875 0.0703125 0.0546875
0 0.6375 0.92890625 0.0734375 0.053125
0 0.671875 0.88046875 0.075 0.046875
0 0.6765625 0.828125 0.0703125 0.0515625
0 0.6953125 0.77734375 0.06875 0.046875
0 0.6859375 0.72578125 0.071875 0.05
0 0.67109375 0.675 0.065625 0.046875
0 0.6109375 0.65 0.0625 0.05
0 0.67421875 0.625 0.065625 0.053125
0 0.24765625 0.66015625 0.0640625 0.046875
0 0.20078125 0.61953125 0.0734375 0.0625
0 0.26953125 0.61328125 0.065625 0.0546875
0 0.2421875 0.5484375 0.075 0.05625
0 0.21328125 0.50390625 0.075 0.0609375
0 0.21796875 0.43203125 0.071875 0.059375
0 0.253125 0.36484375 0.06875 0.0515625
0 0.27734375 0.31796875 0.071875 0.053125
0 0.28046875 0.4734375 0.06875 0.059375
0 0.2921875 0.4109375 0.06875 0.053125
0 0.315625 0.67890625 0.065625 0.053125
0 0.33828125 0.6171875 0.071875 0.05625
0 0.31484375 0.5203125 0.065625 0.05625
0 0.35703125 0.5640625 0.065625 0.05625
0 0.38671875 0.66015625 0.0671875 0.053125
0 0.47421875 0.64609375 0.065625 0.05
0 0.41015625 0.60390625 0.0703125 0.0546875
0 0.434375 0.5484375 0.075 0.0546875
0 0.38515625 0.503125 0.0625 0.053125
0 0.3421875 0.46484375 0.05625 0.053125
0 0.35078125 0.35703125 0.071875 0.0515625
0 0.34765625 0.284375 0.0671875 0.0546875
0 0.36015625 0.2390625 0.078125 0.046875
0 0.4 0.43046875 0.06875 0.05
0 0.428125 0.36640625 0.071875 0.053125
0 0.44921875 0.3171875 0.084375 0.0453125
0 0.421875 0.2640625 0.06875 0.053125
0 0.48046875 0.22109375 0.075 0.053125
0 0.4453125 0.47421875 0.06875 0.053125
0 0.46875 0.4140625 0.06875 0.05
0 0.49453125 0.36171875 0.0703125 0.053125
0 0.5109375 0.28359375 0.065625 0.0484375
0 0.54375 0.2390625 0.06875 0.05
0 0.48046875 0.5953125 0.078125 0.0625
0 0.5 0.53125 0.075 0.053125
0 0.53046875 0.459375 0.08125 0.05
0 0.5375 0.4046875 0.071875 0.053125
0 0.553125 0.33125 0.075 0.0546875
0 0.5828125 0.28046875 0.071875 0.053125
0 0.640625 0.24375 0.071875 0.05625
0 0.54921875 0.56953125 0.065625 0.053125
0 0.5609375 0.50859375 0.075 0.05625
0 0.59375 0.4375 0.065625 0.05625
0 0.6 0.37578125 0.071875 0.0609375
0 0.6359375 0.31484375 0.075 0.059375
0 0.6078125 0.59765625 0.065625 0.05625
0 0.61171875 0.54609375 0.078125 0.05625
0 0.62890625 0.4890625 0.06875 0.0515625
0 0.6609375 0.421875 0.075 0.05625
0 0.67265625 0.3625 0.071875 0.046875
0 0.675 0.5734375 0.0625 0.0546875
0 0.70703125 0.52109375 0.078125 0.0546875
0 0.696875 0.4671875 0.06875 0.053125