0 0.8359375 0.2953125 0.06875 0.053125
0 0.76953125 0.05625 0.075 0.05625
0 0.76484375 0.1171875 0.071875 0.05625
0 0.80234375 0.1765625 0.06875 0.0546875
0 0.79140625 0.234375 0.0640625 0.053125
0 0.72421875 0.0265625 0.059375 0.053125
0 0.70390625 0.090625 0.0625 0.059375
0 0.71875 0.184375 0.065625 0.0515625
0 0.74375 0.271875 0.06875 0.05625
0 0.67890625 0.2453125 0.065625 0.0625
0 0.6484375 0.1953125 0.065625 0.059375
0 0.65859375 0.1359375 0.0640625 0.059375
0 0.64921875 0.03046875 0.071875 0.053125
0 0.6140625 0.08515625 0.06875 0.0578125
0 0.5890625 0.1390625 0.06875 0.053125
0 0.57265625 0.19453125 0.075 0.0515625
0 0.60625 0.2859375 0.0625 0.053125
0 0.5640625 0.04765625 0.0703125 0.0640625
0 0.5390625 0.103125 0.0703125 0.05625
0 0.525 0.159375 0.06875 0.05625
0 0.55390625 0.25078125 0.06875 0.053125
0 0.50625 0.2109375 0.0703125 0.0578125
0 0.49921875 0.0484375 0.0625 0.0625
0 0.4734375 0.1203125 0.06875 0.059375
0 0.4578125 0.17578125 0.0734375 0.053125
0 0.43671875 0.234375 0.06875 0.046875
0 0.5359375 0.3015625 0.065625 0.0515625
0 0.47578125 0.2703125 0.0703125 0.05625
0 0.46484375 0.325 0.071875 0.05
0 0.4015625 0.28359375 0.06875 0.053125
0 0.43828125 0.07890625 0.0703125 0.05625
0 0.39375 0.13515625 0.065625 0.053125
0 0.3859375 0.19453125 0.0703125 0.0546875
0 0.3625 0.07109375 0.0734375 0.053125
0 0.328125 0.11953125 0.075 0.046875
0 0.3234375 0.171875 0.0703125 0.0515625
0 0.3046875 0.22265625 0.06875 0.046875
0 0.3140625 0.27421875 0.071875 0.05
0 0.32890625 0.325 0.065625 0.046875
0 0.3890625 0.35 0.0625 0.05
0 0.32578125 0.375 0.065625 0.053125
0 0.75234375 0.33984375 0.0640625 0.046875
0 0.79921875 0.38046875 0.0734375 0.0625
0 0.73046875 0.38671875 0.065625 0.0546875
0 0.7578125 0.4515625 0.075 0.05625
0 0.78671875 0.49609375 0.075 0.0609375
0 0.78203125 0.56796875 0.071875 0.059375
0 0.746875 0.63515625 0.06875 0.0515625
0 0.72265625 0.68203125 0.071875 0.053125
0 0.71953125 0.5265625 0.06875 0.059375
0 0.7078125 0.5890625 0.06875 0.053125
0 0.684375 0.32109375 0.065625 0.053125
0 0.66171875 0.3828125 0.071875 0.05625
0 0.68515625 0.4796875 0.065625 0.05625
0 0.64296875 0.4359375 0.065625 0.05625
0 0.61328125 0.33984375 0.0671875 0.053125
0 0.52578125 0.35390625 0.065625 0.05
0 0.58984375 0.39609375 0.0703125 0.0546875
0 0.565625 0.4515625 0.075 0.0546875
0 0.61484375 0.496875 0.0625 0.053125
0 0.6578125 0.53515625 0.05625 0.053125
0 0.64921875 0.64296875 0.071875 0.0515625
0 0.65234375 0.715625 0.0671875 0.0546875
0 0.63984375 0.7609375 0.078125 0.046875
0 0.6 0.56953125 0.06875 0.05
0 0.571875 0.63359375 0.071875 0.053125
0 0.55078125 0.6828125 0.084375 0.0453125
0 0.578125 0.7359375 0.06875 0.053125
0 0.51953125 0.77890625 0.075 0.053125
0 0.5546875 0.52578125 0.06875 0.053125
0 0.53125 0.5859375 0.06875 0.05
0 0.50546875 0.63828125 0.0703125 0.053125
0 0.4890625 0.71640625 0.065625 0.0484375
0 0.45625 0.7609375 0.06875 0.05
0 0.51953125 0.4046875 0.078125 0.0625
0 0.5 0.46875 0.075 0.053125
0 0.46953125 0.540625 0.08125 0.05
0 0.4625 0.5953125 0.071875 0.053125
0 0.446875 0.66875 0.075 0.0546875
0 0.4171875 0.71953125 0.071875 0.053125
0 0.359375 0.75625 0.071875 0.05625
0 0.45078125 0.43046875 0.065625 0.053125
0 0.4390625 0.49140625 0.075 0.05625
0 0.40625 0.5625 0.065625 0.05625
0 0.4 0.62421875 0.071875 0.0609375
0 0.3640625 0.68515625 0.075 0.059375
0 0.3921875 0.40234375 0.065625 0.05625
0 0.38828125 0.45390625 0.078125 0.05625
0 0.37109375 0.5109375 0.06875 0.0515625
0 0.3390625 0.578125 0.075 0.05625
0 0.32734375 0.6375 0.071875 0.046875
0 0.325 0.4265625 0.0625 0.0546875
0 0.29296875 0.47890625 0.078125 0.0546875
0 0.303125 0.5328125 0.06875 0.053125