0 0.9390625 0.27109375 0.0375 0.053125
0 0.9109375 0.26640625 0.0453125 0.05625
0 0.8859375 0.2359375 0.040625 0.05625
0 0.8453125 0.23046875 0.046875 0.053125
0 0.796875 0.23359375 0.0421875 0.05625
0 0.75 0.234375 0.040625 0.053125
0 0.70625 0.23359375 0.04375 0.053125
0 0.66484375 0.240625 0.0390625 0.053125
0 0.8484375 0.27890625 0.04375 0.046875
0 0.8078125 0.278125 0.034375 0.04375
0 0.77421875 0.28359375 0.046875 0.053125
0 0.7265625 0.28515625 0.04375 0.053125
0 0.6828125 0.28359375 0.040625 0.05
0 0.640625 0.29140625 0.040625 0.05
0 0.915625 0.3109375 0.046875 0.04375
0 0.8734375 0.30546875 0.040625 0.053125
0 0.828125 0.32578125 0.040625 0.046875
0 0.790625 0.33203125 0.0390625 0.053125
0 0.74375 0.32734375 0.040625 0.05
0 0.70234375 0.33046875 0.040625 0.046875
0 0.659375 0.32734375 0.0375 0.04375
0 0.61875 0.33203125 0.0375 0.053125
0 0.9234375 0.35078125 0.0375 0.040625
0 0.89375 0.35625 0.0375 0.053125
0 0.8671875 0.3609375 0.04375 0.05
0 0.8 0.36953125 0.040625 0.05
0 0.753125 0.36953125 0.0375 0.046875
0 0.7171875 0.375 0.04375 0.04375
0 0.675 0.37734375 0.034375 0.046875
0 0.6390625 0.37890625 0.0375 0.05
0 0.6015625 0.38984375 0.040625 0.05625
0 0.96875 0.40546875 0.04375 0.053125
0 0.91875 0.39765625 0.040625 0.05
0 0.871875 0.3984375 0.040625 0.04375
0 0.83515625 0.39765625 0.0390625 0.04375
0 0.77890625 0.4140625 0.0421875 0.04375
0 0.7296875 0.41796875 0.0375 0.046875
0 0.6921875 0.41484375 0.0375 0.046875
0 0.659375 0.42421875 0.040625 0.05
0 0.6203125 0.4234375 0.0375 0.04375
0 0.5828125 0.42265625 0.0375 0.05
0 0.9578125 0.47421875 0.053125 0.040625
0 0.921875 0.4328125 0.034375 0.03125
0 0.8890625 0.43828125 0.040625 0.04375
0 0.85390625 0.44453125 0.0453125 0.04375
0 0.809375 0.44921875 0.040625 0.046875
0 0.75 0.446875 0.040625 0.040625
0 0.7171875 0.47109375 0.0390625 0.046875
0 0.67734375 0.47265625 0.0375 0.046875
0 0.640625 0.46796875 0.0375 0.046875
0 0.603125 0.47265625 0.0375 0.04375
0 0.565625 0.47109375 0.0375 0.04375
0 0.90625 0.47421875 0.0375 0.046875
0 0.865625 0.47734375 0.040625 0.040625
0 0.825 0.47890625 0.040625 0.04375
0 0.778125 0.4921875 0.0390625 0.046875
0 0.734375 0.49296875 0.0375 0.046875
0 0.6890625 0.51328125 0.04375 0.046875
0 0.646875 0.52109375 0.0375 0.046875
0 0.609375 0.5203125 0.034375 0.040625
0 0.5734375 0.51328125 0.0375 0.05
0 0.9359375 0.51796875 0.040625 0.040625
0 0.8859375 0.51171875 0.0359375 0.040625
0 0.84375 0.5140625 0.040625 0.04375
0 0.8015625 0.5171875 0.0375 0.040625
0 0.75703125 0.53203125 0.034375 0.0375
0 0.715625 0.53515625 0.0375 0.046875
0 0.66328125 0.55 0.0375 0.04375
0 0.621875 0.55234375 0.034375 0.0375
0 0.5859375 0.55703125 0.0328125 0.04375
0 0.90078125 0.54921875 0.0359375 0.04375
0 0.8703125 0.5546875 0.04375 0.053125
0 0.821875 0.55 0.0375 0.046875
0 0.82890625 0.57578125 0.0328125 0.034375
0 0.7890625 0.56171875 0.0421875 0.046875
0 0.79375 0.58828125 0.028125 0.034375
0 0.89453125 0.60234375 0.0359375 0.05
0 0.85 0.61015625 0.034375 0.04375
0 0.8125 0.609375 0.0375 0.0375
0 0.7625 0.59453125 0.0375 0.04375
0 0.7734375 0.61796875 0.0390625 0.034375
0 0.7359375 0.5734375 0.040625 0.04375
0 0.6953125 0.57890625 0.0375 0.04375
0 0.7109375 0.6078125 0.0359375 0.040625
0 0.73359375 0.62734375 0.0375 0.040625
0 0.67109375 0.59765625 0.034375 0.040625
0 0.6921875 0.6421875 0.0375 0.040625
0 0.64375 0.58515625 0.040625 0.0375
0 0.6203125 0.62109375 0.0375 0.046875
0 0.6546875 0.64140625 0.034375 0.04375
0 0.23515625 0.21796875 0.0453125 0.05625
0 0.178125 0.228125 0.04375 0.059375
0 0.2984375 0.24921875 0.0359375 0.053125
0 0.2609375 0.2875 0.0375 0.053125
0 0.2046875 0.27734375 0.0453125 0.05625
0 0.1609375 0.271875 0.0421875 0.053125
0 0.33125 0.27578125 0.040625 0.053125
0 0.375 0.27109375 0.04375 0.05
0 0.41953125 0.2828125 0.040625 0.05625
0 0.4421875 0.3296875 0.040625 0.05625
0 0.3984375 0.3359375 0.0375 0.053125
0 0.3578125 0.32265625 0.04375 0.053125
0 0.31171875 0.31953125 0.0421875 0.053125
0 0.271875 0.33828125 0.0375 0.053125
0 0.2203125 0.334375 0.040625 0.05625
0 0.18359375 0.32421875 0.040625 0.05625
0 0.128125 0.31875 0.04375 0.05
0 0.4625 0.3875 0.0421875 0.05
0 0.4203125 0.38203125 0.0375 0.05
0 0.378125 0.38203125 0.040625 0.053125
0 0.3390625 0.36171875 0.040625 0.05625
0 0.3 0.38515625 0.040625 0.053125
0 0.2484375 0.38046875 0.0421875 0.046875
0 0.2015625 0.37578125 0.040625 0.05
0 0.1609375 0.371875 0.0375 0.053125
0 0.125 0.36171875 0.0359375 0.046875
0 0.4890625 0.42421875 0.046875 0.046875
0 0.4390625 0.42890625 0.04375 0.05
0 0.4 0.41640625 0.040625 0.053125
0 0.3546875 0.41953125 0.040625 0.046875
0 0.31875 0.43203125 0.0375 0.053125
0 0.2796875 0.41484375 0.040625 0.046875
0 0.221875 0.42734375 0.046875 0.05625
0 0.18671875 0.415625 0.040625 0.05625
0 0.15 0.41328125 0.0375 0.05625
0 0.115625 0.39921875 0.040625 0.053125
0 0.4953125 0.47265625 0.0390625 0.04375
0 0.45390625 0.4734375 0.0375 0.053125
0 0.41484375 0.46640625 0.0359375 0.05
0 0.37734375 0.45703125 0.04375 0.05
0 0.2921875 0.4703125 0.0375 0.05
0 0.2515625 0.46796875 0.04375 0.046875
0 0.2109375 0.47265625 0.040625 0.040625
0 0.1875 0.4546875 0.0375 0.046875
0 0.14140625 0.459375 0.04375 0.046875
0 0.09765625 0.45 0.040625 0.046875
0 0.5046875 0.51640625 0.040625 0.04375
0 0.4671875 0.51640625 0.040625 0.040625
0 0.4296875 0.51171875 0.04375 0.053125
0 0.3859375 0.509375 0.04375 0.05
0 0.34765625 0.49453125 0.0421875 0.05
0 0.3125 0.51171875 0.040625 0.046875
0 0.26875 0.5140625 0.0375 0.05
0 0.2328125 0.51171875 0.0390625 0.05
0 0.1859375 0.52265625 0.0375 0.05
0 0.1484375 0.5125 0.0375 0.053125
0 0.1140625 0.5109375 0.0375 0.059375
0 0.4953125 0.546875 0.0375 0.0375
0 0.4546875 0.55625 0.0375 0.034375
0 0.41953125 0.55 0.040625 0.046875
0 0.371875 0.5546875 0.040625 0.05
0 0.3375 0.5421875 0.0375 0.05
0 0.2953125 0.54921875 0.040625 0.05625
0 0.2515625 0.56015625 0.0421875 0.040625
0 0.203125 0.565625 0.04375 0.053125
0 0.159375 0.5625 0.0421875 0.05
0 0.125 0.55859375 0.040625 0.053125
0 0.478125 0.58359375 0.034375 0.0375
0 0.434375 0.58984375 0.040625 0.04375
0 0.396875 0.58203125 0.046875 0.04375
0 0.35703125 0.58671875 0.040625 0.046875
0 0.31171875 0.59453125 0.0359375 0.04375
0 0.271875 0.59609375 0.040625 0.05
0 0.23046875 0.60078125 0.0421875 0.05
0 0.18984375 0.60546875 0.0390625 0.040625
0 0.14375 0.60390625 0.04375 0.05
0 0.4546875 0.62421875 0.0375 0.040625
0 0.40859375 0.63515625 0.0390625 0.04375
0 0.37578125 0.62109375 0.0375 0.04375
0 0.334375 0.634375 0.0375 0.040625
0 0.296875 0.62734375 0.034375 0.046875
0 0.259375 0.63828125 0.040625 0.046875
0 0.21875 0.64140625 0.034375 0.04375
0 0.171875 0.63984375 0.040625 0.046875
0 0.43125 0.66640625 0.0359375 0.053125
0 0.3921875 0.67734375 0.0375 0.046875
0 0.353125 0.6765625 0.034375 0.05
0 0.3140625 0.67734375 0.0375 0.04375
0 0.275 0.68046875 0.034375 0.040625
0 0.2390625 0.68515625 0.0375 0.04375
0 0.1953125 0.67421875 0.040625 0.04375