0 0.0609375 0.27109375 0.0375 0.053125
0 0.0890625 0.26640625 0.0453125 0.05625
0 0.1140625 0.2359375 0.040625 0.05625
0 0.1546875 0.23046875 0.046875 0.053125
0 0.203125 0.23359375 0.0421875 0.05625
0 0.25 0.234375 0.040625 0.053125
0 0.29375 0.23359375 0.04375 0.053125
0 0.33515625 0.240625 0.0390625 0.053125
0 0.1515625 0.27890625 0.04375 0.046875
0 0.1921875 0.278125 0.034375 0.04375
0 0.22578125 0.28359375 0.046875 0.053125
0 0.2734375 0.28515625 0.04375 0.053125
0 0.3171875 0.28359375 0.040625 0.05
0 0.359375 0.29140625 0.040625 0.05
0 0.084375 0.3109375 0.046875 0.04375
0 0.1265625 0.30546875 0.040625 0.053125
0 0.171875 0.32578125 0.040625 0.046875
0 0.209375 0.33203125 0.0390625 0.053125
0 0.25625 0.32734375 0.040625 0.05
0 0.29765625 0.33046875 0.040625 0.046875
0 0.340625 0.32734375 0.0375 0.04375
0 0.38125 0.33203125 0.0375 0.053125
0 0.0765625 0.35078125 0.0375 0.040625
0 0.10625 0.35625 0.0375 0.053125
0 0.1328125 0.3609375 0.04375 0.05
0 0.2 0.36953125 0.040625 0.05
0 0.246875 0.36953125 0.0375 0.046875
0 0.2828125 0.375 0.04375 0.04375
0 0.325 0.37734375 0.034375 0.046875
0 0.3609375 0.37890625 0.0375 0.05
0 0.3984375 0.38984375 0.040625 0.05625
0 0.03125 0.40546875 0.04375 0.053125
0 0.08125 0.39765625 0.040625 0.05
0 0.128125 0.3984375 0.040625 0.04375
0 0.16484375 0.39765625 0.0390625 0.04375
0 0.22109375 0.4140625 0.0421875 0.04375
0 0.2703125 0.41796875 0.0375 0.046875
0 0.3078125 0.41484375 0.0375 0.046875
0 0.340625 0.42421875 0.040625 0.05
0 0.3796875 0.4234375 0.0375 0.04375
0 0.4171875 0.42265625 0.0375 0.05
0 0.0421875 0.47421875 0.053125 0.040625
0 0.078125 0.4328125 0.034375 0.03125
0 0.1109375 0.43828125 0.040625 0.04375
0 0.14609375 0.44453125 0.0453125 0.04375
0 0.190625 0.44921875 0.040625 0.046875
0 0.25 0.446875 0.040625 0.040625
0 0.2828125 0.47109375 0.0390625 0.046875
0 0.32265625 0.47265625 0.0375 0.046875
0 0.359375 0.46796875 0.0375 0.046875
0 0.396875 0.47265625 0.0375 0.04375
0 0.434375 0.47109375 0.0375 0.04375
0 0.09375 0.47421875 0.0375 0.046875
0 0.134375 0.47734375 0.040625 0.040625
0 0.175 0.47890625 0.040625 0.04375
0 0.221875 0.4921875 0.0390625 0.046875
0 0.265625 0.49296875 0.0375 0.046875
0 0.3109375 0.51328125 0.04375 0.046875
0 0.353125 0.52109375 0.0375 0.046875
0 0.390625 0.5203125 0.034375 0.040625
0 0.4265625 0.51328125 0.0375 0.05
0 0.0640625 0.51796875 0.040625 0.040625
0 0.1140625 0.51171875 0.0359375 0.040625
0 0.15625 0.5140625 0.040625 0.04375
0 0.1984375 0.5171875 0.0375 0.040625
0 0.24296875 0.53203125 0.034375 0.0375
0 0.284375 0.53515625 0.0375 0.046875
0 0.33671875 0.55 0.0375 0.04375
0 0.378125 0.55234375 0.034375 0.0375
0 0.4140625 0.55703125 0.0328125 0.04375
0 0.09921875 0.54921875 0.0359375 0.04375
0 0.1296875 0.5546875 0.04375 0.053125
0 0.178125 0.55 0.0375 0.046875
0 0.17109375 0.57578125 0.0328125 0.034375
0 0.2109375 0.56171875 0.0421875 0.046875
0 0.20625 0.58828125 0.028125 0.034375
0 0.10546875 0.60234375 0.0359375 0.05
0 0.15 0.61015625 0.034375 0.04375
0 0.1875 0.609375 0.0375 0.0375
0 0.2375 0.59453125 0.0375 0.04375
0 0.2265625 0.61796875 0.0390625 0.034375
0 0.2640625 0.5734375 0.040625 0.04375
0 0.3046875 0.57890625 0.0375 0.04375
0 0.2890625 0.6078125 0.0359375 0.040625
0 0.26640625 0.62734375 0.0375 0.040625
0 0.32890625 0.59765625 0.034375 0.040625
0 0.3078125 0.6421875 0.0375 0.040625
0 0.35625 0.58515625 0.040625 0.0375
0 0.3796875 0.62109375 0.0375 0.046875
0 0.3453125 0.64140625 0.034375 0.04375
0 0.76484375 0.21796875 0.0453125 0.05625
0 0.821875 0.228125 0.04375 0.059375
0 0.7015625 0.24921875 0.0359375 0.053125
0 0.7390625 0.2875 0.0375 0.053125
0 0.7953125 0.27734375 0.0453125 0.05625
0 0.8390625 0.271875 0.0421875 0.053125
0 0.66875 0.27578125 0.040625 0.053125
0 0.625 0.27109375 0.04375 0.05
0 0.58046875 0.2828125 0.040625 0.05625
0 0.5578125 0.3296875 0.040625 0.05625
0 0.6015625 0.3359375 0.0375 0.053125
0 0.6421875 0.32265625 0.04375 0.053125
0 0.68828125 0.31953125 0.0421875 0.053125
0 0.728125 0.33828125 0.0375 0.053125
0 0.7796875 0.334375 0.040625 0.05625
0 0.81640625 0.32421875 0.040625 0.05625
0 0.871875 0.31875 0.04375 0.05
0 0.5375 0.3875 0.0421875 0.05
0 0.5796875 0.38203125 0.0375 0.05
0 0.621875 0.38203125 0.040625 0.053125
0 0.6609375 0.36171875 0.040625 0.05625
0 0.7 0.38515625 0.040625 0.053125
0 0.7515625 0.38046875 0.0421875 0.046875
0 0.7984375 0.37578125 0.040625 0.05
0 0.8390625 0.371875 0.0375 0.053125
0 0.875 0.36171875 0.0359375 0.046875
0 0.5109375 0.42421875 0.046875 0.046875
0 0.5609375 0.42890625 0.04375 0.05
0 0.6 0.41640625 0.040625 0.053125
0 0.6453125 0.41953125 0.040625 0.046875
0 0.68125 0.43203125 0.0375 0.053125
0 0.7203125 0.41484375 0.040625 0.046875
0 0.778125 0.42734375 0.046875 0.05625
0 0.81328125 0.415625 0.040625 0.05625
0 0.85 0.41328125 0.0375 0.05625
0 0.884375 0.39921875 0.040625 0.053125
0 0.5046875 0.47265625 0.0390625 0.04375
0 0.54609375 0.4734375 0.0375 0.053125
0 0.58515625 0.46640625 0.0359375 0.05
0 0.62265625 0.45703125 0.04375 0.05
0 0.7078125 0.4703125 0.0375 0.05
0 0.7484375 0.46796875 0.04375 0.046875
0 0.7890625 0.47265625 0.040625 0.040625
0 0.8125 0.4546875 0.0375 0.046875
0 0.85859375 0.459375 0.04375 0.046875
0 0.90234375 0.45 0.040625 0.046875
0 0.4953125 0.51640625 0.040625 0.04375
0 0.5328125 0.51640625 0.040625 0.040625
0 0.5703125 0.51171875 0.04375 0.053125
0 0.6140625 0.509375 0.04375 0.05
0 0.65234375 0.49453125 0.0421875 0.05
0 0.6875 0.51171875 0.040625 0.046875
0 0.73125 0.5140625 0.0375 0.05
0 0.7671875 0.51171875 0.0390625 0.05
0 0.8140625 0.52265625 0.0375 0.05
0 0.8515625 0.5125 0.0375 0.053125
0 0.8859375 0.5109375 0.0375 0.059375
0 0.5046875 0.546875 0.0375 0.0375
0 0.5453125 0.55625 0.0375 0.034375
0 0.58046875 0.55 0.040625 0.046875
0 0.628125 0.5546875 0.040625 0.05
0 0.6625 0.5421875 0.0375 0.05
0 0.7046875 0.54921875 0.040625 0.05625
0 0.7484375 0.56015625 0.0421875 0.040625
0 0.796875 0.565625 0.04375 0.053125
0 0.840625 0.5625 0.0421875 0.05
0 0.875 0.55859375 0.040625 0.053125
0 0.521875 0.58359375 0.034375 0.0375
0 0.565625 0.58984375 0.040625 0.04375
0 0.603125 0.58203125 0.046875 0.04375
0 0.64296875 0.58671875 0.040625 0.046875
0 0.68828125 0.59453125 0.0359375 0.04375
0 0.728125 0.59609375 0.040625 0.05
0 0.76953125 0.60078125 0.0421875 0.05
0 0.81015625 0.60546875 0.0390625 0.040625
0 0.85625 0.60390625 0.04375 0.05
0 0.5453125 0.62421875 0.0375 0.040625
0 0.59140625 0.63515625 0.0390625 0.04375
0 0.62421875 0.62109375 0.0375 0.04375
0 0.665625 0.634375 0.0375 0.040625
0 0.703125 0.62734375 0.034375 0.046875
0 0.740625 0.63828125 0.040625 0.046875
0 0.78125 0.64140625 0.034375 0.04375
0 0.828125 0.63984375 0.040625 0.046875
0 0.56875 0.66640625 0.0359375 0.053125
0 0.6078125 0.67734375 0.0375 0.046875
0 0.646875 0.6765625 0.034375 0.05
0 0.6859375 0.67734375 0.0375 0.04375
0 0.725 0.68046875 0.034375 0.040625
0 0.7609375 0.68515625 0.0375 0.04375
0 0.8046875 0.67421875 0.040625 0.04375