0 0.46796875 0.1484375 0.071875 0.059375
0 0.44765625 0.1859375 0.071875 0.05625
0 0.40546875 0.2484375 0.065625 0.0625
0 0.4015625 0.328125 0.071875 0.05625
0 0.47109375 0.365625 0.065625 0.053125
0 0.4765625 0.30703125 0.065625 0.053125
0 0.46875 0.246875 0.059375 0.0609375
0 0.5265625 0.1984375 0.065625 0.05625
0 0.52578125 0.13125 0.065625 0.065625
0 0.53046875 0.25234375 0.06875 0.053125
0 0.534375 0.30390625 0.065625 0.059375
0 0.54296875 0.359375 0.06875 0.0453125
0 0.53203125 0.41484375 0.06875 0.0484375
0 0.59609375 0.44140625 0.053125 0.0484375
0 0.64453125 0.46875 0.053125 0.053125
0 0.6953125 0.5015625 0.05625 0.05
0 0.73984375 0.528125 0.059375 0.053125
0 0.57109375 0.09375 0.059375 0.05625
0 0.58671875 0.15078125 0.059375 0.053125
0 0.5875 0.221875 0.065625 0.05625
0 0.59140625 0.27578125 0.0625 0.053125
0 0.59453125 0.3328125 0.065625 0.05625
0 0.59609375 0.390625 0.059375 0.05
0 0.63671875 0.0953125 0.05625 0.0453125
0 0.65078125 0.14296875 0.0625 0.0515625
0 0.63828125 0.18984375 0.053125 0.053125
0 0.6484375 0.2515625 0.0625 0.05625
0 0.64765625 0.3078125 0.059375 0.0515625
0 0.65234375 0.36015625 0.065625 0.05
0 0.6515625 0.41484375 0.0625 0.0484375
0 0.70234375 0.10625 0.059375 0.05625
0 0.70390625 0.1734375 0.059375 0.053125
0 0.69609375 0.2265625 0.0625 0.05625
0 0.70078125 0.284375 0.0625 0.046875
0 0.70234375 0.334375 0.065625 0.053125
0 0.70078125 0.3875 0.05625 0.046875
0 0.69609375 0.446875 0.0625 0.0484375
0 0.75390625 0.15625 0.05625 0.053125
0 0.75078125 0.20625 0.0625 0.05
0 0.74765625 0.25390625 0.0625 0.0515625
0 0.75390625 0.3078125 0.065625 0.0484375
0 0.75390625 0.3609375 0.059375 0.053125
0 0.34453125 0.365625 0.078125 0.059375
0 0.2828125 0.4 0.08125 0.0625
0 0.30078125 0.459375 0.078125 0.0515625
0 0.27578125 0.5203125 0.06875 0.053125
0 0.27734375 0.6109375 0.08125 0.05625
0 0.30234375 0.6671875 0.084375 0.0546875
0 0.31875 0.7234375 0.078125 0.05
0 0.36796875 0.78515625 0.078125 0.059375
0 0.4484375 0.8328125 0.06875 0.0578125
0 0.52109375 0.846875 0.06875 0.05
0 0.6234375 0.83984375 0.0625 0.053125
0 0.6734375 0.87578125 0.0625 0.0484375
0 0.74453125 0.5953125 0.059375 0.05
0 0.74609375 0.6484375 0.0625 0.046875
0 0.74765625 0.6984375 0.065625 0.046875
0 0.71953125 0.7421875 0.065625 0.05
0 0.7234375 0.79609375 0.0625 0.05
0 0.36171875 0.421875 0.06875 0.05625
0 0.41640625 0.3875 0.0625 0.05625
0 0.34921875 0.5015625 0.071875 0.059375
0 0.32578125 0.55859375 0.075 0.0546875
0 0.35390625 0.61015625 0.071875 0.05625
0 0.3984375 0.7234375 0.08125 0.059375
0 0.44140625 0.75625 0.071875 0.05625
0 0.49765625 0.7890625 0.065625 0.053125
0 0.56015625 0.7984375 0.065625 0.0625
0 0.63359375 0.778125 0.06875 0.05625
0 0.66953125 0.725 0.05625 0.053125
0 0.68984375 0.67109375 0.0625 0.0515625
0 0.68359375 0.6171875 0.059375 0.053125
0 0.69921875 0.56484375 0.059375 0.053125
0 0.4609375 0.428125 0.0625 0.0515625
0 0.4015625 0.465625 0.06875 0.0546875
0 0.42109375 0.5171875 0.0625 0.0515625
0 0.396875 0.5671875 0.065625 0.053125
0 0.40390625 0.646875 0.065625 0.053125
0 0.46796875 0.4859375 0.06875 0.05625
0 0.53203125 0.46875 0.05625 0.05
0 0.59140625 0.49765625 0.0625 0.0515625
0 0.63515625 0.528125 0.065625 0.0515625
0 0.47265625 0.54921875 0.06875 0.05625
0 0.45390625 0.5984375 0.05625 0.046875
0 0.4515625 0.6828125 0.0625 0.053125
0 0.53515625 0.5265625 0.05625 0.053125
0 0.52734375 0.5953125 0.065625 0.053125
0 0.58515625 0.55625 0.059375 0.0515625
0 0.640625 0.58515625 0.065625 0.053125
0 0.49296875 0.6390625 0.065625 0.05625
0 0.50234375 0.725 0.065625 0.059375
0 0.5546875 0.6671875 0.0625 0.059375
0 0.58828125 0.61796875 0.065625 0.05
0 0.63125 0.6453125 0.065625 0.05625
0 0.6140625 0.69375 0.065625 0.0609375
0 0.5703125 0.7328125 0.06875 0.05625
0 0.746875 0.475 0.059375 0.05
0 0.72578125 0.42109375 0.059375 0.05
0 0.73359375 0.86015625 0.065625 0.053125