0 0.53203125 0.8515625 0.071875 0.059375
0 0.55234375 0.8140625 0.071875 0.05625
0 0.59453125 0.7515625 0.065625 0.0625
0 0.5984375 0.671875 0.071875 0.05625
0 0.52890625 0.634375 0.065625 0.053125
0 0.5234375 0.69296875 0.065625 0.053125
0 0.53125 0.753125 0.059375 0.0609375
0 0.4734375 0.8015625 0.065625 0.05625
0 0.47421875 0.86875 0.065625 0.065625
0 0.46953125 0.74765625 0.06875 0.053125
0 0.465625 0.69609375 0.065625 0.059375
0 0.45703125 0.640625 0.06875 0.0453125
0 0.46796875 0.58515625 0.06875 0.0484375
0 0.40390625 0.55859375 0.053125 0.0484375
0 0.35546875 0.53125 0.053125 0.053125
0 0.3046875 0.4984375 0.05625 0.05
0 0.26015625 0.471875 0.059375 0.053125
0 0.42890625 0.90625 0.059375 0.05625
0 0.41328125 0.84921875 0.059375 0.053125
0 0.4125 0.778125 0.065625 0.05625
0 0.40859375 0.72421875 0.0625 0.053125
0 0.40546875 0.6671875 0.065625 0.05625
0 0.40390625 0.609375 0.059375 0.05
0 0.36328125 0.9046875 0.05625 0.0453125
0 0.34921875 0.85703125 0.0625 0.0515625
0 0.36171875 0.81015625 0.053125 0.053125
0 0.3515625 0.7484375 0.0625 0.05625
0 0.35234375 0.6921875 0.059375 0.0515625
0 0.34765625 0.63984375 0.065625 0.05
0 0.3484375 0.58515625 0.0625 0.0484375
0 0.29765625 0.89375 0.059375 0.0578125
0 0.29609375 0.8265625 0.059375 0.053125
0 0.30390625 0.7734375 0.0625 0.05625
0 0.29921875 0.715625 0.0625 0.046875
0 0.29765625 0.665625 0.065625 0.053125
0 0.29921875 0.6125 0.05625 0.046875
0 0.30390625 0.553125 0.0625 0.0484375
0 0.24609375 0.84375 0.05625 0.053125
0 0.24921875 0.79375 0.0625 0.0484375
0 0.25234375 0.74609375 0.0625 0.0515625
0 0.24609375 0.6921875 0.065625 0.0484375
0 0.24609375 0.6390625 0.059375 0.053125
0 0.65546875 0.634375 0.078125 0.059375
0 0.7171875 0.6 0.08125 0.0625
0 0.69921875 0.540625 0.078125 0.0515625
0 0.72421875 0.4796875 0.06875 0.053125
0 0.72265625 0.3890625 0.08125 0.05625
0 0.69765625 0.3328125 0.084375 0.0546875
0 0.68125 0.2765625 0.078125 0.05
0 0.63203125 0.21484375 0.078125 0.059375
0 0.5515625 0.1671875 0.06875 0.0578125
0 0.47890625 0.153125 0.06875 0.05
0 0.3765625 0.16015625 0.0625 0.053125
0 0.3265625 0.12421875 0.0625 0.0484375
0 0.25546875 0.4046875 0.059375 0.05
0 0.25390625 0.3515625 0.0625 0.046875
0 0.25234375 0.3015625 0.065625 0.046875
0 0.28046875 0.2578125 0.065625 0.05
0 0.2765625 0.20390625 0.0625 0.05
0 0.63828125 0.578125 0.06875 0.05625
0 0.58359375 0.6125 0.0625 0.05625
0 0.65078125 0.4984375 0.071875 0.059375
0 0.67421875 0.44140625 0.075 0.0546875
0 0.64609375 0.38984375 0.071875 0.05625
0 0.6015625 0.2765625 0.08125 0.059375
0 0.55859375 0.24375 0.071875 0.05625
0 0.50234375 0.2109375 0.065625 0.053125
0 0.43984375 0.2015625 0.065625 0.0625
0 0.36640625 0.221875 0.06875 0.05625
0 0.33046875 0.275 0.05625 0.053125
0 0.31015625 0.32890625 0.0625 0.0515625
0 0.31640625 0.3828125 0.059375 0.053125
0 0.30078125 0.43515625 0.059375 0.053125
0 0.5390625 0.571875 0.0625 0.0515625
0 0.5984375 0.534375 0.06875 0.0546875
0 0.57890625 0.4828125 0.0625 0.0515625
0 0.603125 0.4328125 0.065625 0.053125
0 0.59609375 0.353125 0.065625 0.053125
0 0.53203125 0.5140625 0.06875 0.05625
0 0.46796875 0.53125 0.05625 0.05
0 0.40859375 0.50234375 0.0625 0.0515625
0 0.36484375 0.471875 0.065625 0.0515625
0 0.52734375 0.45078125 0.06875 0.05625
0 0.54609375 0.4015625 0.05625 0.046875
0 0.5484375 0.3171875 0.0625 0.053125
0 0.46484375 0.4734375 0.05625 0.053125
0 0.47265625 0.4046875 0.065625 0.053125
0 0.41484375 0.44375 0.059375 0.0515625
0 0.359375 0.41484375 0.065625 0.053125
0 0.50703125 0.3609375 0.065625 0.05625
0 0.49765625 0.275 0.065625 0.059375
0 0.4453125 0.3328125 0.0625 0.059375
0 0.41171875 0.38203125 0.065625 0.05
0 0.36875 0.3546875 0.065625 0.05625
0 0.3859375 0.30625 0.065625 0.0609375
0 0.4296875 0.2671875 0.06875 0.05625
0 0.253125 0.525 0.059375 0.05
0 0.27421875 0.57890625 0.059375 0.05
0 0.26640625 0.13984375 0.065625 0.053125