0 0.58359375 0.0359375 0.059375 0.05
0 0.6625 0.0875 0.0625 0.059375
0 0.61875 0.06875 0.059375 0.046875
0 0.49140625 0.0328125 0.0625 0.05
0 0.55703125 0.078125 0.0625 0.046875
0 0.45703125 0.0671875 0.05625 0.05
0 0.41484375 0.0359375 0.05625 0.053125
0 0.4 0.0953125 0.05625 0.05
0 0.60078125 0.1125 0.0625 0.05
0 0.63359375 0.1515625 0.0625 0.046875
0 0.54375 0.1234375 0.05625 0.046875
0 0.45703125 0.121875 0.053125 0.046875
0 0.40703125 0.153125 0.05625 0.053125
0 0.67421875 0.21484375 0.06875 0.05
0 0.57890625 0.16875 0.05625 0.05625
0 0.50859375 0.1609375 0.059375 0.05
0 0.44921875 0.18125 0.05625 0.05
0 0.58515625 0.2171875 0.0625 0.046875
0 0.52578125 0.20703125 0.0625 0.053125
0 0.4609375 0.23203125 0.0625 0.046875
0 0.41328125 0.2140625 0.059375 0.05
0 0.63359375 0.2609375 0.065625 0.053125
0 0.57265625 0.2609375 0.0625 0.05
0 0.4484375 0.275 0.05625 0.046875
0 0.39765625 0.259375 0.0625 0.0546875
0 0.66484375 0.2984375 0.0625 0.0515625
0 0.60859375 0.3203125 0.059375 0.0515625
0 0.52890625 0.309375 0.053125 0.05
0 0.4625 0.325 0.059375 0.046875
0 0.40703125 0.3078125 0.053125 0.046875
0 0.39921875 0.3546875 0.059375 0.0453125
0 0.66484375 0.36484375 0.059375 0.0484375
0 0.58203125 0.365625 0.05625 0.046875
0 0.52421875 0.35859375 0.0625 0.046875
0 0.46328125 0.371875 0.05625 0.053125
0 0.40546875 0.3984375 0.05625 0.04375
0 0.68359375 0.41015625 0.0625 0.0484375
0 0.59609375 0.41796875 0.06875 0.04375
0 0.52421875 0.4046875 0.0625 0.046875
0 0.65703125 0.4546875 0.065625 0.04375
0 0.45234375 0.4265625 0.053125 0.04375
0 0.3953125 0.4484375 0.06875 0.046875
0 0.60625 0.4875 0.059375 0.05
0 0.56171875 0.45546875 0.0625 0.0515625
0 0.50234375 0.446875 0.053125 0.05
0 0.45390625 0.471875 0.053125 0.05
0 0.3921875 0.49296875 0.0625 0.05
0 0.55390625 0.5078125 0.053125 0.0453125
0 0.50078125 0.503125 0.05625 0.05
0 0.43984375 0.51640625 0.059375 0.0484375
0 0.38828125 0.540625 0.05625 0.040625
0 0.6453125 0.546875 0.0625 0.05
0 0.58046875 0.5421875 0.065625 0.05
0 0.51015625 0.54375 0.065625 0.046875
0 0.37890625 0.58671875 0.0625 0.0421875
0 0.43828125 0.58359375 0.05 0.0484375
0 0.49453125 0.5875 0.059375 0.04375
0 0.54765625 0.58984375 0.065625 0.0484375
0 0.6125 0.59375 0.059375 0.040625
0 0.63828125 0.6375 0.065625 0.046875
0 0.6859375 0.68125 0.06875 0.046875
0 0.62109375 0.678125 0.0625 0.04375
0 0.57890625 0.63125 0.059375 0.046875
0 0.56328125 0.6703125 0.0625 0.0375
0 0.5140625 0.640625 0.05625 0.04375
0 0.43984375 0.6296875 0.053125 0.040625
0 0.3828125 0.63125 0.053125 0.04375
0 0.57421875 0.71875 0.0625 0.0375
0 0.51171875 0.69921875 0.059375 0.04375
0 0.46875 0.665625 0.05625 0.046875
0 0.3859375 0.6734375 0.05625 0.04375
0 0.44375 0.70546875 0.065625 0.040625
0 0.38828125 0.7203125 0.059375 0.040625
0 0.59765625 0.75546875 0.0625 0.04375
0 0.5265625 0.7640625 0.05625 0.0453125
0 0.4828125 0.7375 0.05 0.04375
0 0.43203125 0.7484375 0.053125 0.04375
0 0.37890625 0.759375 0.05625 0.0390625
0 0.63671875 0.8015625 0.05625 0.046875
0 0.571875 0.7953125 0.059375 0.040625
0 0.52109375 0.8109375 0.05625 0.0453125
0 0.47578125 0.7796875 0.05625 0.0375
0 0.47109375 0.8203125 0.053125 0.040625
0 0.42421875 0.7890625 0.05 0.040625
0 0.37578125 0.8109375 0.05 0.0375
0 0.62890625 0.8515625 0.0625 0.04375
0 0.56640625 0.85703125 0.05625 0.04375
0 0.51640625 0.86015625 0.053125 0.046875
0 0.52734375 0.915625 0.05625 0.04375
0 0.48203125 0.8859375 0.05625 0.046875
0 0.42109375 0.8375 0.053125 0.040625
0 0.41875 0.8796875 0.053125 0.034375
0 0.36953125 0.84921875 0.05 0.040625
0 0.36953125 0.890625 0.053125 0.04375