0 0.58359375 0.9640625 0.059375 0.05
0 0.6625 0.9125 0.0625 0.059375
0 0.61875 0.93125 0.059375 0.046875
0 0.49140625 0.9671875 0.0625 0.05
0 0.55703125 0.921875 0.0625 0.046875
0 0.45703125 0.9328125 0.05625 0.05
0 0.41484375 0.9640625 0.05625 0.053125
0 0.4 0.9046875 0.05625 0.05
0 0.60078125 0.8875 0.0625 0.0515625
0 0.63359375 0.8484375 0.0625 0.046875
0 0.54375 0.8765625 0.05625 0.046875
0 0.45703125 0.878125 0.053125 0.046875
0 0.40703125 0.846875 0.05625 0.053125
0 0.67421875 0.78515625 0.06875 0.05
0 0.57890625 0.83125 0.05625 0.05625
0 0.50859375 0.8390625 0.059375 0.05
0 0.44921875 0.81875 0.05625 0.05
0 0.58515625 0.7828125 0.0625 0.046875
0 0.52578125 0.79296875 0.0625 0.053125
0 0.4609375 0.76796875 0.0625 0.046875
0 0.41328125 0.7859375 0.059375 0.05
0 0.63359375 0.7390625 0.065625 0.053125
0 0.57265625 0.7390625 0.0625 0.05
0 0.4484375 0.725 0.05625 0.046875
0 0.39765625 0.740625 0.0625 0.0546875
0 0.66484375 0.7015625 0.0625 0.0515625
0 0.60859375 0.6796875 0.059375 0.0515625
0 0.52890625 0.690625 0.053125 0.05
0 0.4625 0.675 0.059375 0.046875
0 0.40703125 0.6921875 0.053125 0.046875
0 0.39921875 0.6453125 0.059375 0.0453125
0 0.66484375 0.63515625 0.059375 0.0484375
0 0.58203125 0.634375 0.05625 0.046875
0 0.52421875 0.64140625 0.0625 0.046875
0 0.46328125 0.628125 0.05625 0.053125
0 0.40546875 0.6015625 0.05625 0.04375
0 0.68359375 0.58984375 0.0625 0.0484375
0 0.59609375 0.58203125 0.06875 0.04375
0 0.52421875 0.5953125 0.0625 0.046875
0 0.65703125 0.5453125 0.065625 0.04375
0 0.45234375 0.5734375 0.053125 0.04375
0 0.3953125 0.5515625 0.06875 0.046875
0 0.60625 0.5125 0.059375 0.05
0 0.56171875 0.54453125 0.0625 0.0515625
0 0.50234375 0.553125 0.053125 0.05
0 0.45390625 0.528125 0.053125 0.05
0 0.3921875 0.50703125 0.0625 0.05
0 0.55390625 0.4921875 0.053125 0.0453125
0 0.50078125 0.496875 0.05625 0.05
0 0.43984375 0.48359375 0.059375 0.0484375
0 0.38828125 0.459375 0.05625 0.040625
0 0.6453125 0.453125 0.0625 0.05
0 0.58046875 0.4578125 0.065625 0.05
0 0.51015625 0.45625 0.065625 0.046875
0 0.37890625 0.41328125 0.0625 0.0421875
0 0.43828125 0.41640625 0.05 0.0484375
0 0.49453125 0.4125 0.059375 0.04375
0 0.54765625 0.41015625 0.065625 0.0484375
0 0.6125 0.40625 0.059375 0.040625
0 0.63828125 0.3625 0.065625 0.046875
0 0.6859375 0.31875 0.06875 0.046875
0 0.62109375 0.321875 0.0625 0.04375
0 0.57890625 0.36875 0.059375 0.046875
0 0.56328125 0.3296875 0.0625 0.0375
0 0.5140625 0.359375 0.05625 0.04375
0 0.43984375 0.3703125 0.053125 0.040625
0 0.3828125 0.36875 0.053125 0.04375
0 0.57421875 0.28125 0.0625 0.0375
0 0.51171875 0.30078125 0.059375 0.04375
0 0.46875 0.334375 0.05625 0.046875
0 0.3859375 0.3265625 0.05625 0.04375
0 0.44375 0.29453125 0.065625 0.040625
0 0.38828125 0.2796875 0.059375 0.040625
0 0.59765625 0.24453125 0.0625 0.04375
0 0.5265625 0.2359375 0.05625 0.0453125
0 0.4828125 0.2625 0.05 0.04375
0 0.43203125 0.2515625 0.053125 0.04375
0 0.37890625 0.240625 0.05625 0.0390625
0 0.63671875 0.1984375 0.05625 0.046875
0 0.571875 0.2046875 0.059375 0.040625
0 0.52109375 0.1890625 0.05625 0.0453125
0 0.47578125 0.2203125 0.05625 0.0375
0 0.47109375 0.1796875 0.053125 0.040625
0 0.42421875 0.2109375 0.05 0.040625
0 0.37578125 0.1890625 0.05 0.0375
0 0.62890625 0.1484375 0.0625 0.04375
0 0.56640625 0.14296875 0.05625 0.04375
0 0.51640625 0.13984375 0.053125 0.046875
0 0.52734375 0.084375 0.05625 0.04375
0 0.48203125 0.1140625 0.05625 0.046875
0 0.42109375 0.1625 0.053125 0.040625
0 0.41875 0.1203125 0.053125 0.034375
0 0.36953125 0.15078125 0.05 0.040625
0 0.36953125 0.109375 0.053125 0.04375