0 0.41640625 0.0359375 0.059375 0.05
0 0.3375 0.0875 0.0625 0.059375
0 0.38125 0.06875 0.059375 0.046875
0 0.50859375 0.0328125 0.0625 0.05
0 0.44296875 0.078125 0.0625 0.046875
0 0.54296875 0.0671875 0.05625 0.05
0 0.58515625 0.0359375 0.05625 0.053125
0 0.6 0.0953125 0.05625 0.05
0 0.39921875 0.1125 0.0625 0.05
0 0.36640625 0.1515625 0.0625 0.046875
0 0.45625 0.1234375 0.05625 0.046875
0 0.54296875 0.121875 0.053125 0.046875
0 0.59296875 0.153125 0.05625 0.053125
0 0.32578125 0.21484375 0.06875 0.05
0 0.42109375 0.16875 0.05625 0.05625
0 0.49140625 0.1609375 0.059375 0.05
0 0.55078125 0.18125 0.05625 0.05
0 0.41484375 0.2171875 0.0625 0.046875
0 0.47421875 0.20703125 0.0625 0.053125
0 0.5390625 0.23203125 0.0625 0.046875
0 0.58671875 0.2140625 0.059375 0.05
0 0.36640625 0.2609375 0.065625 0.053125
0 0.42734375 0.2609375 0.0625 0.05
0 0.5515625 0.275 0.05625 0.046875
0 0.60234375 0.259375 0.0625 0.0546875
0 0.33515625 0.2984375 0.0625 0.0515625
0 0.39140625 0.3203125 0.059375 0.0515625
0 0.47109375 0.309375 0.053125 0.05
0 0.5375 0.325 0.059375 0.046875
0 0.59296875 0.3078125 0.053125 0.046875
0 0.60078125 0.3546875 0.059375 0.0453125
0 0.33515625 0.36484375 0.059375 0.0484375
0 0.41796875 0.365625 0.05625 0.046875
0 0.47578125 0.35859375 0.0625 0.046875
0 0.53671875 0.371875 0.05625 0.053125
0 0.59453125 0.3984375 0.05625 0.04375
0 0.31640625 0.41015625 0.0625 0.0484375
0 0.40390625 0.41796875 0.06875 0.04375
0 0.47578125 0.4046875 0.0625 0.046875
0 0.34296875 0.4546875 0.065625 0.04375
0 0.54765625 0.4265625 0.053125 0.04375
0 0.6046875 0.4484375 0.06875 0.046875
0 0.39375 0.4875 0.059375 0.05
0 0.43828125 0.45546875 0.0625 0.0515625
0 0.49765625 0.446875 0.053125 0.05
0 0.54609375 0.471875 0.053125 0.05
0 0.6078125 0.49296875 0.0625 0.05
0 0.44609375 0.5078125 0.053125 0.0453125
0 0.49921875 0.503125 0.05625 0.05
0 0.56015625 0.51640625 0.059375 0.0484375
0 0.61171875 0.540625 0.05625 0.040625
0 0.3546875 0.546875 0.0625 0.05
0 0.41953125 0.5421875 0.065625 0.05
0 0.48984375 0.54375 0.065625 0.046875
0 0.62109375 0.58671875 0.0625 0.0421875
0 0.56171875 0.58359375 0.05 0.0484375
0 0.50546875 0.5875 0.059375 0.04375
0 0.45234375 0.58984375 0.065625 0.0484375
0 0.3875 0.59375 0.059375 0.040625
0 0.36171875 0.6375 0.065625 0.046875
0 0.3140625 0.68125 0.06875 0.046875
0 0.37890625 0.678125 0.0625 0.04375
0 0.42109375 0.63125 0.059375 0.046875
0 0.43671875 0.6703125 0.0625 0.0375
0 0.4859375 0.640625 0.05625 0.04375
0 0.56015625 0.6296875 0.053125 0.040625
0 0.6171875 0.63125 0.053125 0.04375
0 0.42578125 0.71875 0.0625 0.0375
0 0.48828125 0.69921875 0.059375 0.04375
0 0.53125 0.665625 0.05625 0.046875
0 0.6140625 0.6734375 0.05625 0.04375
0 0.55625 0.70546875 0.065625 0.040625
0 0.61171875 0.7203125 0.059375 0.040625
0 0.40234375 0.75546875 0.0625 0.04375
0 0.4734375 0.7640625 0.05625 0.0453125
0 0.5171875 0.7375 0.05 0.04375
0 0.56796875 0.7484375 0.053125 0.04375
0 0.62109375 0.759375 0.05625 0.0390625
0 0.36328125 0.8015625 0.05625 0.046875
0 0.428125 0.7953125 0.059375 0.040625
0 0.47890625 0.8109375 0.05625 0.0453125
0 0.52421875 0.7796875 0.05625 0.0375
0 0.52890625 0.8203125 0.053125 0.040625
0 0.57578125 0.7890625 0.05 0.040625
0 0.62421875 0.8109375 0.05 0.0375
0 0.37109375 0.8515625 0.0625 0.04375
0 0.43359375 0.85703125 0.05625 0.04375
0 0.48359375 0.86015625 0.053125 0.046875
0 0.47265625 0.915625 0.05625 0.04375
0 0.51796875 0.8859375 0.05625 0.046875
0 0.57890625 0.8375 0.053125 0.040625
0 0.58125 0.8796875 0.053125 0.034375
0 0.63046875 0.84921875 0.05 0.040625
0 0.63046875 0.890625 0.053125 0.04375