0 0.37890625 0.06328125 0.096875 0.0875
0 0.46484375 0.1 0.0875 0.0796875
0 0.50859375 0.1671875 0.09375 0.08125
0 0.6421875 0.21796875 0.0875 0.078125
0 0.703125 0.25625 0.084375 0.075
0 0.325 0.134375 0.084375 0.0828125
0 0.24765625 0.15859375 0.075 0.08125
0 0.17578125 0.203125 0.084375 0.08125
0 0.4328125 0.19609375 0.090625 0.0765625
0 0.34375 0.209375 0.084375 0.078125
0 0.55703125 0.228125 0.0875 0.075
0 0.47421875 0.25625 0.08125 0.071875
0 0.39453125 0.265625 0.090625 0.078125
0 0.31328125 0.29921875 0.078125 0.084375
0 0.2625 0.2390625 0.078125 0.08125
0 0.20859375 0.284375 0.090625 0.0765625
0 0.115625 0.2796875 0.090625 0.075
0 0.73125 0.32890625 0.090625 0.071875
0 0.6546875 0.31640625 0.08125 0.078125
0 0.5625 0.2984375 0.084375 0.0765625
0 0.47578125 0.32734375 0.078125 0.075
0 0.37109375 0.35 0.084375 0.078125
0 0.2515625 0.3609375 0.075 0.078125
0 0.1734375 0.3578125 0.0875 0.078125
0 0.0875 0.35625 0.0875 0.078125
0 0.75078125 0.40078125 0.0875 0.0671875
0 0.6875 0.3859375 0.0875 0.0765625
0 0.59453125 0.3703125 0.084375 0.0796875
0 0.821875 0.46953125 0.096875 0.075
0 0.70625 0.46640625 0.084375 0.075
0 0.62734375 0.45078125 0.071875 0.078125
0 0.51640625 0.41953125 0.08125 0.078125
0 0.43828125 0.4 0.090625 0.071875
0 0.3109375 0.4078125 0.08125 0.08125
0 0.23359375 0.43046875 0.08125 0.078125
0 0.14921875 0.42890625 0.090625 0.075
0 0.053125 0.42734375 0.0875 0.075
0 0.8375 0.52734375 0.084375 0.071875
0 0.65234375 0.52421875 0.084375 0.075
0 0.56171875 0.48359375 0.08125 0.078125
0 0.44921875 0.4828125 0.08125 0.0828125
0 0.37734375 0.45234375 0.084375 0.078125
0 0.28828125 0.49453125 0.090625 0.075
0 0.20546875 0.50703125 0.078125 0.075
0 0.1390625 0.50390625 0.071875 0.0640625
0 0.04296875 0.50078125 0.084375 0.06875
0 0.72890625 0.56953125 0.090625 0.06875
0 0.58125 0.55859375 0.078125 0.075
0 0.50078125 0.540625 0.078125 0.075
0 0.36640625 0.53359375 0.0875 0.0796875
0 0.3078125 0.58828125 0.075 0.071875
0 0.22578125 0.58515625 0.078125 0.075
0 0.1390625 0.58046875 0.084375 0.078125
0 0.05703125 0.57109375 0.084375 0.071875
0 0.80625 0.6015625 0.090625 0.071875
0 0.6515625 0.59765625 0.078125 0.075
0 0.425 0.584375 0.084375 0.078125
0 0.57890625 0.6328125 0.08125 0.071875
0 0.496875 0.61796875 0.0875 0.078125
0 0.08203125 0.64921875 0.1 0.071875
0 0.18828125 0.64140625 0.071875 0.05625
0 0.25390625 0.65625 0.0875 0.0765625
0 0.35390625 0.646875 0.078125 0.071875
0 0.43671875 0.66640625 0.0875 0.075
0 0.50625 0.68515625 0.078125 0.0703125
0 0.58203125 0.69296875 0.078125 0.065625
0 0.65234375 0.66171875 0.078125 0.071875
0 0.7390625 0.64765625 0.08125 0.078125
0 0.86171875 0.6484375 0.078125 0.075
0 0.88515625 0.70546875 0.08125 0.065625
0 0.79375 0.69921875 0.078125 0.0671875
0 0.7171875 0.7203125 0.075 0.0703125
0 0.62421875 0.75625 0.078125 0.071875
0 0.534375 0.76875 0.078125 0.0640625
0 0.45234375 0.73515625 0.08125 0.0703125
0 0.37578125 0.72265625 0.084375 0.0796875
0 0.29140625 0.7296875 0.078125 0.075
0 0.21640625 0.7078125 0.078125 0.0828125
0 0.1171875 0.71796875 0.09375 0.084375
0 0.93828125 0.78203125 0.090625 0.0796875
0 0.82890625 0.790625 0.08125 0.0671875
0 0.7546875 0.7671875 0.075 0.059375
0 0.68203125 0.78984375 0.08125 0.06875
0 0.603125 0.8140625 0.078125 0.0703125
0 0.53359375 0.840625 0.075 0.0671875
0 0.45703125 0.81875 0.078125 0.0796875
0 0.3828125 0.80234375 0.075 0.075
0 0.30859375 0.809375 0.06875 0.0875
0 0.21640625 0.8171875 0.0875 0.08125
0 0.88359375 0.81875 0.078125 0.0546875
0 0.8203125 0.865625 0.08125 0.0703125
0 0.74609375 0.8484375 0.071875 0.071875
0 0.66328125 0.8546875 0.084375 0.071875
0 0.47890625 0.8875 0.08125 0.06875
0 0.40390625 0.865625 0.084375 0.06875
0 0.58515625 0.91796875 0.06875 0.075
0 0.71640625 0.8875 0.084375 0.06875
0 0.875 0.90703125 0.075 0.06875
0 0.7984375 0.93671875 0.078125 0.071875
0 0.66171875 0.93984375 0.08125 0.071875