0 0.06328125 0.62109375 0.0875 0.096875
0 0.1 0.53515625 0.0796875 0.0875
0 0.1671875 0.49140625 0.08125 0.09375
0 0.21796875 0.3578125 0.078125 0.0875
0 0.25625 0.296875 0.075 0.084375
0 0.134375 0.675 0.0828125 0.0859375
0 0.15859375 0.75234375 0.08125 0.075
0 0.203125 0.82421875 0.08125 0.084375
0 0.19609375 0.5671875 0.0765625 0.090625
0 0.209375 0.65625 0.078125 0.084375
0 0.228125 0.44296875 0.075 0.0875
0 0.25625 0.52578125 0.071875 0.08125
0 0.265625 0.60546875 0.078125 0.090625
0 0.29921875 0.68671875 0.084375 0.078125
0 0.2390625 0.7375 0.08125 0.078125
0 0.284375 0.79140625 0.0765625 0.0921875
0 0.2796875 0.884375 0.075 0.0890625
0 0.32890625 0.26875 0.071875 0.090625
0 0.31640625 0.3453125 0.078125 0.08125
0 0.2984375 0.4375 0.0765625 0.084375
0 0.32734375 0.52421875 0.075 0.078125
0 0.35 0.62890625 0.078125 0.084375
0 0.3609375 0.7484375 0.078125 0.075
0 0.3578125 0.8265625 0.078125 0.0875
0 0.35625 0.9125 0.078125 0.0875
0 0.40078125 0.24921875 0.0671875 0.0875
0 0.3859375 0.3125 0.0765625 0.0875
0 0.3703125 0.40546875 0.0796875 0.084375
0 0.46953125 0.178125 0.075 0.096875
0 0.46640625 0.29375 0.075 0.084375
0 0.45078125 0.37265625 0.078125 0.071875
0 0.41953125 0.48359375 0.078125 0.08125
0 0.4 0.56171875 0.071875 0.090625
0 0.4078125 0.6890625 0.08125 0.08125
0 0.43046875 0.76640625 0.078125 0.08125
0 0.42890625 0.85078125 0.075 0.090625
0 0.42734375 0.946875 0.075 0.0875
0 0.52734375 0.1625 0.071875 0.084375
0 0.52421875 0.34765625 0.075 0.084375
0 0.48359375 0.43828125 0.078125 0.08125
0 0.4828125 0.55078125 0.0828125 0.08125
0 0.45234375 0.62265625 0.078125 0.084375
0 0.49453125 0.71171875 0.075 0.090625
0 0.50703125 0.79453125 0.075 0.078125
0 0.50390625 0.8609375 0.0640625 0.071875
0 0.50078125 0.95703125 0.06875 0.084375
0 0.56953125 0.27109375 0.06875 0.090625
0 0.55859375 0.41875 0.075 0.078125
0 0.540625 0.49921875 0.075 0.078125
0 0.53359375 0.63359375 0.0796875 0.0875
0 0.58828125 0.6921875 0.071875 0.075
0 0.58515625 0.77421875 0.075 0.078125
0 0.58046875 0.8609375 0.078125 0.084375
0 0.57109375 0.94296875 0.071875 0.084375
0 0.6015625 0.19375 0.071875 0.090625
0 0.59765625 0.3484375 0.075 0.078125
0 0.584375 0.575 0.078125 0.084375
0 0.6328125 0.42109375 0.071875 0.08125
0 0.61796875 0.503125 0.078125 0.0875
0 0.64921875 0.91796875 0.071875 0.1
0 0.64140625 0.81171875 0.05625 0.071875
0 0.65625 0.74609375 0.0765625 0.0875
0 0.646875 0.64609375 0.071875 0.078125
0 0.66640625 0.56328125 0.075 0.0875
0 0.68515625 0.49375 0.0703125 0.078125
0 0.69296875 0.41796875 0.065625 0.078125
0 0.66171875 0.34765625 0.071875 0.078125
0 0.64765625 0.2609375 0.078125 0.08125
0 0.6484375 0.13828125 0.075 0.078125
0 0.70546875 0.11484375 0.065625 0.08125
0 0.69921875 0.20625 0.0671875 0.078125
0 0.7203125 0.2828125 0.0703125 0.075
0 0.75625 0.37578125 0.071875 0.078125
0 0.76875 0.465625 0.0640625 0.078125
0 0.73515625 0.54765625 0.0703125 0.08125
0 0.72265625 0.62421875 0.0796875 0.084375
0 0.7296875 0.70859375 0.075 0.078125
0 0.7078125 0.78359375 0.0828125 0.078125
0 0.71796875 0.8828125 0.084375 0.09375
0 0.78203125 0.06171875 0.0796875 0.090625
0 0.790625 0.17109375 0.0671875 0.08125
0 0.7671875 0.2453125 0.059375 0.075
0 0.78984375 0.31796875 0.06875 0.08125
0 0.8140625 0.396875 0.0703125 0.078125
0 0.840625 0.46640625 0.0671875 0.075
0 0.81875 0.54296875 0.0796875 0.078125
0 0.80234375 0.6171875 0.075 0.075
0 0.809375 0.69140625 0.0875 0.06875
0 0.8171875 0.78359375 0.08125 0.0875
0 0.81875 0.11640625 0.0546875 0.078125
0 0.865625 0.1796875 0.0703125 0.08125
0 0.8484375 0.25390625 0.071875 0.071875
0 0.8546875 0.33671875 0.071875 0.084375
0 0.8875 0.52109375 0.06875 0.08125
0 0.865625 0.59609375 0.06875 0.084375
0 0.91796875 0.41484375 0.075 0.06875
0 0.8875 0.28359375 0.06875 0.084375
0 0.90703125 0.125 0.06875 0.075
0 0.93671875 0.2015625 0.071875 0.078125
0 0.93984375 0.33828125 0.071875 0.08125