0 0.93671875 0.62109375 0.0875 0.096875
0 0.9 0.53515625 0.0796875 0.0875
0 0.8328125 0.49140625 0.08125 0.09375
0 0.78203125 0.3578125 0.078125 0.0875
0 0.74375 0.296875 0.075 0.084375
0 0.865625 0.675 0.0828125 0.0859375
0 0.84140625 0.75234375 0.08125 0.075
0 0.796875 0.82421875 0.08125 0.084375
0 0.80390625 0.5671875 0.0765625 0.090625
0 0.790625 0.65625 0.078125 0.084375
0 0.771875 0.44296875 0.075 0.0875
0 0.74375 0.52578125 0.071875 0.08125
0 0.734375 0.60546875 0.078125 0.090625
0 0.70078125 0.68671875 0.084375 0.078125
0 0.7609375 0.7375 0.08125 0.078125
0 0.715625 0.79140625 0.0765625 0.0921875
0 0.7203125 0.884375 0.075 0.0890625
0 0.67109375 0.26875 0.071875 0.090625
0 0.68359375 0.3453125 0.078125 0.08125
0 0.7015625 0.4375 0.0765625 0.084375
0 0.67265625 0.52421875 0.075 0.078125
0 0.65 0.62890625 0.078125 0.084375
0 0.6390625 0.7484375 0.078125 0.075
0 0.6421875 0.8265625 0.078125 0.0875
0 0.64375 0.9125 0.078125 0.0875
0 0.59921875 0.24921875 0.0671875 0.0875
0 0.6140625 0.3125 0.0765625 0.0875
0 0.6296875 0.40546875 0.0796875 0.084375
0 0.53046875 0.178125 0.075 0.096875
0 0.53359375 0.29375 0.075 0.084375
0 0.54921875 0.37265625 0.078125 0.071875
0 0.58046875 0.48359375 0.078125 0.08125
0 0.6 0.56171875 0.071875 0.090625
0 0.5921875 0.6890625 0.08125 0.08125
0 0.56953125 0.76640625 0.078125 0.08125
0 0.57109375 0.85078125 0.075 0.090625
0 0.57265625 0.946875 0.075 0.0875
0 0.47265625 0.1625 0.071875 0.084375
0 0.47578125 0.34765625 0.075 0.084375
0 0.51640625 0.43828125 0.078125 0.08125
0 0.5171875 0.55078125 0.0828125 0.08125
0 0.54765625 0.62265625 0.078125 0.084375
0 0.50546875 0.71171875 0.075 0.090625
0 0.49296875 0.79453125 0.075 0.078125
0 0.49609375 0.8609375 0.0640625 0.071875
0 0.49921875 0.95703125 0.06875 0.084375
0 0.43046875 0.27109375 0.06875 0.090625
0 0.44140625 0.41875 0.075 0.078125
0 0.459375 0.49921875 0.075 0.078125
0 0.46640625 0.63359375 0.0796875 0.0875
0 0.41171875 0.6921875 0.071875 0.075
0 0.41484375 0.77421875 0.075 0.078125
0 0.41953125 0.8609375 0.078125 0.084375
0 0.42890625 0.94296875 0.071875 0.084375
0 0.3984375 0.19375 0.071875 0.090625
0 0.40234375 0.3484375 0.075 0.078125
0 0.415625 0.575 0.078125 0.084375
0 0.3671875 0.42109375 0.071875 0.08125
0 0.38203125 0.503125 0.078125 0.0875
0 0.35078125 0.91796875 0.071875 0.1
0 0.35859375 0.81171875 0.05625 0.071875
0 0.34375 0.74609375 0.0765625 0.0875
0 0.353125 0.64609375 0.071875 0.078125
0 0.33359375 0.56328125 0.075 0.0875
0 0.31484375 0.49375 0.0703125 0.078125
0 0.30703125 0.41796875 0.065625 0.078125
0 0.33828125 0.34765625 0.071875 0.078125
0 0.35234375 0.2609375 0.078125 0.08125
0 0.3515625 0.13828125 0.075 0.078125
0 0.29453125 0.11484375 0.065625 0.08125
0 0.30078125 0.20625 0.0671875 0.078125
0 0.2796875 0.2828125 0.0703125 0.075
0 0.24375 0.37578125 0.071875 0.078125
0 0.23125 0.465625 0.0640625 0.078125
0 0.26484375 0.54765625 0.0703125 0.08125
0 0.27734375 0.62421875 0.0796875 0.084375
0 0.2703125 0.70859375 0.075 0.078125
0 0.2921875 0.78359375 0.0828125 0.078125
0 0.28203125 0.8828125 0.084375 0.09375
0 0.21796875 0.06171875 0.0796875 0.090625
0 0.209375 0.17109375 0.0671875 0.08125
0 0.2328125 0.2453125 0.059375 0.075
0 0.21015625 0.31796875 0.06875 0.08125
0 0.1859375 0.396875 0.0703125 0.078125
0 0.159375 0.46640625 0.0671875 0.075
0 0.18125 0.54296875 0.0796875 0.078125
0 0.19765625 0.6171875 0.075 0.075
0 0.190625 0.69140625 0.0875 0.06875
0 0.1828125 0.78359375 0.08125 0.0875
0 0.18125 0.11640625 0.0546875 0.078125
0 0.134375 0.1796875 0.0703125 0.08125
0 0.1515625 0.25390625 0.071875 0.071875
0 0.1453125 0.33671875 0.071875 0.084375
0 0.1125 0.52109375 0.06875 0.08125
0 0.134375 0.59609375 0.06875 0.084375
0 0.08203125 0.41484375 0.075 0.06875
0 0.1125 0.28359375 0.06875 0.084375
0 0.09296875 0.125 0.06875 0.075
0 0.06328125 0.2015625 0.071875 0.078125
0 0.06015625 0.33828125 0.071875 0.08125