0 0.4984375 0.80546875 0.05 0.059375
0 0.58046875 0.62890625 0.034375 0.040625
0 0.39296875 0.95 0.046875 0.053125
0 0.34296875 0.88203125 0.05 0.0640625
0 0.2875 0.08359375 0.0328125 0.05
0 0.3515625 0.090625 0.034375 0.04375
0 0.4125 0.0984375 0.034375 0.0328125
0 0.47578125 0.08828125 0.0328125 0.04375
0 0.540625 0.10078125 0.01875 0.028125
0 0.32109375 0.10234375 0.028125 0.034375
0 0.62421875 0.09921875 0.0296875 0.0390625
0 0.5890625 0.11796875 0.021875 0.0265625
0 0.6203125 0.1453125 0.025 0.034375
0 0.58125 0.13984375 0.028125 0.03125
0 0.2796875 0.14140625 0.03125 0.034375
0 0.37265625 0.14609375 0.03125 0.0359375
0 0.42421875 0.14140625 0.03125 0.0421875
0 0.54765625 0.15234375 0.021875 0.0359375
0 0.50234375 0.16171875 0.025 0.0359375
0 0.478125 0.18203125 0.03125 0.040625
0 0.5453125 0.184375 0.0296875 0.0359375
0 0.59453125 0.184375 0.025 0.03125
0 0.603125 0.2046875 0.021875 0.034375
0 0.20546875 0.16796875 0.0328125 0.040625
0 0.33671875 0.16953125 0.025 0.0375
0 0.41953125 0.17890625 0.028125 0.03125
0 0.453125 0.20859375 0.0265625 0.0359375
0 0.51328125 0.2140625 0.028125 0.034375
0 0.56796875 0.22265625 0.025 0.034375
0 0.5875 0.24453125 0.021875 0.03125
0 0.6140625 0.2390625 0.0234375 0.03125
0 0.67109375 0.2578125 0.025 0.0375
0 0.64765625 0.271875 0.021875 0.0359375
0 0.61015625 0.27109375 0.021875 0.034375
0 0.58984375 0.27265625 0.0203125 0.0296875
0 0.56875 0.278125 0.021875 0.0296875
0 0.53515625 0.290625 0.025 0.034375
0 0.5078125 0.28046875 0.0265625 0.034375
0 0.459375 0.24921875 0.025 0.034375
0 0.42578125 0.24609375 0.0265625 0.034375
0 0.3765625 0.24296875 0.025 0.0375
0 0.3375 0.2625 0.025 0.0359375
0 0.36328125 0.2921875 0.0296875 0.0390625
0 0.215625 0.2109375 0.0328125 0.034375
0 0.20078125 0.2546875 0.03125 0.034375
0 0.24765625 0.25 0.0296875 0.034375
0 0.2 0.30546875 0.0328125 0.034375
0 0.23984375 0.29921875 0.025 0.040625
0 0.2578125 0.309375 0.0296875 0.0375
0 0.30546875 0.30390625 0.028125 0.034375
0 0.42578125 0.28125 0.03125 0.028125
0 0.5140625 0.32109375 0.0234375 0.03125
0 0.54765625 0.321875 0.021875 0.03125
0 0.5875 0.31171875 0.025 0.03125
0 0.671875 0.30390625 0.01875 0.034375
0 0.7015625 0.32109375 0.025 0.0328125
0 0.73203125 0.3234375 0.025 0.034375
0 0.66484375 0.3484375 0.025 0.034375
0 0.62890625 0.334375 0.0203125 0.0296875
0 0.60546875 0.34375 0.0234375 0.03125
0 0.48671875 0.33046875 0.028125 0.034375
0 0.4265625 0.321875 0.0296875 0.034375
0 0.1703125 0.33359375 0.03125 0.034375
0 0.2265625 0.33359375 0.03125 0.034375
0 0.25859375 0.34140625 0.025 0.0328125
0 0.31796875 0.34375 0.028125 0.034375
0 0.41015625 0.3640625 0.025 0.03125
0 0.4328125 0.3515625 0.028125 0.0296875
0 0.46640625 0.36015625 0.025 0.034375
0 0.515625 0.36328125 0.025 0.028125
0 0.51875 0.38125 0.025 0.0234375
0 0.559375 0.38125 0.025 0.034375
0 0.6046875 0.375 0.028125 0.03125
0 0.64140625 0.3859375 0.025 0.03125
0 0.69296875 0.38203125 0.03125 0.028125
0 0.72109375 0.40078125 0.025 0.03125
0 0.69609375 0.4125 0.0265625 0.0328125
0 0.72734375 0.42890625 0.025 0.025
0 0.70546875 0.4515625 0.03125 0.034375
0 0.74375 0.4671875 0.025 0.040625
0 0.72578125 0.496875 0.021875 0.028125
0 0.7296875 0.53359375 0.025 0.03125
0 0.7 0.51015625 0.0203125 0.03125
0 0.68046875 0.47734375 0.025 0.034375
0 0.671875 0.4921875 0.025 0.028125
0 0.64765625 0.496875 0.025 0.03125
0 0.65625 0.51796875 0.03125 0.025
0 0.64296875 0.4265625 0.025 0.0328125
0 0.63203125 0.475 0.021875 0.028125
0 0.61171875 0.40546875 0.0234375 0.0296875
0 0.58984375 0.41171875 0.025 0.0296875
0 0.6109375 0.46796875 0.025 0.03125
0 0.54375 0.41953125 0.025 0.0296875
0 0.56171875 0.453125 0.021875 0.03125
0 0.58203125 0.48125 0.025 0.03125
0 0.47734375 0.40390625 0.028125 0.03125
0 0.4984375 0.47578125 0.0203125 0.0375
0 0.48125 0.48125 0.01875 0.034375
0 0.45390625 0.46953125 0.0265625 0.0421875
0 0.42734375 0.4046875 0.0234375 0.028125
0 0.4125 0.44921875 0.025 0.03125
0 0.37109375 0.58125 0.028125 0.046875
0 0.340625 0.57421875 0.03125 0.040625
0 0.3796875 0.45703125 0.028125 0.0375
0 0.36875 0.4171875 0.028125 0.034375
0 0.32890625 0.403125 0.028125 0.034375
0 0.303125 0.36875 0.034375 0.034375
0 0.33203125 0.4515625 0.025 0.040625
0 0.29609375 0.44453125 0.028125 0.0359375
0 0.31953125 0.5375 0.028125 0.04375
0 0.29140625 0.4875 0.03125 0.034375
0 0.278125 0.54140625 0.03125 0.0375
0 0.26875 0.41171875 0.025 0.0390625
0 0.2515625 0.440625 0.03125 0.040625
0 0.22265625 0.47265625 0.025 0.03125
0 0.23203125 0.5328125 0.025 0.028125
0 0.221875 0.5046875 0.0296875 0.034375
0 0.1921875 0.51640625 0.028125 0.0390625
0 0.21015625 0.3609375 0.025 0.028125
0 0.19453125 0.39609375 0.0296875 0.034375
0 0.1546875 0.38359375 0.028125 0.034375
0 0.13671875 0.403125 0.028125 0.0375
0 0.10234375 0.42421875 0.03125 0.03125
0 0.13125 0.45703125 0.03125 0.0359375
0 0.071875 0.4703125 0.025 0.03125
0 0.09140625 0.4796875 0.034375 0.04375
0 0.14375 0.49921875 0.03125 0.0296875
0 0.1265625 0.54921875 0.028125 0.034375
0 0.04140625 0.540625 0.03125 0.04375
0 0.775 0.365625 0.01875 0.0296875
0 0.80625 0.3640625 0.021875 0.03125
0 0.79765625 0.3859375 0.025 0.0296875
0 0.8046875 0.415625 0.021875 0.0265625
0 0.79921875 0.4421875 0.021875 0.0265625
0 0.8171875 0.45546875 0.021875 0.0265625
0 0.8296875 0.4859375 0.021875 0.025
0 0.78671875 0.48046875 0.021875 0.03125
0 0.771875 0.52578125 0.028125 0.0296875
0 0.80703125 0.53359375 0.025 0.028125
0 0.834375 0.51484375 0.025 0.03125
0 0.9296875 0.4015625 0.034375 0.0375
0 0.92265625 0.49921875 0.021875 0.034375
0 0.95625 0.5078125 0.0265625 0.03125
0 0.903125 0.46015625 0.025 0.034375