0 0.5015625 0.80546875 0.05 0.059375
0 0.41953125 0.62890625 0.034375 0.040625
0 0.60703125 0.95 0.046875 0.053125
0 0.65703125 0.88203125 0.05 0.0640625
0 0.7125 0.08359375 0.0328125 0.05
0 0.6484375 0.090625 0.034375 0.04375
0 0.5875 0.0984375 0.034375 0.0328125
0 0.52421875 0.08828125 0.0328125 0.04375
0 0.459375 0.10078125 0.01875 0.028125
0 0.67890625 0.10234375 0.028125 0.034375
0 0.37578125 0.09921875 0.0296875 0.0390625
0 0.4109375 0.11796875 0.021875 0.0265625
0 0.3796875 0.1453125 0.025 0.034375
0 0.41875 0.13984375 0.028125 0.03125
0 0.7203125 0.14140625 0.03125 0.034375
0 0.62734375 0.14609375 0.03125 0.0359375
0 0.57578125 0.14140625 0.03125 0.0421875
0 0.45234375 0.15234375 0.021875 0.0359375
0 0.49765625 0.16171875 0.025 0.0359375
0 0.521875 0.18203125 0.03125 0.040625
0 0.4546875 0.184375 0.0296875 0.0359375
0 0.40546875 0.184375 0.025 0.03125
0 0.396875 0.2046875 0.021875 0.034375
0 0.79453125 0.16796875 0.0328125 0.040625
0 0.66328125 0.16953125 0.025 0.0375
0 0.58046875 0.17890625 0.028125 0.03125
0 0.546875 0.20859375 0.0265625 0.0359375
0 0.48671875 0.2140625 0.028125 0.034375
0 0.43203125 0.22265625 0.025 0.034375
0 0.4125 0.24453125 0.021875 0.03125
0 0.3859375 0.2390625 0.0234375 0.03125
0 0.32890625 0.2578125 0.025 0.0375
0 0.35234375 0.271875 0.021875 0.0359375
0 0.38984375 0.27109375 0.021875 0.034375
0 0.41015625 0.27265625 0.0203125 0.0296875
0 0.43125 0.278125 0.021875 0.0296875
0 0.46484375 0.290625 0.025 0.034375
0 0.4921875 0.28046875 0.0265625 0.034375
0 0.540625 0.24921875 0.025 0.034375
0 0.57421875 0.24609375 0.0265625 0.034375
0 0.6234375 0.24296875 0.025 0.0375
0 0.6625 0.2625 0.025 0.0359375
0 0.63671875 0.2921875 0.0296875 0.0390625
0 0.784375 0.2109375 0.0328125 0.034375
0 0.79921875 0.2546875 0.03125 0.034375
0 0.75234375 0.25 0.0296875 0.034375
0 0.8 0.30546875 0.0328125 0.034375
0 0.76015625 0.29921875 0.025 0.040625
0 0.7421875 0.309375 0.0296875 0.0375
0 0.69453125 0.30390625 0.028125 0.034375
0 0.57421875 0.28125 0.03125 0.028125
0 0.4859375 0.32109375 0.0234375 0.03125
0 0.45234375 0.321875 0.021875 0.03125
0 0.4125 0.31171875 0.025 0.03125
0 0.328125 0.30390625 0.01875 0.034375
0 0.2984375 0.32109375 0.025 0.0328125
0 0.26796875 0.3234375 0.025 0.034375
0 0.33515625 0.3484375 0.025 0.034375
0 0.37109375 0.334375 0.0203125 0.0296875
0 0.39453125 0.34375 0.0234375 0.03125
0 0.51328125 0.33046875 0.028125 0.034375
0 0.5734375 0.321875 0.0296875 0.034375
0 0.8296875 0.33359375 0.03125 0.034375
0 0.7734375 0.33359375 0.03125 0.034375
0 0.74140625 0.34140625 0.025 0.0328125
0 0.68203125 0.34375 0.028125 0.034375
0 0.58984375 0.3640625 0.025 0.03125
0 0.5671875 0.3515625 0.028125 0.0296875
0 0.53359375 0.36015625 0.025 0.034375
0 0.484375 0.36328125 0.025 0.028125
0 0.48125 0.38125 0.025 0.0234375
0 0.440625 0.38125 0.025 0.034375
0 0.3953125 0.375 0.028125 0.03125
0 0.35859375 0.3859375 0.025 0.03125
0 0.30703125 0.38203125 0.03125 0.028125
0 0.27890625 0.40078125 0.025 0.03125
0 0.30390625 0.4125 0.0265625 0.0328125
0 0.27265625 0.42890625 0.025 0.025
0 0.29453125 0.4515625 0.03125 0.034375
0 0.25625 0.4671875 0.025 0.040625
0 0.27421875 0.496875 0.021875 0.028125
0 0.2703125 0.53359375 0.025 0.03125
0 0.3 0.51015625 0.0203125 0.03125
0 0.31953125 0.47734375 0.025 0.034375
0 0.328125 0.4921875 0.025 0.028125
0 0.35234375 0.496875 0.025 0.03125
0 0.34375 0.51796875 0.03125 0.025
0 0.35703125 0.4265625 0.025 0.0328125
0 0.36796875 0.475 0.021875 0.028125
0 0.38828125 0.40546875 0.0234375 0.0296875
0 0.41015625 0.41171875 0.025 0.0296875
0 0.3890625 0.46796875 0.025 0.03125
0 0.45625 0.41953125 0.025 0.0296875
0 0.43828125 0.453125 0.021875 0.03125
0 0.41796875 0.48125 0.025 0.03125
0 0.52265625 0.40390625 0.028125 0.03125
0 0.5015625 0.47578125 0.0203125 0.0375
0 0.51875 0.48125 0.01875 0.034375
0 0.54609375 0.46953125 0.0265625 0.0421875
0 0.57265625 0.4046875 0.0234375 0.028125
0 0.5875 0.44921875 0.025 0.03125
0 0.62890625 0.58125 0.028125 0.046875
0 0.659375 0.57421875 0.03125 0.040625
0 0.6203125 0.45703125 0.028125 0.0375
0 0.63125 0.4171875 0.028125 0.034375
0 0.67109375 0.403125 0.028125 0.034375
0 0.696875 0.36875 0.034375 0.034375
0 0.66796875 0.4515625 0.025 0.040625
0 0.70390625 0.44453125 0.028125 0.0359375
0 0.68046875 0.5375 0.028125 0.04375
0 0.70859375 0.4875 0.03125 0.034375
0 0.721875 0.54140625 0.03125 0.0375
0 0.73125 0.41171875 0.025 0.0390625
0 0.7484375 0.440625 0.03125 0.040625
0 0.77734375 0.47265625 0.025 0.03125
0 0.76796875 0.5328125 0.025 0.028125
0 0.778125 0.5046875 0.0296875 0.034375
0 0.8078125 0.51640625 0.028125 0.0390625
0 0.78984375 0.3609375 0.025 0.028125
0 0.80546875 0.39609375 0.0296875 0.034375
0 0.8453125 0.38359375 0.028125 0.034375
0 0.86328125 0.403125 0.028125 0.0375
0 0.89765625 0.42421875 0.03125 0.03125
0 0.86875 0.45703125 0.03125 0.0359375
0 0.928125 0.4703125 0.025 0.03125
0 0.90859375 0.4796875 0.034375 0.04375
0 0.85625 0.49921875 0.03125 0.0296875
0 0.8734375 0.54921875 0.028125 0.034375
0 0.95859375 0.540625 0.03125 0.04375
0 0.225 0.365625 0.01875 0.0296875
0 0.19375 0.3640625 0.021875 0.03125
0 0.20234375 0.3859375 0.025 0.0296875
0 0.1953125 0.415625 0.021875 0.0265625
0 0.20078125 0.4421875 0.021875 0.0265625
0 0.1828125 0.45546875 0.021875 0.0265625
0 0.1703125 0.4859375 0.021875 0.025
0 0.21328125 0.48046875 0.021875 0.03125
0 0.228125 0.52578125 0.028125 0.0296875
0 0.19296875 0.53359375 0.025 0.028125
0 0.165625 0.51484375 0.025 0.03125
0 0.0703125 0.4015625 0.034375 0.0375
0 0.07734375 0.49921875 0.021875 0.034375
0 0.04375 0.5078125 0.0265625 0.03125
0 0.096875 0.46015625 0.025 0.034375