0 0.12421875 0.5171875 0.040625 0.05625
0 0.1984375 0.49765625 0.0390625 0.053125
0 0.15546875 0.58515625 0.0484375 0.059375
0 0.21484375 0.55625 0.04375 0.059375
0 0.296875 0.48125 0.04375 0.0578125
0 0.27578125 0.51796875 0.0421875 0.05625
0 0.21953125 0.6046875 0.0421875 0.046875
0 0.259375 0.60859375 0.05 0.0625
0 0.3 0.6453125 0.046875 0.059375
0 0.3375 0.5109375 0.04375 0.0578125
0 0.3890625 0.4421875 0.034375 0.046875
0 0.40703125 0.4625 0.04375 0.0578125
0 0.3828125 0.5140625 0.04375 0.05625
0 0.3984375 0.56328125 0.040625 0.05
0 0.38203125 0.58828125 0.0390625 0.046875
0 0.4125 0.6265625 0.04375 0.053125
0 0.43828125 0.56328125 0.040625 0.053125
0 0.4609375 0.60625 0.040625 0.05
0 0.52265625 0.6078125 0.040625 0.053125
0 0.49140625 0.5734375 0.040625 0.053125
0 0.5125 0.53671875 0.04375 0.059375
0 0.4734375 0.515625 0.040625 0.053125
0 0.44140625 0.4890625 0.0375 0.0484375
0 0.46875 0.43984375 0.034375 0.046875
0 0.50078125 0.45546875 0.0375 0.0484375
0 0.53515625 0.36640625 0.0359375 0.05
0 0.52421875 0.41640625 0.0375 0.05
0 0.5375 0.4734375 0.040625 0.053125
0 0.5484375 0.5578125 0.04375 0.053125
0 0.578125 0.55859375 0.053125 0.06875
0 0.60859375 0.64453125 0.04375 0.0546875
0 0.5953125 0.59765625 0.04375 0.05625
0 0.64375 0.60703125 0.059375 0.0765625
0 0.66015625 0.5140625 0.053125 0.065625
0 0.56484375 0.428125 0.0390625 0.053125
0 0.5765625 0.375 0.034375 0.04375
0 0.5984375 0.3296875 0.0421875 0.059375
0 0.63828125 0.31484375 0.0375 0.05
0 0.62421875 0.3625 0.034375 0.046875
0 0.6640625 0.3734375 0.0375 0.046875
0 0.64296875 0.41484375 0.0375 0.05
0 0.6734375 0.7234375 0.053125 0.0625
0 0.7265625 0.725 0.05 0.065625
0 0.76328125 0.621875 0.05 0.0640625
0 0.75625 0.53203125 0.04375 0.053125
0 0.6828125 0.4984375 0.0375 0.046875
0 0.6671875 0.4125 0.03125 0.0421875
0 0.70078125 0.3265625 0.04375 0.059375
0 0.75078125 0.31015625 0.046875 0.059375
0 0.859375 0.11953125 0.01875 0.025
0 0.80859375 0.178125 0.0171875 0.021875
0 0.7953125 0.275 0.0484375 0.0640625
0 0.82890625 0.31171875 0.046875 0.0625
0 0.86953125 0.321875 0.046875 0.059375
0 0.79375 0.3625 0.0453125 0.059375
0 0.82734375 0.36953125 0.04375 0.0546875
0 0.8484375 0.43515625 0.040625 0.05
0 0.79140625 0.5171875 0.0359375 0.046875
0 0.84765625 0.63828125 0.0515625 0.0625
0 0.81171875 0.68515625 0.05 0.0625
0 0.9015625 0.73828125 0.05625 0.06875
0 0.91796875 0.6703125 0.05 0.0625
0 0.93828125 0.60546875 0.053125 0.065625
0 0.88984375 0.515625 0.0578125 0.071875
0 0.921875 0.38671875 0.053125 0.065625
0 0.9140625 0.2734375 0.05 0.0625
0 0.97109375 0.04609375 0.028125 0.0375