0 0.5171875 0.87578125 0.05625 0.040625
0 0.49765625 0.8015625 0.053125 0.0390625
0 0.58515625 0.84453125 0.059375 0.0484375
0 0.55625 0.78515625 0.059375 0.04375
0 0.48125 0.703125 0.0578125 0.04375
0 0.51796875 0.72421875 0.05625 0.0421875
0 0.6046875 0.78046875 0.046875 0.0421875
0 0.60859375 0.740625 0.0625 0.05
0 0.6453125 0.7 0.059375 0.046875
0 0.5109375 0.6625 0.0578125 0.04375
0 0.4421875 0.6109375 0.046875 0.034375
0 0.4625 0.59296875 0.0578125 0.04375
0 0.5140625 0.6171875 0.05625 0.04375
0 0.56328125 0.6015625 0.05 0.040625
0 0.58828125 0.61796875 0.046875 0.0390625
0 0.6265625 0.5875 0.053125 0.04375
0 0.56328125 0.56171875 0.053125 0.040625
0 0.60625 0.5390625 0.05 0.040625
0 0.6078125 0.47734375 0.053125 0.040625
0 0.5734375 0.50859375 0.053125 0.040625
0 0.53671875 0.4875 0.059375 0.04375
0 0.515625 0.5265625 0.053125 0.040625
0 0.4890625 0.55859375 0.0484375 0.0375
0 0.43984375 0.53125 0.046875 0.034375
0 0.45546875 0.49921875 0.0484375 0.0375
0 0.36640625 0.46484375 0.05 0.0359375
0 0.41640625 0.47578125 0.05 0.0375
0 0.4734375 0.4625 0.053125 0.040625
0 0.5578125 0.4515625 0.053125 0.04375
0 0.55859375 0.421875 0.06875 0.053125
0 0.64453125 0.39140625 0.0546875 0.04375
0 0.59765625 0.4046875 0.05625 0.04375
0 0.60703125 0.35625 0.0765625 0.059375
0 0.5140625 0.33984375 0.065625 0.053125
0 0.428125 0.43515625 0.053125 0.0390625
0 0.375 0.4234375 0.04375 0.034375
0 0.3296875 0.4015625 0.059375 0.0421875
0 0.31484375 0.36171875 0.05 0.0375
0 0.3625 0.37578125 0.046875 0.034375
0 0.3734375 0.3359375 0.046875 0.0375
0 0.41484375 0.35703125 0.05 0.0375
0 0.7234375 0.3265625 0.0625 0.053125
0 0.725 0.2734375 0.065625 0.05
0 0.621875 0.23671875 0.0640625 0.05
0 0.53203125 0.24375 0.053125 0.04375
0 0.4984375 0.3171875 0.046875 0.0375
0 0.4125 0.3328125 0.0421875 0.03125
0 0.3265625 0.29921875 0.059375 0.04375
0 0.31015625 0.24921875 0.059375 0.046875
0 0.11953125 0.140625 0.025 0.01875
0 0.178125 0.19140625 0.021875 0.0171875
0 0.275 0.2046875 0.0640625 0.0484375
0 0.31171875 0.17109375 0.0625 0.046875
0 0.321875 0.13046875 0.059375 0.046875
0 0.3625 0.20625 0.059375 0.0453125
0 0.36953125 0.17265625 0.0546875 0.04375
0 0.43515625 0.1515625 0.05 0.040625
0 0.5171875 0.20859375 0.046875 0.0359375
0 0.63828125 0.15234375 0.0625 0.0515625
0 0.68515625 0.18828125 0.0625 0.05
0 0.73828125 0.0984375 0.06875 0.05625
0 0.6703125 0.08203125 0.0625 0.05
0 0.60546875 0.06171875 0.065625 0.053125
0 0.515625 0.11015625 0.071875 0.0578125
0 0.38671875 0.078125 0.065625 0.053125
0 0.2734375 0.0859375 0.0625 0.05
0 0.04609375 0.02890625 0.0375 0.028125