0 0.85703125 0.92421875 0.096875 0.134375
0 0.7640625 0.9359375 0.096875 0.125
0 0.671875 0.940625 0.09375 0.115625
0 0.575 0.94609375 0.1015625 0.10625
0 0.890625 0.821875 0.09375 0.128125
0 0.9203125 0.72109375 0.090625 0.121875
0 0.7953125 0.82109375 0.09375 0.134375
0 0.70546875 0.83203125 0.09375 0.1375
0 0.6078125 0.83671875 0.096875 0.140625
0 0.51484375 0.84140625 0.0984375 0.146875
0 0.8296875 0.72109375 0.084375 0.125
0 0.7296875 0.71640625 0.090625 0.121875
0 0.6453125 0.72421875 0.09375 0.11875
0 0.5515625 0.72734375 0.09375 0.121875
0 0.934375 0.61953125 0.08125 0.10625
0 0.85859375 0.62421875 0.08125 0.10625
0 0.76875 0.6234375 0.0875 0.1125
0 0.678125 0.61875 0.0875 0.115625
0 0.59296875 0.621875 0.0875 0.115625
0 0.503125 0.61953125 0.0875 0.121875
0 0.959375 0.515625 0.078125 0.10625
0 0.87578125 0.5296875 0.0796875 0.10625
0 0.8015625 0.52578125 0.084375 0.109375
0 0.7078125 0.53359375 0.08125 0.10625
0 0.625 0.52734375 0.084375 0.10625
0 0.540625 0.52578125 0.084375 0.109375
0 0.965625 0.43046875 0.065625 0.09375
0 0.9140625 0.41640625 0.08125 0.103125
0 0.8125 0.43984375 0.075 0.103125
0 0.92734375 0.33359375 0.0828125 0.0875
0 0.85625 0.3296875 0.08125 0.09375
0 0.8640625 0.2734375 0.08125 0.084375
0 0.73828125 0.44140625 0.08125 0.103125
0 0.6546875 0.4453125 0.08125 0.1
0 0.5703125 0.44609375 0.084375 0.103125
0 0.484375 0.45234375 0.08125 0.103125
0 0.7609375 0.3625 0.075 0.09375
0 0.6890625 0.36015625 0.08125 0.096875
0 0.6078125 0.3671875 0.0796875 0.09375
0 0.51953125 0.3625 0.084375 0.1
0 0.7890625 0.28203125 0.06875 0.09375
0 0.72109375 0.271875 0.075 0.0875
0 0.64296875 0.27734375 0.0796875 0.090625
0 0.55703125 0.29765625 0.0765625 0.09375
0 0.47109375 0.29921875 0.0796875 0.1
0 0.85625 0.03359375 0.0578125 0.059375
0 0.81796875 0.19609375 0.071875 0.08125
0 0.73671875 0.215625 0.071875 0.08125
0 0.6640625 0.22265625 0.0734375 0.0875
0 0.5921875 0.22265625 0.078125 0.090625
0 0.509375 0.22421875 0.0765625 0.090625
0 0.6875 0.15078125 0.075 0.084375
0 0.6125 0.15390625 0.06875 0.0875
0 0.54375 0.15078125 0.075 0.0875
0 0.70625 0.09375 0.06875 0.078125
0 0.6390625 0.09375 0.071875 0.08125
0 0.56953125 0.09140625 0.0671875 0.075
0 0.503125 0.07734375 0.078125 0.084375
0 0.73359375 0.03671875 0.0546875 0.059375
0 0.63125 0.05234375 0.0625 0.05625
0 0.571875 0.059375 0.0609375 0.053125
0 0.45390625 0.0578125 0.053125 0.06875
0 0.621875 0.02265625 0.053125 0.0453125
0 0.54375 0.02265625 0.05625 0.04375
0 0.4875 0.02109375 0.05625 0.040625
0 0.6859375 0.0109375 0.05625 0.021875
0 0.471875 0.94921875 0.103125 0.1
0 0.3640625 0.94921875 0.109375 0.1
0 0.41640625 0.840625 0.10625 0.146875
0 0.2890625 0.8796875 0.1125 0.159375
0 0.4578125 0.7203125 0.1 0.128125
0 0.346875 0.74765625 0.103125 0.134375
0 0.2578125 0.77734375 0.0953125 0.13125
0 0.3953125 0.63046875 0.0953125 0.128125
0 0.296875 0.659375 0.090625 0.115625
0 0.20546875 0.6765625 0.096875 0.125
0 0.3390625 0.5484375 0.09375 0.115625
0 0.23515625 0.55234375 0.096875 0.121875
0 0.38828125 0.45625 0.0890625 0.103125
0 0.43046875 0.36484375 0.0828125 0.103125
0 0.2859375 0.44609375 0.090625 0.1125
0 0.1953125 0.45 0.09375 0.11875
0 0.33984375 0.36640625 0.0875 0.103125
0 0.246875 0.36015625 0.09375 0.10625
0 0.384375 0.29609375 0.0828125 0.09375
0 0.3 0.29765625 0.08125 0.096875
0 0.21015625 0.290625 0.0875 0.103125
0 0.4265625 0.2265625 0.075 0.0875
0 0.34296875 0.2046875 0.0828125 0.0875
0 0.25703125 0.2015625 0.084375 0.09375
0 0.4640625 0.14921875 0.075 0.084375
0 0.3875 0.15234375 0.075 0.0875
0 0.30859375 0.14296875 0.0828125 0.090625
0 0.42890625 0.08203125 0.075 0.08125
0 0.353125 0.08359375 0.075 0.08125
0 0.3953125 0.04609375 0.059375 0.0625
0 0.42890625 0.02578125 0.059375 0.05
0 0.37109375 0.01875 0.0609375 0.0375
0 0.340625 0.05 0.059375 0.065625
0 0.278125 0.03984375 0.0625 0.06875
0 0.2703125 0.11171875 0.0578125 0.065625
0 0.2078125 0.0203125 0.0625 0.040625
0 0.209375 0.08671875 0.065625 0.06875
0 0.22265625 0.1515625 0.065625 0.071875
0 0.18984375 0.21640625 0.0671875 0.078125
0 0.1484375 0.03203125 0.065625 0.0640625
0 0.08671875 0.02734375 0.0671875 0.0546875
0 0.14375 0.10234375 0.06875 0.06875
0 0.07890625 0.1265625 0.0765625 0.075
0 0.1421875 0.16640625 0.06875 0.084375
0 0.0265625 0.03203125 0.0515625 0.0625
0 0.0546875 0.0875 0.065625 0.071875
0 0.01796875 0.12421875 0.034375 0.078125
0 0.0390625 0.20234375 0.071875 0.078125
0 0.1015625 0.23203125 0.071875 0.078125
0 0.1359375 0.30078125 0.065625 0.065625
0 0.053125 0.30390625 0.06875 0.084375
0 0.0125 0.2625 0.025 0.078125
0 0.14765625 0.35546875 0.09375 0.1125
0 0.0953125 0.45078125 0.096875 0.115625
0 0.12421875 0.54453125 0.103125 0.128125