0 0.92421875 0.14296875 0.134375 0.096875
0 0.9359375 0.2359375 0.125 0.096875
0 0.940625 0.328125 0.115625 0.09375
0 0.94609375 0.425 0.10625 0.1015625
0 0.821875 0.109375 0.128125 0.09375
0 0.72109375 0.0796875 0.121875 0.090625
0 0.82109375 0.2046875 0.134375 0.09375
0 0.83203125 0.29453125 0.1375 0.09375
0 0.83671875 0.3921875 0.140625 0.096875
0 0.84140625 0.48515625 0.146875 0.0984375
0 0.72109375 0.1703125 0.125 0.084375
0 0.71640625 0.2703125 0.121875 0.090625
0 0.72421875 0.3546875 0.11875 0.09375
0 0.72734375 0.4484375 0.121875 0.09375
0 0.61953125 0.065625 0.10625 0.08125
0 0.62421875 0.14140625 0.10625 0.08125
0 0.6234375 0.23125 0.1125 0.0875
0 0.61875 0.321875 0.115625 0.0875
0 0.621875 0.40703125 0.115625 0.0875
0 0.61953125 0.496875 0.121875 0.0875
0 0.515625 0.040625 0.10625 0.078125
0 0.5296875 0.12421875 0.10625 0.0796875
0 0.52578125 0.1984375 0.109375 0.084375
0 0.53359375 0.2921875 0.10625 0.08125
0 0.52734375 0.375 0.10625 0.084375
0 0.52578125 0.459375 0.109375 0.084375
0 0.43046875 0.034375 0.09375 0.065625
0 0.41640625 0.0859375 0.103125 0.08125
0 0.43984375 0.1875 0.103125 0.075
0 0.33359375 0.07265625 0.0875 0.0828125
0 0.3296875 0.14375 0.09375 0.08125
0 0.2734375 0.1359375 0.084375 0.08125
0 0.44140625 0.26171875 0.103125 0.08125
0 0.4453125 0.3453125 0.1 0.08125
0 0.44609375 0.4296875 0.103125 0.084375
0 0.45234375 0.515625 0.103125 0.08125
0 0.3625 0.2390625 0.09375 0.075
0 0.36015625 0.3109375 0.096875 0.08125
0 0.3671875 0.3921875 0.09375 0.0796875
0 0.3625 0.48046875 0.1 0.084375
0 0.28203125 0.2109375 0.09375 0.06875
0 0.271875 0.27890625 0.0875 0.075
0 0.27734375 0.35703125 0.090625 0.0796875
0 0.29765625 0.44296875 0.09375 0.0765625
0 0.29921875 0.52890625 0.1 0.0796875
0 0.03359375 0.14375 0.059375 0.0578125
0 0.19609375 0.18203125 0.08125 0.071875
0 0.215625 0.26328125 0.08125 0.071875
0 0.22265625 0.3359375 0.0875 0.0734375
0 0.22265625 0.4078125 0.090625 0.078125
0 0.22421875 0.490625 0.090625 0.0765625
0 0.15078125 0.3125 0.084375 0.075
0 0.15390625 0.3875 0.0875 0.06875
0 0.15078125 0.45625 0.0875 0.075
0 0.09375 0.29375 0.078125 0.06875
0 0.09375 0.3609375 0.08125 0.071875
0 0.09140625 0.43046875 0.075 0.0671875
0 0.07734375 0.496875 0.084375 0.078125
0 0.03671875 0.26640625 0.059375 0.0546875
0 0.05234375 0.36875 0.05625 0.0625
0 0.059375 0.428125 0.053125 0.0609375
0 0.0578125 0.54609375 0.06875 0.053125
0 0.02265625 0.378125 0.0453125 0.053125
0 0.02265625 0.45625 0.04375 0.05625
0 0.02109375 0.5125 0.040625 0.05625
0 0.0109375 0.3140625 0.021875 0.05625
0 0.94921875 0.528125 0.1 0.103125
0 0.94921875 0.6359375 0.1 0.1078125
0 0.840625 0.58359375 0.146875 0.10625
0 0.8796875 0.7109375 0.159375 0.1140625
0 0.7203125 0.5421875 0.128125 0.1
0 0.74765625 0.653125 0.134375 0.103125
0 0.77734375 0.7421875 0.13125 0.0953125
0 0.63046875 0.6046875 0.128125 0.0953125
0 0.659375 0.703125 0.115625 0.090625
0 0.6765625 0.79453125 0.125 0.096875
0 0.5484375 0.6609375 0.115625 0.09375
0 0.55234375 0.76484375 0.121875 0.096875
0 0.45625 0.61171875 0.103125 0.0890625
0 0.36484375 0.56953125 0.103125 0.0828125
0 0.44609375 0.7140625 0.1125 0.090625
0 0.45 0.8046875 0.11875 0.09375
0 0.36640625 0.66015625 0.103125 0.0875
0 0.36015625 0.753125 0.10625 0.09375
0 0.29609375 0.615625 0.09375 0.0828125
0 0.29765625 0.7 0.096875 0.08125
0 0.290625 0.78984375 0.103125 0.0875
0 0.2265625 0.5734375 0.0875 0.075
0 0.2046875 0.65703125 0.0875 0.0828125
0 0.2015625 0.74296875 0.09375 0.084375
0 0.14921875 0.5359375 0.084375 0.075
0 0.15234375 0.6125 0.0875 0.075
0 0.14296875 0.69140625 0.090625 0.0828125
0 0.08203125 0.57109375 0.08125 0.075
0 0.08359375 0.646875 0.08125 0.075
0 0.04609375 0.6046875 0.0625 0.0609375
0 0.02578125 0.57109375 0.05 0.059375
0 0.01875 0.62890625 0.0375 0.0609375
0 0.05 0.659375 0.065625 0.059375
0 0.03984375 0.721875 0.06875 0.0625
0 0.11171875 0.7296875 0.065625 0.0578125
0 0.0203125 0.7921875 0.040625 0.0625
0 0.08671875 0.790625 0.06875 0.0640625
0 0.1515625 0.77734375 0.071875 0.065625
0 0.21640625 0.81015625 0.078125 0.0671875
0 0.03203125 0.8515625 0.0640625 0.065625
0 0.02734375 0.91328125 0.0546875 0.0671875
0 0.10234375 0.85625 0.06875 0.06875
0 0.1265625 0.92109375 0.075 0.0765625
0 0.16640625 0.8578125 0.084375 0.06875
0 0.03203125 0.9734375 0.0625 0.0515625
0 0.0875 0.9453125 0.071875 0.065625
0 0.12421875 0.98203125 0.078125 0.034375
0 0.20234375 0.9609375 0.078125 0.071875
0 0.23203125 0.8984375 0.078125 0.071875
0 0.30078125 0.8640625 0.065625 0.065625
0 0.30390625 0.946875 0.084375 0.06875
0 0.2625 0.9875 0.078125 0.025
0 0.35546875 0.85234375 0.1125 0.09375
0 0.45078125 0.9046875 0.115625 0.096875
0 0.54453125 0.87578125 0.128125 0.103125