0 0.00859375 0.0953125 0.0171875 0.040625
0 0.0328125 0.109375 0.03125 0.04375
0 0.0203125 0.13515625 0.028125 0.0375
0 0.00703125 0.175 0.0125 0.046875
0 0.009375 0.21640625 0.01875 0.0390625
0 0.01328125 0.2609375 0.0265625 0.040625
0 0.053125 0.14921875 0.028125 0.0421875
0 0.03359375 0.1640625 0.028125 0.040625
0 0.02890625 0.20625 0.0265625 0.040625
0 0.03515625 0.2453125 0.028125 0.0375
0 0.0453125 0.28203125 0.0265625 0.0390625
0 0.05234375 0.1890625 0.028125 0.0375
0 0.0859375 0.13671875 0.028125 0.0390625
0 0.0828125 0.17734375 0.0296875 0.0390625
0 0.07578125 0.2171875 0.03125 0.0390625
0 0.07421875 0.265625 0.028125 0.0375
0 0.08203125 0.30234375 0.028125 0.0375
0 0.13203125 0.153125 0.0296875 0.0390625
0 0.16171875 0.17578125 0.0265625 0.0375
0 0.10625 0.18359375 0.028125 0.0390625
0 0.10859375 0.22265625 0.0265625 0.0390625
0 0.1 0.2515625 0.028125 0.040625
0 0.125 0.2640625 0.028125 0.040625
0 0.10625 0.29140625 0.0265625 0.0359375
0 0.1078125 0.32734375 0.028125 0.0375
0 0.13984375 0.19921875 0.03125 0.0390625
0 0.171875 0.215625 0.03125 0.03125
0 0.1625 0.26015625 0.065625 0.096875
0 0.13203125 0.325 0.05625 0.078125
0 0.22578125 0.2484375 0.0609375 0.084375
0 0.215625 0.3234375 0.0578125 0.078125
0 0.2890625 0.22421875 0.0625 0.084375
0 0.27109375 0.31328125 0.059375 0.084375
0 0.11796875 0.4046875 0.065625 0.078125
0 0.17890625 0.3796875 0.053125 0.078125
0 0.265625 0.390625 0.0625 0.078125
0 0.221875 0.43671875 0.0578125 0.075
0 0.11171875 0.47421875 0.05625 0.075
0 0.1609375 0.46875 0.05625 0.0765625
0 0.15625 0.5359375 0.0578125 0.071875
0 0.21953125 0.559375 0.0546875 0.0765625
0 0.23984375 0.515625 0.0546875 0.0734375
0 0.29453125 0.55703125 0.0546875 0.065625
0 0.29921875 0.4765625 0.0546875 0.075
0 0.33984375 0.28828125 0.059375 0.078125
0 0.353125 0.3796875 0.059375 0.075
0 0.3546875 0.45546875 0.059375 0.0765625
0 0.36171875 0.53984375 0.0578125 0.071875
0 0.44609375 0.25625 0.0625 0.084375
0 0.40390625 0.30546875 0.059375 0.08125
0 0.46171875 0.340625 0.059375 0.078125
0 0.41875 0.38984375 0.059375 0.078125
0 0.47578125 0.42421875 0.059375 0.075
0 0.43046875 0.47578125 0.059375 0.06875
0 0.4234375 0.54921875 0.0546875 0.06875
0 0.509375 0.28359375 0.0625 0.0875
0 0.57421875 0.26484375 0.0625 0.084375
0 0.5203125 0.3671875 0.053125 0.0828125
0 0.6015625 0.35234375 0.0625 0.08125
0 0.66328125 0.3234375 0.059375 0.0875
0 0.728125 0.34375 0.0625 0.0828125
0 0.7140625 0.4265625 0.0625 0.0796875
0 0.65390625 0.40546875 0.059375 0.08125
0 0.59609375 0.44140625 0.0578125 0.0796875
0 0.53828125 0.4515625 0.05625 0.0765625
0 0.49609375 0.50078125 0.0578125 0.078125
0 0.50859375 0.58515625 0.05625 0.06875
0 0.5609375 0.53125 0.0578125 0.078125
0 0.56640625 0.61015625 0.053125 0.06875
0 0.64140625 0.496875 0.0625 0.075
0 0.61875 0.5828125 0.0546875 0.075
0 0.80234375 0.48046875 0.05625 0.075
0 0.74296875 0.49375 0.0625 0.078125
0 0.69609375 0.54609375 0.05625 0.078125
0 0.77734375 0.55546875 0.0625 0.075
0 0.83984375 0.55703125 0.059375 0.078125
0 0.66171875 0.63046875 0.05625 0.0703125
0 0.734375 0.61875 0.0546875 0.071875
0 0.80390625 0.61875 0.053125 0.071875
0 0.8640625 0.61875 0.053125 0.075
0 0.83515625 0.69609375 0.05625 0.071875
0 0.76640625 0.68046875 0.059375 0.071875
0 0.69140625 0.69609375 0.0578125 0.065625
0 0.73515625 0.75390625 0.0578125 0.0671875
0 0.79375 0.74921875 0.059375 0.0671875
0 0.975 0.87421875 0.03125 0.028125
0 0.9375 0.8375 0.034375 0.0390625
0 0.9421875 0.90859375 0.03125 0.0390625
0 0.96484375 0.92421875 0.03125 0.0359375
0 0.9328125 0.953125 0.034375 0.0390625
0 0.8953125 0.93671875 0.03125 0.034375
0 0.86875 0.975 0.034375 0.021875
0 0.82734375 0.96953125 0.0328125 0.03125
0 0.79375 0.9671875 0.0265625 0.021875
0 0.846875 0.9265625 0.03125 0.034375
0 0.81171875 0.9140625 0.03125 0.0375
0 0.778125 0.92421875 0.034375 0.034375
0 0.74609375 0.92578125 0.0296875 0.034375
0 0.7578125 0.8796875 0.03125 0.0375
0 0.7875 0.86015625 0.03125 0.0359375
0 0.825 0.871875 0.03125 0.0375
0 0.86484375 0.87890625 0.03125 0.0375
0 0.81484375 0.815625 0.03125 0.034375
0 0.8546875 0.83046875 0.034375 0.0375
0 0.884375 0.83671875 0.03125 0.0390625
0 0.8921875 0.85625 0.028125 0.0375
0 0.68671875 0.87890625 0.0296875 0.034375
0 0.6546875 0.8734375 0.03125 0.0375
0 0.68046875 0.8484375 0.03125 0.034375
0 0.68125 0.80546875 0.0296875 0.0328125
0 0.65390625 0.7796875 0.025 0.0375
0 0.6265625 0.77421875 0.0296875 0.040625
0 0.59921875 0.7875 0.028125 0.034375
0 0.63203125 0.83359375 0.03125 0.034375
0 0.5984375 0.86953125 0.0296875 0.034375
0 0.55625 0.77421875 0.03125 0.0390625
0 0.52421875 0.75390625 0.03125 0.0375
0 0.49453125 0.76171875 0.03125 0.0359375
0 0.52890625 0.7953125 0.03125 0.0375
0 0.55546875 0.8359375 0.0296875 0.0375
0 0.56953125 0.85703125 0.028125 0.034375
0 0.5359375 0.86640625 0.0296875 0.034375
0 0.52265625 0.82734375 0.03125 0.034375
0 0.50234375 0.81328125 0.03125 0.0375
0 0.496875 0.859375 0.028125 0.034375
0 0.434375 0.73828125 0.03125 0.034375
0 0.46328125 0.74296875 0.0296875 0.0375
0 0.4765625 0.78515625 0.028125 0.0359375
0 0.4484375 0.7734375 0.028125 0.0390625
0 0.41875 0.76328125 0.028125 0.0328125
0 0.4234375 0.8 0.028125 0.0375
0 0.4515625 0.809375 0.0296875 0.034375
0 0.48046875 0.82265625 0.03125 0.034375
0 0.46796875 0.85078125 0.028125 0.034375
0 0.43984375 0.84140625 0.028125 0.03125
0 0.4078125 0.83828125 0.03125 0.034375
0 0.3953125 0.72890625 0.025 0.03125
0 0.415625 0.70078125 0.021875 0.028125
0 0.42734375 0.6671875 0.025 0.034375
0 0.4234375 0.6078125 0.025 0.03125
0 0.40078125 0.565625 0.0234375 0.03125
0 0.40078125 0.603125 0.025 0.03125
0 0.403125 0.64921875 0.021875 0.03125
0 0.39453125 0.68671875 0.025 0.03125
0 0.37109375 0.721875 0.025 0.03125
0 0.3765625 0.66171875 0.0234375 0.03125
0 0.3609375 0.68203125 0.025 0.03125
0 0.32734375 0.715625 0.0265625 0.03125
0 0.3765625 0.58984375 0.025 0.03125
0 0.3625 0.625 0.025 0.03125
0 0.35234375 0.65546875 0.025 0.0328125
0 0.33359375 0.67890625 0.0234375 0.03125
0 0.34921875 0.59765625 0.025 0.03125
0 0.33203125 0.6328125 0.021875 0.028125
0 0.31640625 0.65390625 0.025 0.028125
0 0.30859375 0.69609375 0.028125 0.034375
0 0.2765625 0.70390625 0.0265625 0.03125
0 0.290625 0.66953125 0.028125 0.03125
0 0.296875 0.6296875 0.025 0.034375
0 0.31484375 0.60234375 0.0234375 0.0296875
0 0.2671875 0.6046875 0.0234375 0.03125
0 0.27265625 0.64453125 0.025 0.03125
0 0.2671875 0.66640625 0.021875 0.028125
0 0.2765625 0.703125 0.025 0.03125
0 0.253125 0.69375 0.0265625 0.0328125
0 0.25 0.63671875 0.025 0.03125
0 0.23828125 0.60390625 0.021875 0.03125
0 0.22578125 0.63125 0.0265625 0.034375
0 0.24375 0.659375 0.0234375 0.0328125
0 0.2234375 0.68984375 0.0265625 0.034375
0 0.19921875 0.6859375 0.021875 0.0296875
0 0.2109375 0.6546875 0.025 0.03125
0 0.20078125 0.62109375 0.028125 0.03125
0 0.1859375 0.5875 0.025 0.03125
0 0.16171875 0.6234375 0.025 0.03125
0 0.18203125 0.64453125 0.0265625 0.0296875
0 0.17265625 0.68203125 0.025 0.028125
0 0.1515625 0.65625 0.025 0.0296875
0 0.078125 0.0078125 0.025 0.015625
0 0.1 0.0328125 0.0265625 0.0390625
0 0.12109375 0.04296875 0.028125 0.040625
0 0.15390625 0.034375 0.028125 0.0375
0 0.1828125 0.05078125 0.0265625 0.0390625
0 0.21015625 0.05078125 0.028125 0.0421875
0 0.22109375 0.01640625 0.0296875 0.0328125
0 0.24140625 0.0515625 0.025 0.040625
0 0.253125 0.01796875 0.028125 0.034375
0 0.2796875 0.0234375 0.028125 0.0390625
0 0.28125 0.0625 0.028125 0.040625
0 0.33984375 0.0359375 0.028125 0.040625
0 0.3140625 0.065625 0.028125 0.040625
0 0.340625 0.08515625 0.028125 0.0390625
0 0.37109375 0.0921875 0.03125 0.0390625
0 0.3609375 0.0578125 0.025 0.040625
0 0.3703125 0.02109375 0.0296875 0.040625
0 0.41328125 0.01640625 0.03125 0.0328125
0 0.39609375 0.075 0.028125 0.040625
0 0.41796875 0.05625 0.028125 0.0375
0 0.41640625 0.10234375 0.028125 0.040625
0 0.4453125 0.04609375 0.028125 0.040625
0 0.446875 0.08828125 0.028125 0.0375
0 0.4765625 0.05234375 0.028125 0.040625
0 0.46953125 0.11484375 0.028125 0.0375
0 0.49296875 0.08671875 0.028125 0.040625
0 0.50390625 0.125 0.028125 0.040625
0 0.50859375 0.0515625 0.03125 0.040625
0 0.53515625 0.034375 0.028125 0.0390625
0 0.55 0.06484375 0.0296875 0.0421875
0 0.525 0.090625 0.0265625 0.0390625
0 0.53203125 0.1375 0.028125 0.0375
0 0.55234375 0.10546875 0.0296875 0.0375
0 0.56328125 0.1421875 0.028125 0.040625
0 0.5796875 0.04296875 0.025 0.040625
0 0.57578125 0.08046875 0.0296875 0.0421875
0 0.58828125 0.1203125 0.028125 0.040625
0 0.59609375 0.15859375 0.028125 0.040625
0 0.615625 0.05 0.0296875 0.04375
0 0.60546875 0.0890625 0.028125 0.0390625
0 0.61640625 0.12578125 0.028125 0.0390625
0 0.6234375 0.17578125 0.0265625 0.034375
0 0.6453125 0.125 0.0296875 0.04375
0 0.6578125 0.1703125 0.028125 0.040625
0 0.6734375 0.08515625 0.028125 0.0375
0 0.68125 0.1265625 0.0296875 0.0375
0 0.68984375 0.1640625 0.0265625 0.0375
0 0.715625 0.14296875 0.0296875 0.040625
0 0.7140625 0.18203125 0.028125 0.0375
0 0.74375 0.1890625 0.025 0.0390625
0 0.7671875 0.1484375 0.025 0.0375
0 0.7703125 0.20625 0.025 0.034375
0 0.79765625 0.18515625 0.025 0.0359375
0 0.834375 0.19765625 0.025 0.0375
0 0.8484375 0.15546875 0.021875 0.0375
0 0.87265625 0.18984375 0.0265625 0.0375
0 0.91171875 0.2484375 0.025 0.034375
0 0.85703125 0.22734375 0.028125 0.0375