0 0.99140625 0.0953125 0.0171875 0.040625
0 0.9671875 0.109375 0.03125 0.04375
0 0.9796875 0.13515625 0.028125 0.0375
0 0.99296875 0.175 0.0125 0.046875
0 0.990625 0.21640625 0.01875 0.0390625
0 0.98671875 0.2609375 0.0265625 0.040625
0 0.946875 0.14921875 0.028125 0.0421875
0 0.96640625 0.1640625 0.028125 0.040625
0 0.97109375 0.20625 0.0265625 0.040625
0 0.96484375 0.2453125 0.028125 0.0375
0 0.9546875 0.28203125 0.0265625 0.0390625
0 0.94765625 0.1890625 0.028125 0.0375
0 0.9140625 0.13671875 0.028125 0.0390625
0 0.9171875 0.17734375 0.0296875 0.0390625
0 0.92421875 0.2171875 0.03125 0.0390625
0 0.92578125 0.265625 0.028125 0.0375
0 0.91796875 0.30234375 0.028125 0.0375
0 0.86796875 0.153125 0.0296875 0.0390625
0 0.83828125 0.17578125 0.0265625 0.0375
0 0.89375 0.18359375 0.028125 0.0390625
0 0.89140625 0.22265625 0.0265625 0.0390625
0 0.9 0.2515625 0.028125 0.040625
0 0.875 0.2640625 0.028125 0.040625
0 0.89375 0.29140625 0.0265625 0.0359375
0 0.8921875 0.32734375 0.028125 0.0375
0 0.86015625 0.19921875 0.03125 0.0390625
0 0.828125 0.215625 0.03125 0.03125
0 0.8375 0.26015625 0.065625 0.096875
0 0.86796875 0.325 0.05625 0.078125
0 0.77421875 0.2484375 0.0609375 0.084375
0 0.784375 0.3234375 0.0578125 0.078125
0 0.7109375 0.22421875 0.0625 0.084375
0 0.72890625 0.31328125 0.059375 0.084375
0 0.88203125 0.4046875 0.065625 0.078125
0 0.82109375 0.3796875 0.053125 0.078125
0 0.734375 0.390625 0.0625 0.078125
0 0.778125 0.43671875 0.0578125 0.075
0 0.88828125 0.47421875 0.05625 0.075
0 0.8390625 0.46875 0.05625 0.0765625
0 0.84375 0.5359375 0.0578125 0.071875
0 0.78046875 0.559375 0.0546875 0.0765625
0 0.76015625 0.515625 0.0546875 0.0734375
0 0.70546875 0.55703125 0.0546875 0.065625
0 0.70078125 0.4765625 0.0546875 0.075
0 0.66015625 0.28828125 0.059375 0.078125
0 0.646875 0.3796875 0.059375 0.075
0 0.6453125 0.45546875 0.059375 0.0765625
0 0.63828125 0.53984375 0.0578125 0.071875
0 0.55390625 0.25625 0.0625 0.084375
0 0.59609375 0.30546875 0.059375 0.08125
0 0.53828125 0.340625 0.059375 0.078125
0 0.58125 0.38984375 0.059375 0.078125
0 0.52421875 0.42421875 0.059375 0.075
0 0.56953125 0.47578125 0.059375 0.06875
0 0.5765625 0.54921875 0.0546875 0.06875
0 0.490625 0.28359375 0.0625 0.0875
0 0.42578125 0.26484375 0.0625 0.084375
0 0.4796875 0.3671875 0.053125 0.0828125
0 0.3984375 0.35234375 0.0625 0.08125
0 0.33671875 0.3234375 0.059375 0.0875
0 0.271875 0.34375 0.0625 0.0828125
0 0.2859375 0.4265625 0.0625 0.0796875
0 0.34609375 0.40546875 0.059375 0.08125
0 0.40390625 0.44140625 0.0578125 0.0796875
0 0.46171875 0.4515625 0.05625 0.0765625
0 0.50390625 0.50078125 0.0578125 0.078125
0 0.49140625 0.58515625 0.05625 0.06875
0 0.4390625 0.53125 0.0578125 0.078125
0 0.43359375 0.61015625 0.053125 0.06875
0 0.35859375 0.496875 0.0625 0.075
0 0.38125 0.5828125 0.0546875 0.075
0 0.19765625 0.48046875 0.05625 0.075
0 0.25703125 0.49375 0.0625 0.078125
0 0.30390625 0.54609375 0.05625 0.078125
0 0.22265625 0.55546875 0.0625 0.075
0 0.16015625 0.55703125 0.059375 0.078125
0 0.33828125 0.63046875 0.05625 0.0703125
0 0.265625 0.61875 0.0546875 0.071875
0 0.19609375 0.61875 0.053125 0.071875
0 0.1359375 0.61875 0.053125 0.075
0 0.16484375 0.69609375 0.05625 0.071875
0 0.23359375 0.68046875 0.059375 0.071875
0 0.30859375 0.69609375 0.0578125 0.065625
0 0.26484375 0.75390625 0.0578125 0.0671875
0 0.20625 0.74921875 0.059375 0.0671875
0 0.025 0.87421875 0.03125 0.028125
0 0.0625 0.8375 0.034375 0.0390625
0 0.0578125 0.90859375 0.03125 0.0390625
0 0.03515625 0.92421875 0.03125 0.0359375
0 0.0671875 0.953125 0.034375 0.0390625
0 0.1046875 0.93671875 0.03125 0.034375
0 0.13125 0.975 0.034375 0.021875
0 0.17265625 0.96953125 0.0328125 0.03125
0 0.20625 0.9671875 0.0265625 0.021875
0 0.153125 0.9265625 0.03125 0.034375
0 0.18828125 0.9140625 0.03125 0.0375
0 0.221875 0.92421875 0.034375 0.034375
0 0.25390625 0.92578125 0.0296875 0.034375
0 0.2421875 0.8796875 0.03125 0.0375
0 0.2125 0.86015625 0.03125 0.0359375
0 0.175 0.871875 0.03125 0.0375
0 0.13515625 0.87890625 0.03125 0.0375
0 0.18515625 0.815625 0.03125 0.034375
0 0.1453125 0.83046875 0.034375 0.0375
0 0.115625 0.83671875 0.03125 0.0390625
0 0.1078125 0.85625 0.028125 0.0375
0 0.31328125 0.87890625 0.0296875 0.034375
0 0.3453125 0.8734375 0.03125 0.0375
0 0.31953125 0.8484375 0.03125 0.034375
0 0.31875 0.80546875 0.0296875 0.0328125
0 0.34609375 0.7796875 0.025 0.0375
0 0.3734375 0.77421875 0.0296875 0.040625
0 0.40078125 0.7875 0.028125 0.034375
0 0.36796875 0.83359375 0.03125 0.034375
0 0.4015625 0.86953125 0.0296875 0.034375
0 0.44375 0.77421875 0.03125 0.0390625
0 0.47578125 0.75390625 0.03125 0.0375
0 0.50546875 0.76171875 0.03125 0.0359375
0 0.47109375 0.7953125 0.03125 0.0375
0 0.44453125 0.8359375 0.0296875 0.0375
0 0.43046875 0.85703125 0.028125 0.034375
0 0.4640625 0.86640625 0.0296875 0.034375
0 0.47734375 0.82734375 0.03125 0.034375
0 0.49765625 0.81328125 0.03125 0.0375
0 0.503125 0.859375 0.028125 0.034375
0 0.565625 0.73828125 0.03125 0.034375
0 0.53671875 0.74296875 0.0296875 0.0375
0 0.5234375 0.78515625 0.028125 0.0359375
0 0.5515625 0.7734375 0.028125 0.0390625
0 0.58125 0.76328125 0.028125 0.0328125
0 0.5765625 0.8 0.028125 0.0375
0 0.5484375 0.809375 0.0296875 0.034375
0 0.51953125 0.82265625 0.03125 0.034375
0 0.53203125 0.85078125 0.028125 0.034375
0 0.56015625 0.84140625 0.028125 0.03125
0 0.5921875 0.83828125 0.03125 0.034375
0 0.6046875 0.72890625 0.025 0.03125
0 0.584375 0.70078125 0.021875 0.028125
0 0.57265625 0.6671875 0.025 0.034375
0 0.5765625 0.6078125 0.025 0.03125
0 0.59921875 0.565625 0.0234375 0.03125
0 0.59921875 0.603125 0.025 0.03125
0 0.596875 0.64921875 0.021875 0.03125
0 0.60546875 0.68671875 0.025 0.03125
0 0.62890625 0.721875 0.025 0.03125
0 0.6234375 0.66171875 0.0234375 0.03125
0 0.6390625 0.68203125 0.025 0.03125
0 0.67265625 0.715625 0.0265625 0.03125
0 0.6234375 0.58984375 0.025 0.03125
0 0.6375 0.625 0.025 0.03125
0 0.64765625 0.65546875 0.025 0.0328125
0 0.66640625 0.67890625 0.0234375 0.03125
0 0.65078125 0.59765625 0.025 0.03125
0 0.66796875 0.6328125 0.021875 0.028125
0 0.68359375 0.65390625 0.025 0.028125
0 0.69140625 0.69609375 0.028125 0.034375
0 0.7234375 0.70390625 0.0265625 0.03125
0 0.709375 0.66953125 0.028125 0.03125
0 0.703125 0.6296875 0.025 0.034375
0 0.68515625 0.60234375 0.0234375 0.0296875
0 0.7328125 0.6046875 0.0234375 0.03125
0 0.72734375 0.64453125 0.025 0.03125
0 0.7328125 0.66640625 0.021875 0.028125
0 0.7234375 0.703125 0.025 0.03125
0 0.746875 0.69375 0.0265625 0.0328125
0 0.75 0.63671875 0.025 0.03125
0 0.76171875 0.60390625 0.021875 0.03125
0 0.77421875 0.63125 0.0265625 0.034375
0 0.75625 0.659375 0.0234375 0.0328125
0 0.7765625 0.68984375 0.0265625 0.034375
0 0.80078125 0.6859375 0.021875 0.0296875
0 0.7890625 0.6546875 0.025 0.03125
0 0.79921875 0.62109375 0.028125 0.03125
0 0.8140625 0.5875 0.025 0.03125
0 0.83828125 0.6234375 0.025 0.03125
0 0.81796875 0.64453125 0.0265625 0.0296875
0 0.82734375 0.68203125 0.025 0.028125
0 0.8484375 0.65625 0.025 0.0296875
0 0.921875 0.0078125 0.025 0.015625
0 0.9 0.0328125 0.0265625 0.0390625
0 0.87890625 0.04296875 0.028125 0.040625
0 0.84609375 0.034375 0.028125 0.0375
0 0.8171875 0.05078125 0.0265625 0.0390625
0 0.78984375 0.05078125 0.028125 0.0421875
0 0.77890625 0.01640625 0.0296875 0.0328125
0 0.75859375 0.0515625 0.025 0.040625
0 0.746875 0.01796875 0.028125 0.034375
0 0.7203125 0.0234375 0.028125 0.0390625
0 0.71875 0.0625 0.028125 0.040625
0 0.66015625 0.0359375 0.028125 0.040625
0 0.6859375 0.065625 0.028125 0.040625
0 0.659375 0.08515625 0.028125 0.0390625
0 0.62890625 0.0921875 0.03125 0.0390625
0 0.6390625 0.0578125 0.025 0.040625
0 0.6296875 0.02109375 0.0296875 0.040625
0 0.58671875 0.01640625 0.03125 0.0328125
0 0.60390625 0.075 0.028125 0.040625
0 0.58203125 0.05625 0.028125 0.0375
0 0.58359375 0.10234375 0.028125 0.040625
0 0.5546875 0.04609375 0.028125 0.040625
0 0.553125 0.08828125 0.028125 0.0375
0 0.5234375 0.05234375 0.028125 0.040625
0 0.53046875 0.11484375 0.028125 0.0375
0 0.50703125 0.08671875 0.028125 0.040625
0 0.49609375 0.125 0.028125 0.040625
0 0.49140625 0.0515625 0.03125 0.040625
0 0.46484375 0.034375 0.028125 0.0390625
0 0.45 0.06484375 0.0296875 0.0421875
0 0.475 0.090625 0.0265625 0.0390625
0 0.46796875 0.1375 0.028125 0.0375
0 0.44765625 0.10546875 0.0296875 0.0375
0 0.43671875 0.1421875 0.028125 0.040625
0 0.4203125 0.04296875 0.025 0.040625
0 0.42421875 0.08046875 0.0296875 0.0421875
0 0.41171875 0.1203125 0.028125 0.040625
0 0.40390625 0.15859375 0.028125 0.040625
0 0.384375 0.05 0.0296875 0.04375
0 0.39453125 0.0890625 0.028125 0.0390625
0 0.38359375 0.12578125 0.028125 0.0390625
0 0.3765625 0.17578125 0.0265625 0.034375
0 0.3546875 0.125 0.0296875 0.04375
0 0.3421875 0.1703125 0.028125 0.040625
0 0.3265625 0.08515625 0.028125 0.0375
0 0.31875 0.1265625 0.0296875 0.0375
0 0.31015625 0.1640625 0.0265625 0.0375
0 0.284375 0.14296875 0.0296875 0.040625
0 0.2859375 0.18203125 0.028125 0.0375
0 0.25625 0.1890625 0.025 0.0390625
0 0.2328125 0.1484375 0.025 0.0375
0 0.2296875 0.20625 0.025 0.034375
0 0.20234375 0.18515625 0.025 0.0359375
0 0.165625 0.19765625 0.025 0.0375
0 0.1515625 0.15546875 0.021875 0.0375
0 0.12734375 0.18984375 0.0265625 0.0375
0 0.08828125 0.2484375 0.025 0.034375
0 0.14296875 0.22734375 0.028125 0.0375