0 0.9046875 0.00859375 0.040625 0.0171875
0 0.890625 0.0328125 0.04375 0.03125
0 0.86484375 0.0203125 0.0375 0.028125
0 0.825 0.00703125 0.046875 0.0125
0 0.78359375 0.009375 0.0390625 0.01875
0 0.7390625 0.01328125 0.040625 0.0265625
0 0.85078125 0.053125 0.0421875 0.028125
0 0.8359375 0.03359375 0.040625 0.028125
0 0.79375 0.02890625 0.040625 0.0265625
0 0.7546875 0.03515625 0.0375 0.028125
0 0.71796875 0.0453125 0.0390625 0.0265625
0 0.8109375 0.05234375 0.0375 0.028125
0 0.86328125 0.0859375 0.0390625 0.028125
0 0.82265625 0.0828125 0.0390625 0.0296875
0 0.7828125 0.07578125 0.0390625 0.03125
0 0.734375 0.07421875 0.0375 0.028125
0 0.69765625 0.08203125 0.0375 0.028125
0 0.846875 0.13203125 0.0390625 0.0296875
0 0.82421875 0.16171875 0.0375 0.0265625
0 0.81640625 0.10625 0.0390625 0.028125
0 0.77734375 0.10859375 0.0390625 0.0265625
0 0.7484375 0.1 0.040625 0.028125
0 0.7359375 0.125 0.040625 0.028125
0 0.70859375 0.10625 0.0359375 0.0265625
0 0.67265625 0.1078125 0.0375 0.028125
0 0.80078125 0.13984375 0.0390625 0.03125
0 0.784375 0.171875 0.03125 0.03125
0 0.73984375 0.1625 0.096875 0.065625
0 0.675 0.13203125 0.078125 0.05625
0 0.7515625 0.22578125 0.084375 0.0609375
0 0.6765625 0.215625 0.078125 0.0578125
0 0.77578125 0.2890625 0.084375 0.0625
0 0.68671875 0.27109375 0.084375 0.059375
0 0.5953125 0.11796875 0.078125 0.065625
0 0.6203125 0.17890625 0.078125 0.053125
0 0.609375 0.265625 0.078125 0.0625
0 0.56328125 0.221875 0.075 0.0578125
0 0.52578125 0.11171875 0.075 0.05625
0 0.53125 0.1609375 0.0765625 0.05625
0 0.4640625 0.15625 0.071875 0.0578125
0 0.440625 0.21953125 0.0765625 0.0546875
0 0.484375 0.23984375 0.0734375 0.0546875
0 0.44296875 0.29453125 0.065625 0.0546875
0 0.5234375 0.29921875 0.075 0.0546875
0 0.71171875 0.33984375 0.078125 0.059375
0 0.6203125 0.353125 0.075 0.059375
0 0.54453125 0.3546875 0.0765625 0.059375
0 0.46015625 0.36171875 0.071875 0.0578125
0 0.74375 0.44609375 0.084375 0.0625
0 0.69453125 0.40390625 0.08125 0.059375
0 0.659375 0.46171875 0.078125 0.059375
0 0.61015625 0.41875 0.078125 0.059375
0 0.57578125 0.47578125 0.075 0.059375
0 0.52421875 0.43046875 0.06875 0.059375
0 0.45078125 0.4234375 0.06875 0.0546875
0 0.71640625 0.509375 0.0875 0.0625
0 0.73515625 0.57421875 0.084375 0.0625
0 0.6328125 0.5203125 0.0828125 0.053125
0 0.64765625 0.6015625 0.08125 0.0625
0 0.6765625 0.66328125 0.0875 0.059375
0 0.65625 0.728125 0.0828125 0.0625
0 0.5734375 0.7140625 0.0796875 0.0625
0 0.59453125 0.65390625 0.08125 0.059375
0 0.55859375 0.59609375 0.0796875 0.0578125
0 0.5484375 0.53828125 0.0765625 0.05625
0 0.49921875 0.49609375 0.078125 0.0578125
0 0.41484375 0.50859375 0.06875 0.05625
0 0.46875 0.5609375 0.078125 0.0578125
0 0.38984375 0.56640625 0.06875 0.053125
0 0.503125 0.64140625 0.075 0.0625
0 0.4171875 0.61875 0.075 0.0546875
0 0.51953125 0.80234375 0.075 0.05625
0 0.50625 0.74296875 0.078125 0.0625
0 0.45390625 0.69609375 0.078125 0.05625
0 0.44453125 0.77734375 0.075 0.0625
0 0.44296875 0.83984375 0.078125 0.059375
0 0.36953125 0.66171875 0.0703125 0.05625
0 0.38125 0.734375 0.071875 0.0546875
0 0.38125 0.80390625 0.071875 0.053125
0 0.38125 0.8640625 0.075 0.053125
0 0.30390625 0.83515625 0.071875 0.0578125
0 0.31953125 0.76640625 0.071875 0.059375
0 0.30390625 0.69140625 0.065625 0.0578125
0 0.24609375 0.73515625 0.0671875 0.0578125
0 0.25078125 0.79375 0.0671875 0.0578125
0 0.12578125 0.975 0.028125 0.03125
0 0.1625 0.9375 0.0390625 0.034375
0 0.09140625 0.9421875 0.0390625 0.03125
0 0.07578125 0.96484375 0.0359375 0.03125
0 0.046875 0.9328125 0.0390625 0.034375
0 0.06328125 0.8953125 0.034375 0.03125
0 0.025 0.86875 0.021875 0.034375
0 0.03046875 0.82734375 0.03125 0.0328125
0 0.0328125 0.79375 0.021875 0.0265625
0 0.0734375 0.846875 0.034375 0.03125
0 0.0859375 0.81171875 0.0375 0.0328125
0 0.07578125 0.778125 0.034375 0.034375
0 0.07421875 0.74609375 0.034375 0.0296875
0 0.1203125 0.7578125 0.0375 0.03125
0 0.13984375 0.7875 0.0359375 0.0328125
0 0.128125 0.825 0.0375 0.03125
0 0.12109375 0.86484375 0.0375 0.03125
0 0.184375 0.81484375 0.034375 0.03125
0 0.16953125 0.8546875 0.0375 0.034375
0 0.16328125 0.884375 0.0390625 0.03125
0 0.14375 0.8921875 0.0375 0.028125
0 0.12109375 0.68671875 0.034375 0.0296875
0 0.1265625 0.6546875 0.0375 0.03125
0 0.1515625 0.68046875 0.034375 0.03125
0 0.19453125 0.68125 0.0328125 0.0296875
0 0.2203125 0.65390625 0.0375 0.025
0 0.22578125 0.6265625 0.040625 0.0296875
0 0.2125 0.59921875 0.034375 0.028125
0 0.16640625 0.63203125 0.034375 0.03125
0 0.13046875 0.5984375 0.034375 0.0296875
0 0.22578125 0.55625 0.0390625 0.03125
0 0.24609375 0.52421875 0.0375 0.03125
0 0.23828125 0.49453125 0.0359375 0.03125
0 0.2046875 0.52890625 0.0375 0.03125
0 0.1640625 0.55546875 0.0375 0.0296875
0 0.14296875 0.56953125 0.034375 0.028125
0 0.13359375 0.5359375 0.034375 0.0296875
0 0.17265625 0.52265625 0.034375 0.03125
0 0.18671875 0.50234375 0.0375 0.03125
0 0.140625 0.496875 0.034375 0.028125
0 0.26171875 0.434375 0.034375 0.03125
0 0.25703125 0.46328125 0.0375 0.0296875
0 0.21484375 0.4765625 0.0359375 0.028125
0 0.2265625 0.4484375 0.0390625 0.028125
0 0.23671875 0.41875 0.0328125 0.028125
0 0.2 0.4234375 0.0375 0.028125
0 0.190625 0.4515625 0.034375 0.0296875
0 0.17734375 0.48046875 0.034375 0.03125
0 0.14921875 0.46796875 0.034375 0.028125
0 0.15859375 0.43984375 0.03125 0.028125
0 0.16171875 0.4078125 0.034375 0.03125
0 0.27109375 0.3953125 0.03125 0.025
0 0.29921875 0.415625 0.028125 0.021875
0 0.3328125 0.42734375 0.034375 0.025
0 0.3921875 0.4234375 0.03125 0.025
0 0.434375 0.40078125 0.03125 0.0234375
0 0.396875 0.40078125 0.03125 0.025
0 0.35078125 0.403125 0.03125 0.021875
0 0.31328125 0.39453125 0.03125 0.025
0 0.278125 0.37109375 0.03125 0.025
0 0.33828125 0.3765625 0.03125 0.0234375
0 0.31796875 0.3609375 0.03125 0.025
0 0.284375 0.32734375 0.03125 0.0265625
0 0.41015625 0.3765625 0.03125 0.025
0 0.375 0.3625 0.03125 0.025
0 0.34453125 0.35234375 0.0328125 0.025
0 0.32109375 0.33359375 0.03125 0.0234375
0 0.40234375 0.34921875 0.03125 0.025
0 0.3671875 0.33203125 0.028125 0.021875
0 0.34609375 0.31640625 0.028125 0.025
0 0.30390625 0.30859375 0.034375 0.028125
0 0.29609375 0.2765625 0.03125 0.0265625
0 0.33046875 0.290625 0.03125 0.028125
0 0.3703125 0.296875 0.034375 0.025
0 0.39765625 0.31484375 0.0296875 0.0234375
0 0.3953125 0.2671875 0.03125 0.0234375
0 0.35546875 0.27265625 0.03125 0.025
0 0.33359375 0.2671875 0.028125 0.021875
0 0.296875 0.2765625 0.03125 0.025
0 0.30625 0.253125 0.0328125 0.0265625
0 0.36328125 0.25 0.03125 0.025
0 0.39609375 0.23828125 0.03125 0.021875
0 0.36875 0.22578125 0.034375 0.0265625
0 0.340625 0.24375 0.0328125 0.0234375
0 0.31015625 0.2234375 0.034375 0.0265625
0 0.3140625 0.19921875 0.0296875 0.021875
0 0.3453125 0.2109375 0.03125 0.025
0 0.37890625 0.20078125 0.03125 0.028125
0 0.4125 0.1859375 0.03125 0.025
0 0.3765625 0.16171875 0.03125 0.025
0 0.35546875 0.18203125 0.0296875 0.0265625
0 0.31796875 0.17265625 0.028125 0.025
0 0.34375 0.1515625 0.0296875 0.025
0 0.9921875 0.078125 0.015625 0.025
0 0.9671875 0.1 0.0390625 0.0265625
0 0.95703125 0.12109375 0.040625 0.028125
0 0.965625 0.15390625 0.0375 0.028125
0 0.94921875 0.1828125 0.0390625 0.0265625
0 0.94921875 0.21015625 0.0421875 0.028125
0 0.98359375 0.22109375 0.0328125 0.0296875
0 0.9484375 0.24140625 0.040625 0.025
0 0.98203125 0.253125 0.034375 0.028125
0 0.9765625 0.2796875 0.0390625 0.028125
0 0.9375 0.28125 0.040625 0.028125
0 0.9640625 0.33984375 0.040625 0.028125
0 0.934375 0.3140625 0.040625 0.028125
0 0.91484375 0.340625 0.0390625 0.028125
0 0.9078125 0.37109375 0.0390625 0.03125
0 0.9421875 0.3609375 0.040625 0.025
0 0.97890625 0.3703125 0.040625 0.0296875
0 0.98359375 0.41328125 0.0328125 0.03125
0 0.925 0.39609375 0.040625 0.028125
0 0.94375 0.41796875 0.0375 0.028125
0 0.89765625 0.41640625 0.040625 0.028125
0 0.95390625 0.4453125 0.040625 0.028125
0 0.91171875 0.446875 0.0375 0.028125
0 0.94765625 0.4765625 0.040625 0.028125
0 0.88515625 0.46953125 0.0375 0.028125
0 0.91328125 0.49296875 0.040625 0.028125
0 0.875 0.50390625 0.040625 0.028125
0 0.9484375 0.50859375 0.040625 0.03125
0 0.965625 0.53515625 0.0390625 0.028125
0 0.93515625 0.55 0.0421875 0.0296875
0 0.909375 0.525 0.0390625 0.0265625
0 0.8625 0.53203125 0.0375 0.028125
0 0.89453125 0.55234375 0.0375 0.0296875
0 0.8578125 0.56328125 0.040625 0.028125
0 0.95703125 0.5796875 0.040625 0.025
0 0.91953125 0.57578125 0.0421875 0.0296875
0 0.8796875 0.58828125 0.040625 0.028125
0 0.84140625 0.59609375 0.040625 0.028125
0 0.95 0.615625 0.04375 0.0296875
0 0.9109375 0.60546875 0.0390625 0.028125
0 0.87421875 0.61640625 0.0390625 0.028125
0 0.82421875 0.6234375 0.034375 0.0265625
0 0.875 0.6453125 0.04375 0.0296875
0 0.8296875 0.6578125 0.040625 0.028125
0 0.91484375 0.6734375 0.0375 0.028125
0 0.8734375 0.68125 0.0375 0.0296875
0 0.8359375 0.68984375 0.0375 0.0265625
0 0.85703125 0.715625 0.040625 0.0296875
0 0.81796875 0.7140625 0.0375 0.028125
0 0.8109375 0.74375 0.0390625 0.025
0 0.8515625 0.7671875 0.0375 0.025
0 0.79375 0.7703125 0.034375 0.025
0 0.81484375 0.79765625 0.0359375 0.025
0 0.80234375 0.834375 0.0375 0.025
0 0.84453125 0.8484375 0.0375 0.021875
0 0.81015625 0.87265625 0.0375 0.0265625
0 0.7515625 0.91171875 0.034375 0.025
0 0.77265625 0.85703125 0.0375 0.028125