0 0.521875 0.2671875 0.034375 0.04375
0 0.46640625 0.27734375 0.034375 0.0453125
0 0.43984375 0.33359375 0.034375 0.046875
0 0.41875 0.3921875 0.046875 0.05625
0 0.50546875 0.334375 0.034375 0.05
0 0.58203125 0.3421875 0.034375 0.04375
0 0.540625 0.39609375 0.046875 0.059375
0 0.4828125 0.39140625 0.04375 0.059375
0 0.31796875 0.43984375 0.0421875 0.05625
0 0.62109375 0.3765625 0.040625 0.0546875
0 0.6765625 0.41328125 0.034375 0.046875
0 0.5953125 0.45390625 0.0359375 0.05
0 0.6375 0.48515625 0.034375 0.0484375
0 0.73828125 0.5234375 0.034375 0.0453125
0 0.76796875 0.58203125 0.0390625 0.053125
0 0.67734375 0.55078125 0.0375 0.0453125
0 0.7890625 0.66015625 0.0328125 0.04375
0 0.7453125 0.70859375 0.0375 0.046875
0 0.77109375 0.76875 0.040625 0.053125
0 0.75859375 0.928125 0.0375 0.05
0 0.734375 0.86484375 0.0421875 0.05625
0 0.68359375 0.90625 0.0421875 0.05625
0 0.67265625 0.8203125 0.0421875 0.059375
0 0.71796875 0.7640625 0.0421875 0.05625
0 0.56796875 0.9078125 0.034375 0.0484375
0 0.61484375 0.83125 0.034375 0.0453125
0 0.5203125 0.896875 0.034375 0.046875
0 0.55859375 0.821875 0.034375 0.0453125
0 0.59140625 0.73125 0.04375 0.05625
0 0.671875 0.73046875 0.0453125 0.05625
0 0.61875 0.66875 0.0375 0.053125
0 0.6921875 0.63046875 0.0375 0.05
0 0.6421875 0.59765625 0.040625 0.0546875
0 0.60234375 0.55546875 0.034375 0.0484375
0 0.5734375 0.6125 0.034375 0.0453125
0 0.5625 0.51953125 0.034375 0.05
0 0.51796875 0.4671875 0.034375 0.0484375
0 0.4671875 0.45703125 0.0375 0.0484375
0 0.50625 0.53125 0.0421875 0.0546875
0 0.503125 0.60859375 0.04375 0.0546875
0 0.54453125 0.67421875 0.03125 0.04375
0 0.52734375 0.74140625 0.0421875 0.05625
0 0.503125 0.803125 0.0359375 0.046875
0 0.46171875 0.8984375 0.0359375 0.046875
0 0.41328125 0.896875 0.04375 0.0578125
0 0.44453125 0.8109375 0.04375 0.0546875
0 0.46953125 0.7421875 0.0375 0.05
0 0.4796875 0.68203125 0.034375 0.046875
0 0.36171875 0.89296875 0.0359375 0.05
0 0.38125 0.82578125 0.034375 0.05
0 0.39296875 0.76171875 0.0359375 0.046875
0 0.41484375 0.7 0.0375 0.046875
0 0.44765625 0.6015625 0.0359375 0.0453125
0 0.4484375 0.51953125 0.04375 0.0546875
0 0.3 0.8984375 0.034375 0.05
0 0.30625 0.83515625 0.0375 0.05
0 0.3296875 0.7765625 0.04375 0.05625
0 0.37890625 0.6328125 0.0359375 0.046875
0 0.39609375 0.5515625 0.0375 0.046875
0 0.3875 0.4671875 0.034375 0.0453125
0 0.34609375 0.49375 0.0453125 0.0578125
0 0.27890625 0.5015625 0.04375 0.05625
0 0.32109375 0.56640625 0.040625 0.053125
0 0.2546875 0.58203125 0.0421875 0.053125
0 0.30546875 0.63984375 0.0375 0.046875
0 0.02890625 0.88515625 0.046875 0.0640625
0 0.103125 0.88515625 0.04375 0.059375
0 0.184375 0.86640625 0.0375 0.05
0 0.2375 0.88515625 0.0375 0.05
0 0.24765625 0.8234375 0.0375 0.04375
0 0.2171875 0.78671875 0.034375 0.046875
0 0.134375 0.80390625 0.04375 0.05625
0 0.1078125 0.784375 0.03125 0.046875
0 0.0734375 0.69921875 0.040625 0.053125
0 0.1640625 0.67109375 0.0375 0.0484375
0 0.1703125 0.709375 0.0421875 0.05
0 0.23046875 0.70859375 0.04375 0.0546875
0 0.27421875 0.74609375 0.034375 0.0484375
0 0.240625 0.65078125 0.046875 0.053125
0 0.1953125 0.51875 0.034375 0.046875
0 0.853125 0.63359375 0.0375 0.046875
0 0.8796875 0.70625 0.040625 0.05625
0 0.8234375 0.72421875 0.034375 0.0484375
0 0.87109375 0.7625 0.04375 0.05625
0 0.9375 0.79140625 0.04375 0.05625
0 0.8140625 0.8421875 0.0421875 0.059375
0 0.86953125 0.8375 0.034375 0.046875
0 0.90859375 0.828125 0.03125 0.04375
0 0.93203125 0.93203125 0.04375 0.059375
0 0.87421875 0.92265625 0.034375 0.046875
0 0.82265625 0.915625 0.04375 0.0578125
0 0.68984375 0.33359375 0.015625 0.021875