0 0.55859375 0.0609375 0.0875 0.065625
0 0.65234375 0.10703125 0.075 0.059375
0 0.72421875 0.14921875 0.075 0.0578125
0 0.72890625 0.2296875 0.08125 0.0578125
0 0.6484375 0.18046875 0.08125 0.0609375
0 0.5796875 0.1453125 0.078125 0.05625
0 0.51171875 0.146875 0.0703125 0.053125
0 0.47734375 0.09921875 0.06875 0.053125
0 0.4078125 0.115625 0.06875 0.053125
0 0.3390625 0.11875 0.065625 0.053125
0 0.4421875 0.16484375 0.071875 0.05625
0 0.36953125 0.16171875 0.065625 0.053125
0 0.303125 0.16640625 0.065625 0.0515625
0 0.24921875 0.225 0.071875 0.05625
0 0.31953125 0.20078125 0.06875 0.05625
0 0.31796875 0.25078125 0.065625 0.0578125
0 0.2671875 0.28984375 0.0625 0.0515625
0 0.25234375 0.3359375 0.075 0.059375
0 0.29921875 0.29609375 0.0796875 0.065625
0 0.38046875 0.27421875 0.075 0.05625
0 0.39921875 0.23828125 0.065625 0.05
0 0.45703125 0.2359375 0.06875 0.0578125
0 0.52109375 0.20234375 0.0765625 0.059375
0 0.87890625 0.28828125 0.0796875 0.059375
0 0.93125 0.4265625 0.0828125 0.059375
0 0.88046875 0.37578125 0.0828125 0.0625
0 0.7921875 0.3234375 0.078125 0.05625
0 0.79296875 0.37734375 0.078125 0.059375
0 0.8265625 0.4328125 0.078125 0.0578125
0 0.7453125 0.44140625 0.078125 0.053125
0 0.68046875 0.2875 0.078125 0.053125
0 0.7078125 0.3390625 0.08125 0.05
0 0.58828125 0.253125 0.08125 0.0609375
0 0.6125 0.32421875 0.078125 0.05625
0 0.53203125 0.30390625 0.075 0.0578125
0 0.46328125 0.30234375 0.06875 0.0578125
0 0.4578125 0.3546875 0.08125 0.0609375
0 0.37578125 0.32734375 0.0796875 0.0640625
0 0.31953125 0.36875 0.0875 0.065625
0 0.25390625 0.4 0.075 0.059375
0 0.31328125 0.44375 0.071875 0.059375
0 0.39296875 0.396875 0.075 0.0625
0 0.4578125 0.35390625 0.08125 0.0578125
0 0.54140625 0.371875 0.071875 0.05625
0 0.6109375 0.396875 0.071875 0.05625
0 0.6890625 0.4046875 0.071875 0.053125
0 0.66640625 0.45703125 0.075 0.059375
0 0.590625 0.44609375 0.0703125 0.05625
0 0.52109375 0.4296875 0.071875 0.05625
0 0.2734375 0.48671875 0.075 0.053125
0 0.26640625 0.546875 0.078125 0.0625
0 0.265625 0.61171875 0.075 0.0625
0 0.2484375 0.68203125 0.0828125 0.065625
0 0.27578125 0.740625 0.0765625 0.059375
0 0.2796875 0.80703125 0.0828125 0.0640625
0 0.32578125 0.87265625 0.0828125 0.0625
0 0.41015625 0.8890625 0.0859375 0.059375
0 0.365625 0.76328125 0.078125 0.05625
0 0.3703125 0.68515625 0.06875 0.05
0 0.34765625 0.64375 0.0796875 0.06875
0 0.34140625 0.57265625 0.078125 0.053125
0 0.31953125 0.515625 0.075 0.059375
0 0.3953125 0.47734375 0.075 0.05625
0 0.46953125 0.48125 0.071875 0.059375
0 0.5609375 0.5015625 0.071875 0.053125
0 0.63515625 0.5109375 0.071875 0.0546875
0 0.70859375 0.503125 0.071875 0.053125
0 0.8640625 0.55703125 0.084375 0.0625
0 0.7796875 0.54296875 0.084375 0.059375
0 0.68046875 0.55703125 0.078125 0.05625
0 0.90078125 0.64609375 0.08125 0.0578125
0 0.8296875 0.62421875 0.08125 0.05625
0 0.7484375 0.5984375 0.08125 0.059375
0 0.8984375 0.71171875 0.08125 0.0609375
0 0.87890625 0.78203125 0.084375 0.0640625
0 0.821875 0.68359375 0.0796875 0.059375
0 0.78984375 0.7984375 0.0890625 0.0625
0 0.76953125 0.853125 0.0875 0.0609375
0 0.73671875 0.67421875 0.084375 0.0625
0 0.73125 0.74296875 0.0875 0.0625
0 0.6171875 0.603125 0.0875 0.0578125
0 0.64375 0.640625 0.0765625 0.05
0 0.65 0.7125 0.071875 0.05625
0 0.57265625 0.634375 0.075 0.0578125
0 0.57421875 0.69375 0.075 0.053125
0 0.59609375 0.7671875 0.08125 0.05625
0 0.68671875 0.8140625 0.08125 0.0625
0 0.65546875 0.9078125 0.0828125 0.0640625
0 0.578125 0.91875 0.0828125 0.0609375
0 0.60390625 0.80546875 0.075 0.0546875
0 0.50078125 0.86875 0.071875 0.059375
0 0.52265625 0.8171875 0.075 0.05625
0 0.50859375 0.746875 0.0765625 0.0609375
0 0.50390625 0.6734375 0.071875 0.053125
0 0.49921875 0.61953125 0.0765625 0.053125
0 0.47109375 0.56015625 0.078125 0.05625
0 0.4171875 0.53515625 0.071875 0.053125
0 0.42734375 0.6 0.075 0.059375
0 0.453125 0.79140625 0.078125 0.0578125
0 0.41015625 0.7421875 0.0828125 0.0625
0 0.428125 0.66484375 0.078125 0.05625