0 0.44140625 0.9390625 0.0875 0.065625
0 0.34765625 0.89296875 0.075 0.059375
0 0.27578125 0.85078125 0.075 0.0578125
0 0.27109375 0.7703125 0.08125 0.0578125
0 0.3515625 0.81953125 0.08125 0.0609375
0 0.4203125 0.8546875 0.078125 0.05625
0 0.48828125 0.853125 0.0703125 0.053125
0 0.52265625 0.90078125 0.06875 0.053125
0 0.5921875 0.884375 0.06875 0.053125
0 0.6609375 0.88125 0.065625 0.053125
0 0.5578125 0.83515625 0.071875 0.05625
0 0.63046875 0.83828125 0.065625 0.053125
0 0.696875 0.83359375 0.065625 0.0515625
0 0.75078125 0.775 0.071875 0.05625
0 0.68046875 0.79921875 0.06875 0.05625
0 0.68203125 0.74921875 0.065625 0.0578125
0 0.7328125 0.71015625 0.0625 0.0515625
0 0.74765625 0.6640625 0.075 0.059375
0 0.70078125 0.70390625 0.0796875 0.065625
0 0.61953125 0.72578125 0.075 0.05625
0 0.60078125 0.76171875 0.065625 0.05
0 0.54296875 0.7640625 0.06875 0.0578125
0 0.47890625 0.79765625 0.0765625 0.059375
0 0.12109375 0.71171875 0.0796875 0.059375
0 0.06875 0.5734375 0.0828125 0.0609375
0 0.11953125 0.62421875 0.0828125 0.0625
0 0.2078125 0.6765625 0.078125 0.05625
0 0.20703125 0.62265625 0.078125 0.059375
0 0.1734375 0.5671875 0.078125 0.0578125
0 0.2546875 0.55859375 0.078125 0.053125
0 0.31953125 0.7125 0.078125 0.053125
0 0.2921875 0.6609375 0.08125 0.05
0 0.41171875 0.746875 0.08125 0.0609375
0 0.3875 0.67578125 0.078125 0.05625
0 0.46796875 0.69609375 0.075 0.0578125
0 0.53671875 0.69765625 0.06875 0.0578125
0 0.5421875 0.6453125 0.08125 0.0609375
0 0.62421875 0.67265625 0.0796875 0.0640625
0 0.68046875 0.63125 0.0875 0.065625
0 0.74609375 0.6 0.075 0.059375
0 0.68671875 0.55625 0.071875 0.059375
0 0.60703125 0.603125 0.075 0.0625
0 0.5421875 0.64609375 0.08125 0.0578125
0 0.45859375 0.628125 0.071875 0.05625
0 0.3890625 0.603125 0.071875 0.05625
0 0.3109375 0.5953125 0.071875 0.053125
0 0.33359375 0.54296875 0.075 0.059375
0 0.409375 0.55390625 0.0703125 0.05625
0 0.47890625 0.5703125 0.071875 0.05625
0 0.7265625 0.51328125 0.075 0.053125
0 0.73359375 0.453125 0.078125 0.0625
0 0.734375 0.38828125 0.075 0.0625
0 0.7515625 0.31796875 0.0828125 0.065625
0 0.72421875 0.259375 0.0765625 0.059375
0 0.7203125 0.19296875 0.0828125 0.0640625
0 0.67421875 0.12734375 0.0828125 0.0625
0 0.58984375 0.1109375 0.0859375 0.059375
0 0.634375 0.23671875 0.078125 0.05625
0 0.6296875 0.31484375 0.06875 0.05
0 0.65234375 0.35625 0.0796875 0.06875
0 0.65859375 0.42734375 0.078125 0.053125
0 0.68046875 0.484375 0.075 0.059375
0 0.6046875 0.52265625 0.075 0.05625
0 0.53046875 0.51875 0.071875 0.059375
0 0.4390625 0.4984375 0.071875 0.053125
0 0.36484375 0.4890625 0.071875 0.0546875
0 0.29140625 0.496875 0.071875 0.053125
0 0.1359375 0.44296875 0.084375 0.0625
0 0.2203125 0.45703125 0.084375 0.059375
0 0.31953125 0.44296875 0.078125 0.05625
0 0.09921875 0.35390625 0.08125 0.0578125
0 0.1703125 0.37578125 0.08125 0.05625
0 0.2515625 0.4015625 0.08125 0.059375
0 0.1015625 0.28828125 0.08125 0.059375
0 0.12109375 0.21796875 0.084375 0.0640625
0 0.178125 0.31640625 0.0796875 0.059375
0 0.21015625 0.2015625 0.0890625 0.0625
0 0.23046875 0.146875 0.0875 0.0609375
0 0.26328125 0.32578125 0.084375 0.0625
0 0.26875 0.25703125 0.0875 0.0625
0 0.3828125 0.396875 0.0875 0.0578125
0 0.35625 0.359375 0.0765625 0.05
0 0.35 0.2875 0.071875 0.05625
0 0.42734375 0.365625 0.075 0.0578125
0 0.42578125 0.30625 0.075 0.053125
0 0.40390625 0.2328125 0.08125 0.05625
0 0.31328125 0.1859375 0.08125 0.0625
0 0.34453125 0.0921875 0.0828125 0.0625
0 0.421875 0.08125 0.0828125 0.0609375
0 0.39609375 0.19453125 0.075 0.0546875
0 0.49921875 0.13125 0.071875 0.059375
0 0.47734375 0.1828125 0.075 0.05625
0 0.49140625 0.253125 0.0765625 0.0609375
0 0.49609375 0.3265625 0.071875 0.053125
0 0.50078125 0.38046875 0.0765625 0.053125
0 0.52890625 0.43984375 0.078125 0.05625
0 0.5828125 0.46484375 0.071875 0.053125
0 0.57265625 0.4 0.075 0.059375
0 0.546875 0.20859375 0.078125 0.0578125
0 0.58984375 0.2578125 0.0828125 0.0625
0 0.571875 0.33515625 0.078125 0.05625