0 0.44140625 0.909375 0.065625 0.0484375
0 0.371875 0.86328125 0.0625 0.04375
0 0.32109375 0.8234375 0.0625 0.046875
0 0.6171875 0.8140625 0.065625 0.046875
0 0.4953125 0.8265625 0.0640625 0.05
0 0.5390625 0.83828125 0.0625 0.046875
0 0.4921875 0.86015625 0.059375 0.0390625
0 0.4265625 0.81796875 0.0625 0.0453125
0 0.3828125 0.79375 0.0609375 0.05
0 0.33046875 0.76796875 0.0609375 0.04375
0 0.54375 0.7765625 0.0625 0.04375
0 0.61328125 0.7609375 0.0640625 0.05
0 0.4984375 0.7421875 0.0578125 0.04375
0 0.4421875 0.7625 0.0609375 0.0453125
0 0.3921875 0.74453125 0.059375 0.0453125
0 0.3390625 0.72578125 0.0671875 0.053125
0 0.665625 0.67734375 0.059375 0.046875
0 0.61171875 0.7015625 0.0625 0.046875
0 0.5609375 0.6765625 0.0609375 0.04375
0 0.50859375 0.70390625 0.059375 0.046875
0 0.584375 0.64609375 0.0671875 0.0515625
0 0.62109375 0.6515625 0.0609375 0.05
0 0.5109375 0.65 0.0625 0.05
0 0.4546875 0.728125 0.065625 0.05
0 0.45546875 0.67578125 0.0640625 0.053125
0 0.39765625 0.6984375 0.0625 0.046875
0 0.740625 0.55703125 0.05625 0.04375
0 0.7390625 0.5 0.059375 0.04375
0 0.7375 0.453125 0.0625 0.046875
0 0.7421875 0.40546875 0.065625 0.05
0 0.6796875 0.6296875 0.0609375 0.046875
0 0.67578125 0.5796875 0.059375 0.04375
0 0.69453125 0.5328125 0.0625 0.0484375
0 0.67421875 0.48046875 0.065625 0.05
0 0.68203125 0.43125 0.0609375 0.05
0 0.67265625 0.3765625 0.0625 0.046875
0 0.6640625 0.32890625 0.05625 0.046875
0 0.61484375 0.596875 0.0578125 0.046875
0 0.615625 0.55 0.05625 0.0453125
0 0.625 0.50390625 0.0625 0.0453125
0 0.6296875 0.4578125 0.0625 0.046875
0 0.64375 0.4015625 0.06875 0.05
0 0.628125 0.34921875 0.0625 0.046875
0 0.62421875 0.3 0.0625 0.046875
0 0.565625 0.57578125 0.0625 0.046875
0 0.56875 0.5265625 0.0625 0.046875
0 0.5671875 0.47890625 0.0625 0.046875
0 0.5734375 0.428125 0.0671875 0.05
0 0.64375 0.2109375 0.0640625 0.053125
0 0.57734375 0.375 0.065625 0.046875
0 0.56484375 0.32734375 0.065625 0.046875
0 0.578125 0.26875 0.0625 0.05
0 0.5765625 0.21875 0.0625 0.05
0 0.5625 0.1390625 0.0625 0.05
0 0.53046875 0.1828125 0.0625 0.05
0 0.50859375 0.11640625 0.059375 0.046875
0 0.52109375 0.24765625 0.0625 0.05
0 0.51484375 0.30078125 0.065625 0.05
0 0.515625 0.3546875 0.059375 0.046875
0 0.5125 0.403125 0.0625 0.046875
0 0.515625 0.45234375 0.065625 0.0484375
0 0.51015625 0.49921875 0.0625 0.0453125
0 0.51328125 0.55 0.0625 0.05
0 0.50625 0.5953125 0.0609375 0.046875
0 0.4484375 0.61953125 0.0609375 0.046875
0 0.453125 0.571875 0.0609375 0.05
0 0.4546875 0.521875 0.0625 0.0484375
0 0.45546875 0.4734375 0.065625 0.046875
0 0.459375 0.425 0.0625 0.046875
0 0.46328125 0.37578125 0.0640625 0.046875
0 0.47109375 0.3265625 0.0625 0.05
0 0.4609375 0.27109375 0.0625 0.046875
0 0.4640625 0.2203125 0.065625 0.05
0 0.46796875 0.15 0.06875 0.05
0 0.4390625 0.115625 0.0578125 0.046875
0 0.36953125 0.0796875 0.0671875 0.053125
0 0.39375 0.11640625 0.0703125 0.053125
0 0.42109375 0.18203125 0.065625 0.053125
0 0.3984375 0.24609375 0.06875 0.053125
0 0.40703125 0.3015625 0.065625 0.053125
0 0.40546875 0.3515625 0.0625 0.046875
0 0.4046875 0.39921875 0.0625 0.046875
0 0.39921875 0.44609375 0.0609375 0.0453125
0 0.39921875 0.50078125 0.06875 0.0515625
0 0.39765625 0.5453125 0.0625 0.0453125
0 0.39375 0.59296875 0.0625 0.046875
0 0.39375 0.6453125 0.0625 0.046875
0 0.33828125 0.6734375 0.0625 0.0453125
0 0.33359375 0.61875 0.0625 0.0484375
0 0.33671875 0.56875 0.065625 0.046875
0 0.3375 0.51953125 0.0625 0.05
0 0.3375 0.4703125 0.0625 0.046875
0 0.34453125 0.42265625 0.065625 0.046875
0 0.34140625 0.3734375 0.065625 0.0484375
0 0.3484375 0.32578125 0.0625 0.04375
0 0.31953125 0.28046875 0.06875 0.0515625
0 0.33515625 0.23046875 0.0671875 0.05
0 0.35078125 0.18359375 0.0625 0.046875
0 0.325 0.14296875 0.059375 0.046875
0 0.46953125 0.05546875 0.021875 0.015625
0 0.465625 0.0234375 0.01875 0.015625
0 0.45 0.0703125 0.0203125 0.015625
0 0.44296875 0.0375 0.021875 0.015625
0 0.42578125 0.08359375 0.01875 0.015625
0 0.42890625 0.06640625 0.021875 0.015625
0 0.446875 0.05859375 0.01875 0.0140625
0 0.46328125 0.046875 0.021875 0.0140625
0 0.43984375 0.02890625 0.021875 0.015625
0 0.4265625 0.01015625 0.0203125 0.015625
0 0.425 0.05703125 0.01875 0.0125
0 0.4078125 0.08515625 0.01875 0.01875
0 0.40625 0.065625 0.0203125 0.015625
0 0.40625 0.04765625 0.021875 0.015625
0 0.40703125 0.028125 0.021875 0.0171875
0 0.40546875 0.0109375 0.0203125 0.015625
0 0.38984375 0.0390625 0.01875 0.015625
0 0.3875 0.05546875 0.01875 0.015625