0 0.5390625 0.9640625 0.028125 0.05625
0 0.54375 0.91953125 0.0375 0.059375
0 0.5640625 0.97265625 0.040625 0.053125
0 0.60546875 0.9609375 0.04375 0.0625
0 0.5953125 0.88125 0.0375 0.065625
0 0.625 0.9 0.04375 0.065625
0 0.65625 0.96953125 0.046875 0.059375
0 0.6640625 0.91640625 0.046875 0.065625
0 0.7015625 0.9671875 0.053125 0.065625
0 0.75 0.96640625 0.05625 0.0671875
0 0.80703125 0.98359375 0.0578125 0.0328125
0 0.78125 0.91953125 0.0609375 0.075
0 0.721875 0.88359375 0.053125 0.0640625
0 0.59296875 0.8203125 0.0421875 0.05625
0 0.6453125 0.81796875 0.040625 0.065625
0 0.6828125 0.8328125 0.0453125 0.065625
0 0.709375 0.78046875 0.05 0.0625
0 0.75703125 0.81875 0.05 0.065625
0 0.60546875 0.75546875 0.0484375 0.071875
0 0.6984375 0.70703125 0.05625 0.084375
0 0.6640625 0.6921875 0.0375 0.06875
0 0.5515625 0.72890625 0.0453125 0.06875
0 0.5296875 0.69140625 0.04375 0.06875
0 0.503125 0.65234375 0.040625 0.065625
0 0.4671875 0.603125 0.0375 0.0625
0 0.4703125 0.5265625 0.034375 0.0625
0 0.4953125 0.54609375 0.0375 0.065625
0 0.53671875 0.6 0.0359375 0.065625
0 0.578125 0.63359375 0.0375 0.065625
0 0.6140625 0.67265625 0.04375 0.06875
0 0.728125 0.62890625 0.059375 0.084375
0 0.68125 0.62890625 0.05 0.071875
0 0.7 0.55546875 0.0609375 0.078125
0 0.63671875 0.56875 0.05 0.078125
0 0.578125 0.57109375 0.040625 0.053125
0 0.59765625 0.61171875 0.0484375 0.071875
0 0.7265625 0.46953125 0.053125 0.071875
0 0.684375 0.3953125 0.0578125 0.08125
0 0.709375 0.31640625 0.053125 0.075
0 0.7078125 0.23125 0.059375 0.08125
0 0.671875 0.14375 0.059375 0.0875
0 0.63125 0.0453125 0.059375 0.0875
0 0.6125 0.49140625 0.053125 0.075
0 0.6421875 0.41640625 0.05 0.075
0 0.66171875 0.34609375 0.0515625 0.065625
0 0.6484375 0.271875 0.05625 0.084375
0 0.5875 0.53515625 0.046875 0.071875
0 0.625 0.12109375 0.053125 0.08125
0 0.5984375 0.03515625 0.053125 0.06875
0 0.55625 0.090625 0.05 0.084375
0 0.58828125 0.18671875 0.0484375 0.084375
0 0.57421875 0.30234375 0.0484375 0.078125
0 0.596875 0.38828125 0.0453125 0.075
0 0.578125 0.46171875 0.046875 0.078125
0 0.528125 0.17109375 0.05 0.078125
0 0.51875 0.1375 0.040625 0.075
0 0.5328125 0.2265625 0.0421875 0.0625
0 0.5484375 0.28515625 0.04375 0.071875
0 0.5390625 0.36015625 0.040625 0.075
0 0.5609375 0.5015625 0.0359375 0.071875
0 0.534375 0.53359375 0.040625 0.065625
0 0.53125 0.43515625 0.040625 0.06875
0 0.53515625 0.47265625 0.0375 0.046875
0 0.4859375 0.48359375 0.034375 0.0625
0 0.50234375 0.4015625 0.040625 0.06875
0 0.503125 0.3328125 0.040625 0.06875
0 0.4859375 0.26640625 0.040625 0.06875
0 0.5078125 0.2109375 0.0328125 0.06875
0 0.484375 0.08203125 0.04375 0.075
0 0.4765625 0.14453125 0.0375 0.071875
0 0.45625 0.453125 0.034375 0.053125
0 0.4546875 0.4 0.0375 0.065625
0 0.484375 0.33671875 0.028125 0.0625
0 0.43984375 0.390625 0.0296875 0.065625
0 0.42578125 0.34453125 0.034375 0.0625
0 0.44453125 0.31015625 0.0328125 0.0625
0 0.4640625 0.25546875 0.034375 0.06875
0 0.3734375 0.240625 0.03125 0.065625
0 0.40625 0.21328125 0.034375 0.065625
0 0.446875 0.196875 0.0375 0.065625
0 0.43828125 0.03203125 0.040625 0.0625
0 0.45234375 0.1015625 0.0375 0.06875
0 0.4421875 0.16171875 0.03125 0.053125
0 0.4 0.18203125 0.03125 0.05625
0 0.4171875 0.0984375 0.034375 0.0625
0 0.40625 0.021875 0.028125 0.040625
0 0.34375 0.121875 0.034375 0.065625
0 0.3296875 0.04609375 0.03125 0.071875
0 0.33125 0.01015625 0.028125 0.01875
0 0.7796875 0.03828125 0.05625 0.075
0 0.83984375 0.01640625 0.0578125 0.03125
0 0.903125 0.02421875 0.0625 0.046875
0 0.96015625 0.04140625 0.0640625 0.08125
0 0.796875 0.12734375 0.053125 0.06875
0 0.840625 0.0671875 0.059375 0.078125
0 0.8015625 0.19765625 0.0578125 0.071875
0 0.8578125 0.153125 0.05625 0.071875
0 0.9078125 0.09921875 0.0609375 0.071875
0 0.9703125 0.12734375 0.059375 0.08125
0 0.97890625 0.2046875 0.040625 0.078125
0 0.9140625 0.17265625 0.065625 0.071875
0 0.80625 0.27890625 0.053125 0.06875
0 0.86640625 0.22421875 0.0609375 0.071875
0 0.93046875 0.240625 0.0625 0.071875
0 0.8265625 0.33984375 0.0546875 0.071875
0 0.884375 0.2921875 0.05625 0.06875
0 0.94375 0.31171875 0.059375 0.075
0 0.81171875 0.40703125 0.05625 0.06875
0 0.89375 0.35859375 0.0578125 0.071875
0 0.83125 0.46953125 0.053125 0.065625
0 0.84375 0.53359375 0.053125 0.0625
0 0.88671875 0.61484375 0.05625 0.065625
0 0.89453125 0.5515625 0.0578125 0.06875
0 0.871875 0.42578125 0.05625 0.065625
0 0.9 0.4859375 0.0609375 0.06875
0 0.9265625 0.41015625 0.0625 0.075
0 0.978125 0.36796875 0.04375 0.071875
0 0.9765625 0.44140625 0.0453125 0.075
0 0.9625 0.5046875 0.059375 0.06875
0 0.94609375 0.59609375 0.0609375 0.06875
0 0.940625 0.65234375 0.0609375 0.065625
0 0.9796875 0.73125 0.040625 0.071875
0 0.98828125 0.57734375 0.021875 0.0734375
0 0.9734375 0.84921875 0.0515625 0.06875
0 0.9453125 0.95546875 0.05625 0.0625
0 0.9875 0.9640625 0.021875 0.06875
0 0.9640625 0.903125 0.059375 0.065625