0 0.9453125 0.3078125 0.05 0.0734375
0 0.92421875 0.35 0.0484375 0.0546875
0 0.89296875 0.37265625 0.040625 0.0515625
0 0.83359375 0.2390625 0.05 0.071875
0 0.7984375 0.22109375 0.053125 0.078125
0 0.82734375 0.37109375 0.059375 0.0765625
0 0.815625 0.29921875 0.0375 0.0390625
0 0.86328125 0.3796875 0.046875 0.0625
0 0.86796875 0.41484375 0.034375 0.05
0 0.8421875 0.4390625 0.0421875 0.0578125
0 0.809375 0.46796875 0.046875 0.0625
0 0.72734375 0.19765625 0.05625 0.084375
0 0.75078125 0.2609375 0.05625 0.078125
0 0.87421875 0.5171875 0.04375 0.0546875
0 0.84140625 0.578125 0.040625 0.053125
0 0.79609375 0.6421875 0.040625 0.04375
0 0.8015625 0.55703125 0.04375 0.05
0 0.7625 0.5765625 0.0453125 0.053125
0 0.80078125 0.53125 0.046875 0.0546875
0 0.71796875 0.35 0.053125 0.075
0 0.73515625 0.37265625 0.053125 0.0703125
0 0.753125 0.38984375 0.0484375 0.05625
0 0.6921875 0.42109375 0.05 0.0703125
0 0.72265625 0.45859375 0.05 0.059375
0 0.75625 0.4828125 0.05 0.05625
0 0.7015625 0.51796875 0.040625 0.0703125
0 0.70703125 0.62890625 0.0515625 0.059375
0 0.7359375 0.62578125 0.0390625 0.046875
0 0.69453125 0.69921875 0.04375 0.0453125
0 0.6265625 0.721875 0.05 0.05
0 0.57578125 0.69453125 0.05 0.0546875
0 0.5234375 0.6921875 0.046875 0.053125
0 0.65546875 0.63125 0.04375 0.0453125
0 0.528125 0.64453125 0.05625 0.0546875
0 0.47578125 0.63125 0.05 0.053125
0 0.4578125 0.65859375 0.05 0.046875
0 0.56875 0.5953125 0.0546875 0.05625
0 0.59609375 0.5828125 0.0296875 0.0515625
0 0.6171875 0.5765625 0.034375 0.0484375
0 0.65625 0.56328125 0.053125 0.0625
0 0.45078125 0.57265625 0.053125 0.05625
0 0.49140625 0.54296875 0.059375 0.059375
0 0.528125 0.4953125 0.0546875 0.0625
0 0.66171875 0.4703125 0.0515625 0.059375
0 0.57421875 0.4703125 0.0671875 0.065625
0 0.50625 0.44765625 0.0625 0.06875
0 0.4578125 0.45625 0.05625 0.0671875
0 0.67265625 0.36796875 0.0609375 0.078125
0 0.603125 0.37734375 0.05625 0.065625
0 0.51640625 0.3375 0.059375 0.071875
0 0.45234375 0.34453125 0.06875 0.078125
0 0.48984375 0.284375 0.065625 0.084375
0 0.57734375 0.3265625 0.059375 0.0640625
0 0.62421875 0.28359375 0.0609375 0.078125
0 0.67109375 0.246875 0.059375 0.08125
0 0.6328125 0.1703125 0.05625 0.0828125
0 0.5578125 0.18046875 0.0625 0.0921875
0 0.35390625 0.1625 0.0703125 0.09375
0 0.41640625 0.2171875 0.0671875 0.0875
0 0.36171875 0.28515625 0.06875 0.084375
0 0.28828125 0.2265625 0.078125 0.0890625
0 0.3921875 0.37734375 0.065625 0.075
0 0.43203125 0.41171875 0.065625 0.0703125
0 0.29921875 0.4046875 0.08125 0.0890625
0 0.221875 0.39921875 0.0734375 0.0859375
0 0.36640625 0.46953125 0.065625 0.0734375
0 0.28359375 0.44609375 0.065625 0.059375
0 0.25859375 0.49140625 0.046875 0.0625
0 0.33359375 0.55625 0.06875 0.06875
0 0.3765625 0.54765625 0.053125 0.065625
0 0.28671875 0.55546875 0.053125 0.065625
0 0.25546875 0.55 0.034375 0.0625
0 0.42578125 0.6328125 0.05 0.0546875
0 0.4046875 0.62421875 0.0578125 0.05625
0 0.40859375 0.68984375 0.0546875 0.05
0 0.3140625 0.7265625 0.0625 0.0578125
0 0.35390625 0.71796875 0.034375 0.046875
0 0.36328125 0.63125 0.05 0.059375
0 0.34140625 0.6109375 0.059375 0.0625
0 0.24609375 0.62109375 0.05625 0.053125
0 0.2671875 0.6546875 0.040625 0.053125
0 0.20078125 0.784375 0.065625 0.0515625
0 0.18125 0.640625 0.065625 0.0609375
0 0.21015625 0.50390625 0.0765625 0.08125
0 0.203125 0.55 0.071875 0.0640625
0 0.13046875 0.5390625 0.075 0.0640625
0 0.13125 0.4796875 0.08125 0.08125
0 0.14921875 0.56328125 0.05625 0.040625
0 0.15390625 0.32890625 0.0796875 0.0953125
0 0.21328125 0.29140625 0.08125 0.09375