0 0.21953125 0.1296875 0.090625 0.0640625
0 0.30859375 0.11015625 0.084375 0.0640625
0 0.2 0.203125 0.0875 0.059375
0 0.31953125 0.08125 0.075 0.053125
0 0.40546875 0.04375 0.08125 0.059375
0 0.40078125 0.078125 0.0875 0.0609375
0 0.28671875 0.19453125 0.08125 0.05625
0 0.37578125 0.17734375 0.0796875 0.0578125
0 0.184375 0.28828125 0.084375 0.05625
0 0.17265625 0.36171875 0.08125 0.059375
0 0.22421875 0.40078125 0.08125 0.05625
0 0.25625 0.33203125 0.08125 0.053125
0 0.271875 0.271875 0.084375 0.059375
0 0.35859375 0.24296875 0.08125 0.05625
0 0.3375 0.3171875 0.0796875 0.05625
0 0.3171875 0.38125 0.0796875 0.059375
0 0.4765625 0.09453125 0.071875 0.0609375
0 0.4765625 0.06015625 0.071875 0.053125
0 0.46015625 0.15390625 0.08125 0.059375
0 0.43359375 0.2421875 0.078125 0.05625
0 0.4234375 0.2828125 0.0796875 0.0578125
0 0.4109375 0.34140625 0.084375 0.059375
0 0.396875 0.39609375 0.0875 0.065625
0 0.2125 0.465625 0.0890625 0.059375
0 0.29453125 0.44921875 0.08125 0.053125
0 0.28515625 0.496875 0.090625 0.06875
0 0.37265625 0.47578125 0.08125 0.0640625
0 0.56015625 0.028125 0.075 0.053125
0 0.63203125 0.05625 0.075 0.05625
0 0.54453125 0.09765625 0.06875 0.0484375
0 0.54140625 0.13203125 0.0796875 0.05625
0 0.615625 0.13125 0.0703125 0.05625
0 0.69609375 0.1 0.071875 0.05625
0 0.52109375 0.20234375 0.0765625 0.05625
0 0.49453125 0.28125 0.071875 0.05625
0 0.48125 0.3359375 0.075 0.0578125
0 0.4625 0.40390625 0.059375 0.040625
0 0.4671875 0.4453125 0.084375 0.065625
0 0.440625 0.51875 0.084375 0.0625
0 0.59375 0.19296875 0.071875 0.05625
0 0.5703125 0.2625 0.071875 0.053125
0 0.56953125 0.30625 0.0765625 0.05625
0 0.55859375 0.36484375 0.078125 0.059375
0 0.5328125 0.43359375 0.075 0.05625
0 0.5078125 0.50078125 0.075 0.0578125
0 0.66640625 0.175 0.0703125 0.05625
0 0.740625 0.1515625 0.075 0.0546875
0 0.7515625 0.19765625 0.071875 0.053125
0 0.79609375 0.2 0.059375 0.05625
0 0.7921875 0.25546875 0.0703125 0.0546875
0 0.7921875 0.30859375 0.0703125 0.05625
0 0.709375 0.28359375 0.06875 0.0578125
0 0.6640625 0.225 0.075 0.05625
0 0.65 0.28515625 0.078125 0.05625
0 0.65546875 0.33203125 0.078125 0.059375
0 0.759375 0.38125 0.05 0.046875
0 0.71484375 0.38046875 0.0734375 0.059375
0 0.76796875 0.43125 0.075 0.0578125
0 0.80546875 0.48046875 0.071875 0.0578125
0 0.60703125 0.41796875 0.0734375 0.0546875
0 0.6875 0.45078125 0.075 0.0625
0 0.60703125 0.47109375 0.0734375 0.0609375
0 0.659375 0.51875 0.075 0.059375
0 0.7140625 0.50390625 0.06875 0.05625
0 0.80390625 0.540625 0.071875 0.059375
0 0.775 0.60078125 0.071875 0.0578125
0 0.7703125 0.66484375 0.0765625 0.0625
0 0.79296875 0.74453125 0.0796875 0.06875
0 0.7125 0.7828125 0.078125 0.065625
0 0.7046875 0.690625 0.075 0.065625
0 0.6890625 0.62421875 0.0671875 0.059375
0 0.7171875 0.56171875 0.071875 0.059375
0 0.63203125 0.58203125 0.0734375 0.059375
0 0.6203125 0.64609375 0.075 0.059375
0 0.64609375 0.7296875 0.0796875 0.06875
0 0.63515625 0.81171875 0.0875 0.071875
0 0.56875 0.54453125 0.071875 0.05625
0 0.57109375 0.60625 0.0765625 0.0609375
0 0.57109375 0.68125 0.084375 0.065625
0 0.55546875 0.75390625 0.084375 0.065625
0 0.52890625 0.8234375 0.084375 0.065625
0 0.50234375 0.5640625 0.078125 0.059375
0 0.5078125 0.63203125 0.0875 0.065625
0 0.48671875 0.709375 0.084375 0.065625
0 0.46328125 0.7796875 0.0875 0.071875
0 0.38203125 0.8234375 0.103125 0.084375
0 0.39375 0.73671875 0.0921875 0.06875
0 0.415625 0.665625 0.0859375 0.0671875
0 0.4359375 0.5875 0.0875 0.06875
0 0.3578125 0.54765625 0.08125 0.0625
0 0.1921875 0.525 0.0875 0.0609375
0 0.26953125 0.56953125 0.0875 0.065625
0 0.34453125 0.6203125 0.08125 0.059375
0 0.32734375 0.6890625 0.090625 0.065625
0 0.30703125 0.7765625 0.1015625 0.0734375
0 0.17578125 0.59296875 0.0890625 0.0640625
0 0.165625 0.671875 0.090625 0.06875
0 0.25625 0.6421875 0.090625 0.065625
0 0.2359375 0.72109375 0.090625 0.071875