0 0.78046875 0.1296875 0.090625 0.0640625
0 0.69140625 0.11015625 0.084375 0.0640625
0 0.8 0.203125 0.0875 0.059375
0 0.68046875 0.08125 0.075 0.053125
0 0.59453125 0.04375 0.08125 0.059375
0 0.59921875 0.078125 0.0875 0.0609375
0 0.71328125 0.19453125 0.08125 0.05625
0 0.62421875 0.17734375 0.0796875 0.0578125
0 0.815625 0.28828125 0.084375 0.05625
0 0.82734375 0.36171875 0.08125 0.059375
0 0.77578125 0.40078125 0.08125 0.05625
0 0.74375 0.33203125 0.08125 0.053125
0 0.728125 0.271875 0.084375 0.059375
0 0.64140625 0.24296875 0.08125 0.05625
0 0.6625 0.3171875 0.0796875 0.05625
0 0.6828125 0.38125 0.0796875 0.059375
0 0.5234375 0.09453125 0.071875 0.0609375
0 0.5234375 0.06015625 0.071875 0.053125
0 0.53984375 0.15390625 0.08125 0.059375
0 0.56640625 0.2421875 0.078125 0.05625
0 0.5765625 0.2828125 0.0796875 0.0578125
0 0.5890625 0.34140625 0.084375 0.059375
0 0.603125 0.39609375 0.0875 0.065625
0 0.7875 0.465625 0.0890625 0.059375
0 0.70546875 0.44921875 0.08125 0.053125
0 0.71484375 0.496875 0.090625 0.06875
0 0.62734375 0.47578125 0.08125 0.0640625
0 0.43984375 0.028125 0.075 0.053125
0 0.36796875 0.05625 0.075 0.05625
0 0.45546875 0.09765625 0.06875 0.0484375
0 0.45859375 0.13203125 0.0796875 0.05625
0 0.384375 0.13125 0.0703125 0.05625
0 0.30390625 0.1 0.071875 0.05625
0 0.47890625 0.20234375 0.0765625 0.05625
0 0.50546875 0.28125 0.071875 0.05625
0 0.51875 0.3359375 0.075 0.0578125
0 0.5375 0.40390625 0.059375 0.040625
0 0.5328125 0.4453125 0.084375 0.065625
0 0.559375 0.51875 0.084375 0.0625
0 0.40625 0.19296875 0.071875 0.05625
0 0.4296875 0.2625 0.071875 0.053125
0 0.43046875 0.30625 0.0765625 0.05625
0 0.44140625 0.36484375 0.078125 0.059375
0 0.4671875 0.43359375 0.075 0.05625
0 0.4921875 0.50078125 0.075 0.0578125
0 0.33359375 0.175 0.0703125 0.05625
0 0.259375 0.1515625 0.075 0.0546875
0 0.2484375 0.19765625 0.071875 0.053125
0 0.20390625 0.2 0.059375 0.05625
0 0.2078125 0.25546875 0.0703125 0.0546875
0 0.2078125 0.30859375 0.0703125 0.05625
0 0.290625 0.28359375 0.06875 0.0578125
0 0.3359375 0.225 0.075 0.05625
0 0.35 0.28515625 0.078125 0.05625
0 0.34453125 0.33203125 0.078125 0.059375
0 0.240625 0.38125 0.05 0.046875
0 0.28515625 0.38046875 0.0734375 0.059375
0 0.23203125 0.43125 0.075 0.0578125
0 0.19453125 0.48046875 0.071875 0.0578125
0 0.39296875 0.41796875 0.0734375 0.0546875
0 0.3125 0.45078125 0.075 0.0625
0 0.39296875 0.47109375 0.0734375 0.0609375
0 0.340625 0.51875 0.075 0.059375
0 0.2859375 0.50390625 0.06875 0.05625
0 0.19609375 0.540625 0.071875 0.059375
0 0.225 0.60078125 0.071875 0.0578125
0 0.2296875 0.66484375 0.0765625 0.0625
0 0.20703125 0.74453125 0.0796875 0.06875
0 0.2875 0.7828125 0.078125 0.065625
0 0.2953125 0.690625 0.075 0.065625
0 0.3109375 0.62421875 0.0671875 0.059375
0 0.2828125 0.56171875 0.071875 0.059375
0 0.36796875 0.58203125 0.0734375 0.059375
0 0.3796875 0.64609375 0.075 0.059375
0 0.35390625 0.7296875 0.0796875 0.06875
0 0.36484375 0.81171875 0.0875 0.071875
0 0.43125 0.54453125 0.071875 0.05625
0 0.42890625 0.60625 0.0765625 0.0609375
0 0.42890625 0.68125 0.084375 0.065625
0 0.44453125 0.75390625 0.084375 0.065625
0 0.47109375 0.8234375 0.084375 0.065625
0 0.49765625 0.5640625 0.078125 0.059375
0 0.4921875 0.63203125 0.0875 0.065625
0 0.51328125 0.709375 0.084375 0.065625
0 0.53671875 0.7796875 0.0875 0.071875
0 0.61796875 0.8234375 0.103125 0.084375
0 0.60625 0.73671875 0.0921875 0.06875
0 0.584375 0.665625 0.0859375 0.0671875
0 0.5640625 0.5875 0.0875 0.06875
0 0.6421875 0.54765625 0.08125 0.0625
0 0.8078125 0.525 0.0875 0.0609375
0 0.73046875 0.56953125 0.0875 0.065625
0 0.65546875 0.6203125 0.08125 0.059375
0 0.67265625 0.6890625 0.090625 0.065625
0 0.69296875 0.7765625 0.1015625 0.0734375
0 0.82421875 0.59296875 0.0890625 0.0640625
0 0.834375 0.671875 0.090625 0.06875
0 0.74375 0.6421875 0.090625 0.065625
0 0.7640625 0.72109375 0.090625 0.071875