0 0.21953125 0.8703125 0.090625 0.0640625
0 0.30859375 0.88984375 0.084375 0.0640625
0 0.2 0.796875 0.0875 0.0609375
0 0.31953125 0.91875 0.075 0.053125
0 0.40546875 0.95625 0.08125 0.0609375
0 0.40078125 0.921875 0.0875 0.0609375
0 0.28671875 0.80546875 0.08125 0.05625
0 0.37578125 0.82265625 0.0796875 0.0578125
0 0.184375 0.71171875 0.084375 0.05625
0 0.17265625 0.63828125 0.08125 0.0609375
0 0.22421875 0.59921875 0.08125 0.05625
0 0.25625 0.66796875 0.08125 0.053125
0 0.271875 0.728125 0.084375 0.059375
0 0.35859375 0.75703125 0.08125 0.05625
0 0.3375 0.6828125 0.0796875 0.05625
0 0.3171875 0.61875 0.0796875 0.059375
0 0.4765625 0.90546875 0.071875 0.0609375
0 0.4765625 0.93984375 0.071875 0.053125
0 0.46015625 0.84609375 0.08125 0.059375
0 0.43359375 0.7578125 0.078125 0.05625
0 0.4234375 0.7171875 0.0796875 0.0578125
0 0.4109375 0.65859375 0.084375 0.059375
0 0.396875 0.60390625 0.0875 0.065625
0 0.2125 0.534375 0.0890625 0.059375
0 0.29453125 0.55078125 0.08125 0.053125
0 0.28515625 0.503125 0.090625 0.06875
0 0.37265625 0.52421875 0.08125 0.0640625
0 0.56015625 0.971875 0.075 0.053125
0 0.63203125 0.94375 0.075 0.05625
0 0.54453125 0.90234375 0.06875 0.0484375
0 0.54140625 0.86796875 0.0796875 0.05625
0 0.615625 0.86875 0.0703125 0.05625
0 0.69609375 0.9 0.071875 0.05625
0 0.52109375 0.79765625 0.0765625 0.05625
0 0.49453125 0.71875 0.071875 0.05625
0 0.48125 0.6640625 0.075 0.0578125
0 0.4625 0.59609375 0.059375 0.040625
0 0.4671875 0.5546875 0.084375 0.065625
0 0.440625 0.48125 0.084375 0.0625
0 0.59375 0.80703125 0.071875 0.05625
0 0.5703125 0.7375 0.071875 0.053125
0 0.56953125 0.69375 0.0765625 0.05625
0 0.55859375 0.63515625 0.078125 0.059375
0 0.5328125 0.56640625 0.075 0.05625
0 0.5078125 0.49921875 0.075 0.0578125
0 0.66640625 0.825 0.0703125 0.05625
0 0.740625 0.8484375 0.075 0.0546875
0 0.7515625 0.80234375 0.071875 0.053125
0 0.79609375 0.8 0.059375 0.0546875
0 0.7921875 0.74453125 0.0703125 0.0546875
0 0.7921875 0.69140625 0.0703125 0.05625
0 0.709375 0.71640625 0.06875 0.0578125
0 0.6640625 0.775 0.075 0.05625
0 0.65 0.71484375 0.078125 0.05625
0 0.65546875 0.66796875 0.078125 0.059375
0 0.759375 0.61875 0.05 0.046875
0 0.71484375 0.61953125 0.0734375 0.059375
0 0.76796875 0.56875 0.075 0.0578125
0 0.80546875 0.51953125 0.071875 0.0578125
0 0.60703125 0.58203125 0.0734375 0.0546875
0 0.6875 0.54921875 0.075 0.0625
0 0.60703125 0.52890625 0.0734375 0.0609375
0 0.659375 0.48125 0.075 0.059375
0 0.7140625 0.49609375 0.06875 0.05625
0 0.80390625 0.459375 0.071875 0.059375
0 0.775 0.39921875 0.071875 0.0578125
0 0.7703125 0.33515625 0.0765625 0.0625
0 0.79296875 0.25546875 0.0796875 0.06875
0 0.7125 0.2171875 0.078125 0.065625
0 0.7046875 0.309375 0.075 0.065625
0 0.6890625 0.37578125 0.0671875 0.059375
0 0.7171875 0.43828125 0.071875 0.059375
0 0.63203125 0.41796875 0.0734375 0.059375
0 0.6203125 0.35390625 0.075 0.059375
0 0.64609375 0.2703125 0.0796875 0.06875
0 0.63515625 0.18828125 0.0875 0.071875
0 0.56875 0.45546875 0.071875 0.05625
0 0.57109375 0.39375 0.0765625 0.0609375
0 0.57109375 0.31875 0.084375 0.065625
0 0.55546875 0.24609375 0.084375 0.065625
0 0.52890625 0.1765625 0.084375 0.065625
0 0.50234375 0.4359375 0.078125 0.059375
0 0.5078125 0.36796875 0.0875 0.065625
0 0.48671875 0.290625 0.084375 0.065625
0 0.46328125 0.2203125 0.0875 0.071875
0 0.38203125 0.1765625 0.103125 0.084375
0 0.39375 0.26328125 0.0921875 0.06875
0 0.415625 0.334375 0.0859375 0.0671875
0 0.4359375 0.4125 0.0875 0.06875
0 0.3578125 0.45234375 0.08125 0.0625
0 0.1921875 0.475 0.0875 0.0609375
0 0.26953125 0.43046875 0.0875 0.065625
0 0.34453125 0.3796875 0.08125 0.059375
0 0.32734375 0.3109375 0.090625 0.065625
0 0.30703125 0.2234375 0.1015625 0.071875
0 0.17578125 0.40703125 0.0890625 0.0625
0 0.165625 0.328125 0.090625 0.06875
0 0.25625 0.3578125 0.090625 0.065625
0 0.2359375 0.27890625 0.090625 0.071875