0 0.96484375 0.8703125 0.0703125 0.0640625
0 0.88671875 0.86953125 0.09375 0.06875
0 0.90859375 0.9203125 0.08125 0.05625
0 0.84375 0.96484375 0.0796875 0.059375
0 0.76171875 0.93046875 0.0671875 0.053125
0 0.73125 0.9125 0.08125 0.0640625
0 0.775 0.84765625 0.084375 0.0609375
0 0.70546875 0.9890625 0.0859375 0.021875
0 0.63828125 0.9078125 0.075 0.05625
0 0.9515625 0.7796875 0.075 0.059375
0 0.9078125 0.7203125 0.0703125 0.0515625
0 0.8625 0.7375 0.078125 0.059375
0 0.86328125 0.7671875 0.05 0.0375
0 0.8015625 0.77890625 0.0796875 0.0578125
0 0.76640625 0.7265625 0.075 0.05625
0 0.71171875 0.77578125 0.078125 0.0609375
0 0.6703125 0.8140625 0.078125 0.059375
0 0.60625 0.8515625 0.0765625 0.05625
0 0.6015625 0.7828125 0.075 0.05625
0 0.50625 0.91640625 0.0984375 0.075
0 0.51875 0.77265625 0.0828125 0.0609375
0 0.6359375 0.7328125 0.075 0.05625
0 0.94375 0.6703125 0.071875 0.05
0 0.93828125 0.63359375 0.0828125 0.059375
0 0.96953125 0.61328125 0.059375 0.05
0 0.88125 0.67578125 0.0671875 0.0546875
0 0.803125 0.675 0.0734375 0.053125
0 0.92265625 0.5671875 0.065625 0.053125
0 0.96171875 0.50703125 0.071875 0.05625
0 0.9640625 0.4125 0.071875 0.053125
0 0.94765625 0.3515625 0.0734375 0.05
0 0.8953125 0.52890625 0.071875 0.0515625
0 0.903125 0.3921875 0.071875 0.0546875
0 0.86875 0.365625 0.078125 0.0546875
0 0.9078125 0.46796875 0.0703125 0.05625
0 0.80546875 0.61640625 0.0734375 0.05625
0 0.83515625 0.571875 0.06875 0.0484375
0 0.80859375 0.53671875 0.071875 0.05625
0 0.68828125 0.6859375 0.0734375 0.0546875
0 0.75 0.6375 0.071875 0.05625
0 0.7578125 0.5796875 0.0703125 0.053125
0 0.73828125 0.51875 0.0734375 0.0546875
0 0.76875 0.46796875 0.075 0.046875
0 0.86640625 0.4890625 0.078125 0.059375
0 0.85390625 0.4328125 0.071875 0.0484375
0 0.79296875 0.40546875 0.071875 0.05625
0 0.7203125 0.4234375 0.078125 0.05625
0 0.7375 0.36796875 0.075 0.05
0 0.6671875 0.61484375 0.078125 0.059375
0 0.68515625 0.55625 0.075 0.053125
0 0.66796875 0.48359375 0.0734375 0.053125
0 0.67265625 0.37890625 0.075 0.05
0 0.66328125 0.33125 0.071875 0.046875
0 0.6328125 0.43203125 0.075 0.05625
0 0.5625 0.6921875 0.06875 0.05625
0 0.6171875 0.665625 0.0859375 0.0546875
0 0.590625 0.61015625 0.08125 0.0625
0 0.56015625 0.553125 0.078125 0.053125
0 0.61875 0.52890625 0.0703125 0.05
0 0.57109375 0.48359375 0.075 0.05625
0 0.6015625 0.36875 0.065625 0.04375
0 0.56953125 0.40078125 0.0671875 0.053125
0 0.52890625 0.359375 0.075 0.053125
0 0.51171875 0.43046875 0.078125 0.0546875
0 0.49765625 0.5046875 0.071875 0.065625
0 0.49921875 0.59765625 0.071875 0.05625
0 0.54453125 0.63671875 0.0625 0.05
0 0.49375 0.67265625 0.0671875 0.05625
0 0.471875 0.940625 0.08125 0.0640625
0 0.453125 0.9734375 0.090625 0.053125
0 0.3390625 0.959375 0.071875 0.065625
0 0.25625 0.94140625 0.078125 0.059375
0 0.19921875 0.9765625 0.075 0.046875
0 0.0546875 0.93046875 0.0625 0.090625
0 0.396875 0.915625 0.0765625 0.0609375
0 0.43671875 0.8375 0.0734375 0.0578125
0 0.42734375 0.76796875 0.08125 0.059375
0 0.34140625 0.87265625 0.06875 0.05625
0 0.37578125 0.80703125 0.071875 0.05
0 0.37890625 0.771875 0.0671875 0.0578125
0 0.3359375 0.76328125 0.0625 0.053125
0 0.28515625 0.83515625 0.06875 0.0546875
0 0.221875 0.88125 0.0734375 0.059375
0 0.07421875 0.83515625 0.0703125 0.0609375
0 0.04375 0.86875 0.06875 0.05625
0 0.02734375 0.81796875 0.053125 0.0578125
0 0.2078125 0.81484375 0.0625 0.046875
0 0.240625 0.790625 0.0328125 0.0796875
0 0.2703125 0.73515625 0.075 0.0578125
0 0.16328125 0.771875 0.0625 0.053125
0 0.021875 0.759375 0.04375 0.0484375
0 0.03046875 0.71015625 0.059375 0.0578125
0 0.015625 0.6546875 0.03125 0.0484375
0 0.06015625 0.62890625 0.0640625 0.0515625
0 0.12109375 0.67109375 0.075 0.0546875
0 0.16015625 0.71796875 0.0640625 0.0515625
0 0.21484375 0.696875 0.071875 0.0578125
0 0.3484375 0.71953125 0.06875 0.053125
0 0.4171875 0.68203125 0.065625 0.053125
0 0.43671875 0.6328125 0.06875 0.05625
0 0.34921875 0.65234375 0.0671875 0.0546875
0 0.2609375 0.634375 0.0734375 0.05625
0 0.16328125 0.646875 0.071875 0.0578125
0 0.45078125 0.54921875 0.071875 0.05625
0 0.4 0.5796875 0.065625 0.0515625
0 0.315625 0.596875 0.071875 0.053125
0 0.35546875 0.53984375 0.06875 0.05
0 0.3203125 0.56015625 0.0609375 0.0484375
0 0.221875 0.590625 0.06875 0.05
0 0.03671875 0.60078125 0.065625 0.04375
0 0.03984375 0.56640625 0.06875 0.0484375
0 0.0140625 0.48515625 0.028125 0.05
0 0.04921875 0.53984375 0.096875 0.0625
0 0.06171875 0.50625 0.0671875 0.0453125
0 0.125 0.59296875 0.071875 0.053125
0 0.2203125 0.5359375 0.065625 0.0515625
0 0.0578125 0.44765625 0.071875 0.053125
0 0.1953125 0.47421875 0.071875 0.0578125
0 0.0171875 0.42109375 0.034375 0.04375
0 0.0328125 0.37734375 0.065625 0.053125
0 0.05546875 0.3375 0.06875 0.05
0 0.05234375 0.284375 0.0625 0.0515625
0 0.059375 0.2328125 0.06875 0.0453125
0 0.05546875 0.17578125 0.06875 0.0484375
0 0.0125 0.20546875 0.025 0.046875
0 0.015625 0.13984375 0.03125 0.05625
0 0.03125 0.0453125 0.059375 0.0515625
0 0.06640625 0.12421875 0.0640625 0.046875
0 0.0890625 0.0859375 0.0640625 0.04375
0 0.08203125 0.01328125 0.071875 0.0265625
0 0.128125 0.4046875 0.06875 0.05
0 0.3265625 0.51015625 0.0609375 0.046875
0 0.4140625 0.5140625 0.06875 0.059375
0 0.375 0.48359375 0.065625 0.05
0 0.32109375 0.4671875 0.05625 0.0375
0 0.22890625 0.4421875 0.065625 0.04375
0 0.45859375 0.4734375 0.0734375 0.0546875
0 0.2359375 0.4 0.059375 0.046875
0 0.1453125 0.3625 0.05625 0.04375
0 0.1390625 0.284375 0.065625 0.046875
0 0.1828125 0.31875 0.05625 0.0453125
0 0.23515625 0.33828125 0.071875 0.0484375
0 0.28671875 0.409375 0.05625 0.05
0 0.325 0.4140625 0.06875 0.053125
0 0.3953125 0.4203125 0.075 0.053125
0 0.4671875 0.39296875 0.071875 0.04375
0 0.15625 0.2421875 0.0640625 0.04375
0 0.1859375 0.259375 0.06875 0.053125
0 0.20390625 0.2140625 0.065625 0.046875
0 0.25859375 0.30546875 0.0578125 0.0390625
0 0.2734375 0.2671875 0.046875 0.040625
0 0.29765625 0.30703125 0.065625 0.05
0 0.3078125 0.27109375 0.06875 0.0484375
0 0.3375 0.3734375 0.0640625 0.046875
0 0.3953125 0.38359375 0.071875 0.04375
0 0.3984375 0.34609375 0.065625 0.040625
0 0.4640625 0.36171875 0.0609375 0.0375
0 0.37578125 0.29921875 0.0625 0.046875
0 0.18359375 0.1015625 0.065625 0.040625
0 0.225 0.06484375 0.06875 0.046875
0 0.196875 0.0453125 0.0609375 0.05
0 0.23984375 0.1765625 0.0609375 0.040625
0 0.2734375 0.19375 0.0609375 0.046875
0 0.31640625 0.2046875 0.0625 0.0453125
0 0.3734375 0.21640625 0.071875 0.053125
0 0.26171875 0.03671875 0.065625 0.04375
0 0.3015625 0.0609375 0.065625 0.0515625
0 0.3015625 0.15078125 0.046875 0.0421875
0 0.334375 0.015625 0.071875 0.03125
0 0.34140625 0.14140625 0.0703125 0.05
0 0.35 0.10546875 0.0578125 0.04375
0 0.38828125 0.0421875 0.071875 0.05
0 0.39296875 0.09375 0.0671875 0.053125
0 0.43828125 0.296875 0.0625 0.05
0 0.4890625 0.26015625 0.0875 0.05625
0 0.5828125 0.290625 0.078125 0.05
0 0.409375 0.19453125 0.059375 0.0453125
0 0.48828125 0.2234375 0.071875 0.0328125
0 0.4671875 0.2 0.06875 0.046875
0 0.48515625 0.178125 0.0578125 0.0390625
0 0.44921875 0.07734375 0.0640625 0.0515625
0 0.51328125 0.0171875 0.075 0.034375
0 0.54609375 0.090625 0.0703125 0.046875
0 0.54296875 0.2046875 0.071875 0.0484375
0 0.56328125 0.2703125 0.0625 0.0421875
0 0.72421875 0.3296875 0.0609375 0.0484375
0 0.81640625 0.31484375 0.078125 0.0515625
0 0.95703125 0.27265625 0.075 0.0578125
0 0.88671875 0.315625 0.071875 0.046875
0 0.90078125 0.2375 0.0625 0.046875
0 0.853125 0.26015625 0.0765625 0.0453125
0 0.771875 0.26875 0.0734375 0.0515625
0 0.6828125 0.284375 0.065625 0.05
0 0.88671875 0.1734375 0.053125 0.0484375
0 0.8390625 0.1765625 0.084375 0.0546875
0 0.75 0.1859375 0.0859375 0.05625
0 0.78828125 0.16328125 0.05625 0.0375
0 0.7296875 0.1625 0.05625 0.0390625
0 0.6734375 0.20703125 0.065625 0.05
0 0.63359375 0.22421875 0.075 0.046875
0 0.584375 0.0359375 0.071875 0.0453125
0 0.61640625 0.0859375 0.071875 0.0390625
0 0.60703125 0.12421875 0.071875 0.046875
0 0.61484375 0.15546875 0.075 0.053125
0 0.68203125 0.11640625 0.075 0.0484375
0 0.70703125 0.0234375 0.08125 0.046875