0 0.11171875 0.5640625 0.065625 0.0765625
0 0.16640625 0.42109375 0.0609375 0.075
0 0.16484375 0.4984375 0.059375 0.065625
0 0.18828125 0.57265625 0.0640625 0.075
0 0.21171875 0.35703125 0.0625 0.075
0 0.2109375 0.63046875 0.05625 0.0671875
0 0.23046875 0.6921875 0.0578125 0.065625
0 0.2234375 0.5109375 0.059375 0.075
0 0.246875 0.42734375 0.05625 0.071875
0 0.25625 0.5796875 0.0546875 0.06875
0 0.26640625 0.6515625 0.05625 0.065625
0 0.271875 0.73671875 0.05625 0.0640625
0 0.31171875 0.7 0.053125 0.065625
0 0.31796875 0.7453125 0.0421875 0.046875
0 0.3234375 0.61328125 0.0515625 0.06875
0 0.2828125 0.4859375 0.059375 0.078125
0 0.32265625 0.52890625 0.05 0.065625
0 0.2671875 0.31484375 0.05625 0.0765625
0 0.29296875 0.39140625 0.0578125 0.0765625
0 0.334375 0.44921875 0.05625 0.06875
0 0.31640625 0.27890625 0.05625 0.08125
0 0.34375 0.35703125 0.0546875 0.0734375
0 0.3734375 0.28125 0.05625 0.075
0 0.4234375 0.22578125 0.053125 0.075
0 0.42734375 0.30546875 0.053125 0.0734375
0 0.40234375 0.37265625 0.05625 0.071875
0 0.39609375 0.44765625 0.05625 0.071875
0 0.3859375 0.5234375 0.05625 0.065625
0 0.38359375 0.58984375 0.0515625 0.0609375
0 0.38046875 0.6671875 0.053125 0.06875
0 0.3546875 0.7234375 0.05 0.0625
0 0.36015625 0.80234375 0.053125 0.06875
0 0.3953125 0.77421875 0.0546875 0.065625
0 0.40703125 0.8234375 0.05 0.0625
0 0.4171875 0.696875 0.05 0.0609375
0 0.4359375 0.64375 0.059375 0.071875
0 0.43671875 0.57734375 0.05 0.06875
0 0.4375 0.50546875 0.053125 0.0671875
0 0.4546875 0.43828125 0.05625 0.071875
0 0.46640625 0.36171875 0.053125 0.0734375
0 0.48984375 0.23671875 0.059375 0.08125
0 0.546875 0.2359375 0.05625 0.0765625
0 0.50234375 0.32421875 0.046875 0.06875
0 0.565625 0.309375 0.053125 0.071875
0 0.55390625 0.3796875 0.053125 0.0734375
0 0.525 0.44140625 0.05 0.06875
0 0.52734375 0.51484375 0.05 0.0703125
0 0.484375 0.55859375 0.0484375 0.0609375
0 0.484375 0.628125 0.0484375 0.0625
0 0.47421875 0.70546875 0.05 0.0671875
0 0.453125 0.7671875 0.0484375 0.0640625
0 0.46875 0.79375 0.040625 0.046875
0 0.4984375 0.74609375 0.046875 0.0625
0 0.51484375 0.79609375 0.046875 0.0625
0 0.52265625 0.6828125 0.0484375 0.0609375
0 0.5390625 0.6109375 0.046875 0.0640625
0 0.578125 0.81953125 0.046875 0.05625
0 0.55 0.73984375 0.04375 0.059375
0 0.575 0.67265625 0.046875 0.065625
0 0.590625 0.60078125 0.0484375 0.059375
0 0.55859375 0.5421875 0.0484375 0.065625
0 0.57890625 0.484375 0.0515625 0.06875
0 0.6 0.24140625 0.0515625 0.0765625
0 0.621875 0.771875 0.046875 0.0578125
0 0.603125 0.725 0.0484375 0.059375
0 0.65390625 0.7234375 0.04375 0.0578125
0 0.6265625 0.66328125 0.046875 0.065625
0 0.6890625 0.675 0.0484375 0.0640625
0 0.6453125 0.5953125 0.0484375 0.0671875
0 0.67734375 0.58359375 0.034375 0.0625
0 0.61796875 0.54609375 0.05 0.0703125
0 0.6171875 0.47421875 0.0421875 0.065625
0 0.66796875 0.5171875 0.05 0.0671875
0 0.72265625 0.5390625 0.0484375 0.059375
0 0.596875 0.38828125 0.046875 0.06875
0 0.64453125 0.25078125 0.04375 0.0671875
0 0.628125 0.30546875 0.053125 0.0734375
0 0.7109375 0.28984375 0.0484375 0.075
0 0.675 0.3453125 0.0546875 0.075
0 0.7140625 0.3375 0.05625 0.065625
0 0.6640625 0.4171875 0.0515625 0.0734375
0 0.68203125 0.459375 0.04375 0.0625
0 0.73359375 0.4765625 0.046875 0.0625
0 0.71484375 0.39296875 0.05 0.075
0 0.7640625 0.4109375 0.04375 0.06875