0 0.4359375 0.11171875 0.075 0.065625
0 0.57890625 0.16640625 0.075 0.0609375
0 0.5015625 0.16484375 0.065625 0.059375
0 0.42734375 0.18828125 0.075 0.0640625
0 0.64296875 0.21171875 0.075 0.0625
0 0.36953125 0.2109375 0.0671875 0.05625
0 0.3078125 0.23046875 0.065625 0.0578125
0 0.4890625 0.2234375 0.075 0.059375
0 0.57265625 0.246875 0.071875 0.05625
0 0.4203125 0.25625 0.06875 0.0546875
0 0.3484375 0.26640625 0.065625 0.05625
0 0.26328125 0.271875 0.0640625 0.05625
0 0.3 0.31171875 0.065625 0.053125
0 0.2546875 0.31796875 0.046875 0.0421875
0 0.38671875 0.3234375 0.06875 0.0515625
0 0.5140625 0.2828125 0.078125 0.059375
0 0.47109375 0.32265625 0.065625 0.05
0 0.68515625 0.2671875 0.0765625 0.05625
0 0.60859375 0.29296875 0.0765625 0.0578125
0 0.55078125 0.334375 0.06875 0.05625
0 0.72109375 0.31640625 0.08125 0.05625
0 0.64296875 0.34375 0.0734375 0.0546875
0 0.71875 0.3734375 0.075 0.05625
0 0.77421875 0.4234375 0.075 0.053125
0 0.69453125 0.42734375 0.0734375 0.053125
0 0.62734375 0.40234375 0.071875 0.05625
0 0.55234375 0.39609375 0.071875 0.05625
0 0.4765625 0.3859375 0.065625 0.05625
0 0.41015625 0.38359375 0.0609375 0.0515625
0 0.3328125 0.38046875 0.06875 0.053125
0 0.2765625 0.3546875 0.0625 0.05
0 0.19765625 0.36015625 0.06875 0.053125
0 0.22578125 0.3953125 0.065625 0.0546875
0 0.1765625 0.40703125 0.0625 0.05
0 0.303125 0.4171875 0.0609375 0.05
0 0.35625 0.4359375 0.071875 0.059375
0 0.42265625 0.43671875 0.06875 0.05
0 0.49453125 0.4375 0.0671875 0.053125
0 0.56171875 0.4546875 0.071875 0.05625
0 0.63828125 0.46640625 0.0734375 0.053125
0 0.76328125 0.48984375 0.08125 0.059375
0 0.7640625 0.546875 0.0765625 0.05625
0 0.67578125 0.50234375 0.06875 0.046875
0 0.690625 0.565625 0.071875 0.053125
0 0.6203125 0.55390625 0.0734375 0.053125
0 0.55859375 0.525 0.06875 0.05
0 0.48515625 0.52734375 0.0703125 0.05
0 0.44140625 0.484375 0.0609375 0.0484375
0 0.371875 0.484375 0.0625 0.0484375
0 0.29453125 0.47421875 0.0671875 0.05
0 0.2328125 0.453125 0.0640625 0.0484375
0 0.20625 0.46875 0.046875 0.040625
0 0.25390625 0.4984375 0.0625 0.046875
0 0.20390625 0.51484375 0.0625 0.046875
0 0.3171875 0.52265625 0.0609375 0.0484375
0 0.3890625 0.5390625 0.0640625 0.046875
0 0.18046875 0.578125 0.05625 0.046875
0 0.26015625 0.55 0.059375 0.04375
0 0.32734375 0.575 0.065625 0.046875
0 0.39921875 0.590625 0.059375 0.0484375
0 0.4578125 0.55859375 0.065625 0.0484375
0 0.515625 0.57890625 0.06875 0.0515625
0 0.75859375 0.6 0.0765625 0.0515625
0 0.228125 0.621875 0.0578125 0.046875
0 0.275 0.603125 0.059375 0.0484375
0 0.2765625 0.65390625 0.0578125 0.04375
0 0.33671875 0.6265625 0.065625 0.046875
0 0.325 0.6890625 0.0640625 0.0484375
0 0.4046875 0.6453125 0.0671875 0.0484375
0 0.41640625 0.67734375 0.0625 0.034375
0 0.45390625 0.61796875 0.0703125 0.05
0 0.52578125 0.6171875 0.065625 0.0421875
0 0.4828125 0.66796875 0.0671875 0.05
0 0.4609375 0.72265625 0.059375 0.0484375
0 0.61171875 0.596875 0.06875 0.046875
0 0.74921875 0.64453125 0.0671875 0.04375
0 0.69453125 0.628125 0.0734375 0.053125
0 0.71015625 0.7109375 0.075 0.0484375
0 0.6546875 0.675 0.075 0.0546875
0 0.6625 0.7140625 0.065625 0.05625
0 0.5828125 0.6640625 0.0734375 0.0515625
0 0.540625 0.68203125 0.0625 0.04375
0 0.5234375 0.73359375 0.0625 0.046875
0 0.60703125 0.71484375 0.075 0.05
0 0.5890625 0.7640625 0.06875 0.04375