0 0.59765625 0.0796875 0.084375 0.046875
0 0.5796875 0.1234375 0.084375 0.0484375
0 0.615625 0.175 0.08125 0.05
0 0.63984375 0.228125 0.078125 0.046875
0 0.5671875 0.23359375 0.0828125 0.046875
0 0.42890625 0.2703125 0.075 0.04375
0 0.625 0.2765625 0.071875 0.0421875
0 0.68125 0.31640625 0.078125 0.04375
0 0.26171875 0.4171875 0.090625 0.05
0 0.3546875 0.3890625 0.084375 0.0484375
0 0.39296875 0.33828125 0.0859375 0.046875
0 0.46328125 0.31015625 0.078125 0.046875
0 0.540625 0.29921875 0.075 0.046875
0 0.58515625 0.3390625 0.078125 0.046875
0 0.503125 0.35859375 0.075 0.046875
0 0.67109375 0.365625 0.075 0.0453125
0 0.69296875 0.409375 0.075 0.04375
0 0.60078125 0.384375 0.078125 0.0453125
0 0.45859375 0.3984375 0.0828125 0.046875
0 0.36328125 0.47265625 0.084375 0.0484375
0 0.41484375 0.4375 0.078125 0.0453125
0 0.48515625 0.4671875 0.08125 0.046875
0 0.528125 0.4359375 0.08125 0.0453125
0 0.6234375 0.45078125 0.071875 0.04375
0 0.6921875 0.45234375 0.0734375 0.0421875
0 0.359375 0.54375 0.0875 0.0515625
0 0.421875 0.50859375 0.08125 0.046875
0 0.4359375 0.559375 0.0875 0.05
0 0.50703125 0.51328125 0.08125 0.046875
0 0.565625 0.48203125 0.08125 0.046875
0 0.59375 0.52578125 0.078125 0.046875
0 0.63359375 0.49765625 0.075 0.04375
0 0.7078125 0.49453125 0.075 0.0421875
0 0.7515625 0.53203125 0.078125 0.046875
0 0.78046875 0.59375 0.075 0.04375
0 0.67578125 0.5359375 0.0765625 0.04375
0 0.69140625 0.578125 0.06875 0.040625
0 0.628125 0.56875 0.08125 0.04375
0 0.78515625 0.65546875 0.071875 0.0421875
0 0.815625 0.6953125 0.0765625 0.0421875
0 0.85625 0.74375 0.065625 0.0421875
0 0.83125 0.7890625 0.071875 0.0453125
0 0.75859375 0.78671875 0.075 0.0453125
0 0.74453125 0.6953125 0.071875 0.04375
0 0.73515625 0.73125 0.0765625 0.04375
0 0.671875 0.77421875 0.078125 0.0453125
0 0.65859375 0.7234375 0.075 0.04375
0 0.67890625 0.66796875 0.0796875 0.046875
0 0.659375 0.61484375 0.0796875 0.046875
0 0.6046875 0.81953125 0.08125 0.046875
0 0.58046875 0.73515625 0.0796875 0.05
0 0.60625 0.690625 0.0765625 0.04375
0 0.59375 0.6453125 0.078125 0.046875
0 0.5640625 0.6109375 0.08125 0.05
0 0.475 0.615625 0.078125 0.04375
0 0.51953125 0.653125 0.0828125 0.046875
0 0.5328125 0.70625 0.084375 0.046875
0 0.50390625 0.76328125 0.08125 0.0484375
0 0.3125 0.58671875 0.0875 0.05
0 0.39453125 0.60078125 0.090625 0.0484375
0 0.32421875 0.6328125 0.090625 0.046875
0 0.40546875 0.64375 0.0828125 0.04375
0 0.4375 0.69765625 0.0875 0.046875
0 0.44375 0.74765625 0.0859375 0.0515625
0 0.43046875 0.79765625 0.0890625 0.05
0 0.475 0.83828125 0.0859375 0.046875
0 0.24765625 0.6625 0.09375 0.053125
0 0.140625 0.740625 0.09375 0.053125
0 0.2265625 0.72265625 0.096875 0.0546875
0 0.32890625 0.68984375 0.0875 0.053125
0 0.35703125 0.740625 0.0875 0.05
0 0.18984375 0.78671875 0.09375 0.053125
0 0.2734375 0.7640625 0.090625 0.05
0 0.34453125 0.7921875 0.090625 0.0515625
0 0.371875 0.84375 0.09375 0.05625
0 0.41484375 0.89140625 0.09375 0.0546875
0 0.32265625 0.8984375 0.09375 0.053125
0 0.1640625 0.83125 0.0875 0.05
0 0.253125 0.8390625 0.09375 0.0515625
0 0.203125 0.88203125 0.0921875 0.053125