0 0.9203125 0.59765625 0.046875 0.084375
0 0.8765625 0.5796875 0.0484375 0.084375
0 0.825 0.615625 0.05 0.08125
0 0.771875 0.63984375 0.046875 0.078125
0 0.76640625 0.5671875 0.046875 0.0828125
0 0.7296875 0.42890625 0.04375 0.075
0 0.7234375 0.625 0.0421875 0.071875
0 0.68359375 0.68125 0.04375 0.078125
0 0.5828125 0.26171875 0.05 0.090625
0 0.6109375 0.3546875 0.0484375 0.084375
0 0.66171875 0.39296875 0.046875 0.0859375
0 0.68984375 0.46328125 0.046875 0.078125
0 0.70078125 0.540625 0.046875 0.075
0 0.6609375 0.58515625 0.046875 0.078125
0 0.64140625 0.503125 0.046875 0.075
0 0.634375 0.67109375 0.0453125 0.075
0 0.590625 0.69296875 0.04375 0.075
0 0.615625 0.60078125 0.0453125 0.078125
0 0.6015625 0.45859375 0.046875 0.0828125
0 0.52734375 0.36328125 0.0484375 0.084375
0 0.5625 0.41484375 0.0453125 0.078125
0 0.5328125 0.48515625 0.046875 0.08125
0 0.5640625 0.528125 0.0453125 0.08125
0 0.54921875 0.6234375 0.04375 0.071875
0 0.54765625 0.6921875 0.0421875 0.0734375
0 0.45625 0.359375 0.0515625 0.0875
0 0.49140625 0.421875 0.046875 0.08125
0 0.440625 0.4359375 0.05 0.0875
0 0.48671875 0.50703125 0.046875 0.08125
0 0.51796875 0.565625 0.046875 0.08125
0 0.47421875 0.59375 0.046875 0.078125
0 0.50234375 0.63359375 0.04375 0.075
0 0.50546875 0.7078125 0.0421875 0.075
0 0.46796875 0.7515625 0.046875 0.078125
0 0.40625 0.78046875 0.04375 0.075
0 0.4640625 0.67578125 0.04375 0.0765625
0 0.421875 0.69140625 0.040625 0.06875
0 0.43125 0.628125 0.04375 0.08125
0 0.34453125 0.78515625 0.0421875 0.071875
0 0.3046875 0.815625 0.0421875 0.0765625
0 0.25625 0.85625 0.040625 0.065625
0 0.2109375 0.83125 0.04375 0.071875
0 0.21328125 0.75859375 0.046875 0.075
0 0.3046875 0.74453125 0.04375 0.071875
0 0.26875 0.73515625 0.04375 0.0765625
0 0.22578125 0.671875 0.0453125 0.078125
0 0.2765625 0.65859375 0.04375 0.075
0 0.33203125 0.67890625 0.046875 0.0796875
0 0.38515625 0.659375 0.046875 0.0796875
0 0.18046875 0.6046875 0.046875 0.08125
0 0.26484375 0.58046875 0.05 0.0796875
0 0.309375 0.60625 0.04375 0.0765625
0 0.3546875 0.59375 0.046875 0.078125
0 0.3890625 0.5640625 0.05 0.08125
0 0.384375 0.475 0.04375 0.078125
0 0.346875 0.51953125 0.046875 0.0828125
0 0.29375 0.5328125 0.046875 0.084375
0 0.23671875 0.50390625 0.0484375 0.08125
0 0.41328125 0.3125 0.05 0.0875
0 0.39921875 0.39453125 0.0484375 0.090625
0 0.3671875 0.32421875 0.046875 0.090625
0 0.35625 0.40546875 0.04375 0.0828125
0 0.30234375 0.4375 0.046875 0.0875
0 0.25234375 0.44375 0.0515625 0.0859375
0 0.20234375 0.43046875 0.05 0.0890625
0 0.16171875 0.475 0.046875 0.0859375
0 0.3375 0.24765625 0.053125 0.09375
0 0.259375 0.140625 0.053125 0.09375
0 0.27734375 0.2265625 0.0546875 0.096875
0 0.31015625 0.32890625 0.053125 0.0875
0 0.259375 0.35703125 0.05 0.0875
0 0.21328125 0.18984375 0.053125 0.09375
0 0.2359375 0.2734375 0.05 0.090625
0 0.2078125 0.34453125 0.05 0.090625
0 0.15625 0.371875 0.05625 0.09375
0 0.10859375 0.41484375 0.0546875 0.09375
0 0.1015625 0.32265625 0.053125 0.09375
0 0.16875 0.1640625 0.05 0.0875
0 0.1609375 0.253125 0.0515625 0.09375
0 0.11796875 0.203125 0.053125 0.0921875