0 0.43671875 0.0609375 0.053125 0.075
0 0.49140625 0.06484375 0.053125 0.075
0 0.3640625 0.11171875 0.0484375 0.06875
0 0.41171875 0.121875 0.0484375 0.06875
0 0.4625 0.1265625 0.05 0.071875
0 0.5109375 0.13359375 0.05 0.071875
0 0.5625 0.1375 0.05 0.071875
0 0.6140625 0.13828125 0.0515625 0.06875
0 0.2328125 0.16484375 0.05 0.06875
0 0.2875 0.16640625 0.046875 0.06875
0 0.33984375 0.1703125 0.0453125 0.065625
0 0.38515625 0.1796875 0.0484375 0.0625
0 0.43515625 0.18359375 0.05 0.065625
0 0.4859375 0.1890625 0.046875 0.06875
0 0.5359375 0.19765625 0.05 0.065625
0 0.5875 0.203125 0.053125 0.065625
0 0.6375 0.20625 0.05 0.065625
0 0.2203125 0.21875 0.046875 0.0625
0 0.2703125 0.22265625 0.04375 0.065625
0 0.3140625 0.22734375 0.046875 0.065625
0 0.3640625 0.23671875 0.046875 0.065625
0 0.40859375 0.24453125 0.0484375 0.065625
0 0.459375 0.2484375 0.046875 0.0625
0 0.50625 0.2546875 0.0484375 0.065625
0 0.55390625 0.26328125 0.046875 0.065625
0 0.60390625 0.26484375 0.05 0.065625
0 0.6546875 0.27109375 0.05 0.065625
0 0.7046875 0.27890625 0.0515625 0.065625
0 0.1359375 0.27734375 0.046875 0.0625
0 0.1171875 0.32890625 0.04375 0.0625
0 0.10546875 0.371875 0.04375 0.059375
0 0.08359375 0.4171875 0.0421875 0.05625
0 0.0796875 0.48125 0.0421875 0.05
0 0.1953125 0.26484375 0.046875 0.0625
0 0.18046875 0.3234375 0.046875 0.059375
0 0.15625 0.37421875 0.040625 0.059375
0 0.13515625 0.425 0.04375 0.059375
0 0.1171875 0.46796875 0.04375 0.05625
0 0.09609375 0.53203125 0.040625 0.053125
0 0.1234375 0.5296875 0.04375 0.053125
0 0.0859375 0.59765625 0.0421875 0.05
0 0.121875 0.57890625 0.040625 0.05
0 0.2421875 0.28203125 0.046875 0.0625
0 0.228125 0.32734375 0.04375 0.059375
0 0.19765625 0.384375 0.0453125 0.059375
0 0.17890625 0.4296875 0.0421875 0.05625
0 0.1625 0.47421875 0.04375 0.053125
0 0.29296875 0.2828125 0.046875 0.0625
0 0.27109375 0.33359375 0.0453125 0.05625
0 0.2484375 0.38203125 0.04375 0.059375
0 0.22734375 0.4328125 0.04375 0.053125
0 0.203125 0.48203125 0.0421875 0.053125
0 0.18046875 0.52578125 0.0421875 0.05
0 0.165625 0.56640625 0.040625 0.046875
0 0.13828125 0.61796875 0.0390625 0.046875
0 0.1078125 0.62890625 0.0375 0.04375
0 0.1171875 0.68203125 0.040625 0.04375
0 0.33828125 0.28984375 0.046875 0.059375
0 0.315625 0.34296875 0.0453125 0.059375
0 0.2875 0.40078125 0.04375 0.05625
0 0.26875 0.44296875 0.04375 0.05625
0 0.24453125 0.48828125 0.04375 0.053125
0 0.221875 0.53671875 0.040625 0.053125
0 0.20859375 0.5703125 0.040625 0.046875
0 0.19140625 0.60703125 0.0390625 0.046875
0 0.17421875 0.6484375 0.0375 0.046875
0 0.153125 0.6921875 0.040625 0.04375
0 0.128125 0.74296875 0.0390625 0.04375
0 0.3859375 0.296875 0.046875 0.059375
0 0.36015625 0.353125 0.046875 0.059375
0 0.3390625 0.39921875 0.04375 0.05625
0 0.315625 0.4484375 0.04375 0.05625
0 0.2921875 0.49453125 0.04375 0.05
0 0.26328125 0.54609375 0.040625 0.053125
0 0.2453125 0.58046875 0.040625 0.05
0 0.2296875 0.61640625 0.040625 0.05
0 0.21328125 0.65546875 0.040625 0.04375
0 0.190625 0.69921875 0.0375 0.04375
0 0.1734375 0.74140625 0.040625 0.04375
0 0.1578125 0.77421875 0.0359375 0.040625
0 0.7734375 0.34453125 0.053125 0.0625
0 0.7890625 0.4046875 0.05 0.059375
0 0.803125 0.44375 0.05 0.053125
0 0.8140625 0.49296875 0.04375 0.053125
0 0.83046875 0.54921875 0.0515625 0.05
0 0.8375 0.60546875 0.046875 0.05
0 0.8578125 0.64921875 0.046875 0.04375
0 0.43359375 0.30078125 0.0453125 0.0625
0 0.48125 0.30234375 0.046875 0.059375
0 0.528125 0.31015625 0.046875 0.05625
0 0.5765625 0.31953125 0.046875 0.05625
0 0.6234375 0.32421875 0.0453125 0.059375
0 0.671875 0.33046875 0.05 0.0625
0 0.7171875 0.3171875 0.046875 0.05625
0 0.73984375 0.3984375 0.0515625 0.05625
0 0.753125 0.4515625 0.05 0.05625
0 0.76875 0.496875 0.0484375 0.053125
0 0.78359375 0.54140625 0.0453125 0.053125
0 0.7921875 0.59375 0.046875 0.05
0 0.80390625 0.6359375 0.046875 0.04375
0 0.821875 0.68359375 0.0421875 0.04375
0 0.83125 0.73359375 0.040625 0.040625
0 0.68984375 0.3875 0.0515625 0.05625
0 0.70625 0.44453125 0.0515625 0.059375
0 0.7203125 0.49296875 0.046875 0.05625
0 0.7375 0.54140625 0.046875 0.053125
0 0.7484375 0.58828125 0.04375 0.05
0 0.759375 0.62890625 0.046875 0.046875
0 0.775 0.67890625 0.046875 0.046875
0 0.7875 0.7203125 0.04375 0.04375
0 0.796875 0.7609375 0.040625 0.04375
0 0.40859375 0.353125 0.0453125 0.059375
0 0.45 0.36328125 0.046875 0.059375
0 0.4984375 0.36171875 0.05 0.053125
0 0.5453125 0.36953125 0.05 0.059375
0 0.59375 0.37421875 0.05 0.05625
0 0.6421875 0.38359375 0.046875 0.059375
0 0.3828125 0.40234375 0.04375 0.05625
0 0.42890625 0.4078125 0.046875 0.05625
0 0.47578125 0.4046875 0.0453125 0.05625
0 0.51875 0.41953125 0.046875 0.059375
0 0.565625 0.42109375 0.04375 0.05625
0 0.6109375 0.43515625 0.046875 0.05625
0 0.659375 0.43984375 0.046875 0.0625
0 0.359375 0.45390625 0.04375 0.05625
0 0.40390625 0.45625 0.0421875 0.053125
0 0.4484375 0.4609375 0.04375 0.05
0 0.49453125 0.46171875 0.0421875 0.05625
0 0.5375 0.46953125 0.04375 0.053125
0 0.58125 0.48203125 0.046875 0.053125
0 0.6296875 0.48359375 0.04375 0.053125
0 0.67421875 0.49140625 0.046875 0.053125
0 0.33671875 0.49765625 0.04375 0.053125
0 0.3046875 0.55546875 0.04375 0.05
0 0.2859375 0.59609375 0.0375 0.046875
0 0.26796875 0.63125 0.0421875 0.046875
0 0.2515625 0.66328125 0.040625 0.046875
0 0.2265625 0.7125 0.040625 0.04375
0 0.21171875 0.7484375 0.0390625 0.04375
0 0.19609375 0.77734375 0.0390625 0.040625
0 0.17578125 0.82109375 0.0359375 0.040625
0 0.378125 0.5078125 0.04375 0.05
0 0.353125 0.55234375 0.0421875 0.05
0 0.334375 0.5890625 0.0421875 0.046875
0 0.3109375 0.63203125 0.040625 0.046875
0 0.2921875 0.66875 0.040625 0.04375
0 0.2734375 0.70859375 0.0375 0.046875
0 0.2515625 0.75 0.0375 0.040625
0 0.2359375 0.77890625 0.034375 0.040625
0 0.215625 0.8171875 0.0375 0.040625
0 0.2015625 0.853125 0.034375 0.0375
0 0.42578125 0.503125 0.0421875 0.05
0 0.396875 0.55546875 0.04375 0.05
0 0.37421875 0.59921875 0.0421875 0.046875
0 0.35546875 0.63203125 0.0390625 0.04375
0 0.334375 0.67421875 0.0375 0.040625
0 0.3125 0.7109375 0.040625 0.04375
0 0.29375 0.75078125 0.0390625 0.04375
0 0.271875 0.790625 0.0375 0.040625
0 0.253125 0.82578125 0.034375 0.040625
0 0.2375 0.85390625 0.0375 0.040625
0 0.21953125 0.89375 0.034375 0.0375
0 0.46953125 0.50546875 0.04375 0.05
0 0.5140625 0.50703125 0.0421875 0.05
0 0.5546875 0.51875 0.04375 0.05
0 0.60078125 0.52578125 0.0421875 0.05
0 0.6453125 0.53671875 0.04375 0.053125
0 0.690625 0.5390625 0.046875 0.05
0 0.703125 0.5890625 0.046875 0.05
0 0.7171875 0.62890625 0.04375 0.046875
0 0.73125 0.67578125 0.04375 0.05
0 0.74375 0.71328125 0.040625 0.04375
0 0.75859375 0.753125 0.040625 0.04375
0 0.771875 0.7890625 0.0390625 0.04375
0 0.659375 0.58203125 0.0453125 0.05
0 0.6734375 0.62734375 0.04375 0.04375
0 0.6890625 0.67109375 0.04375 0.046875
0 0.703125 0.71171875 0.040625 0.046875
0 0.71875 0.74375 0.040625 0.040625
0 0.7296875 0.7796875 0.040625 0.040625
0 0.7421875 0.815625 0.0375 0.0375
0 0.440625 0.56015625 0.0421875 0.046875
0 0.4859375 0.55546875 0.04375 0.05
0 0.52890625 0.559375 0.040625 0.053125
0 0.57109375 0.57421875 0.04375 0.053125
0 0.61484375 0.5765625 0.046875 0.05
0 0.63125 0.6234375 0.04375 0.04375
0 0.646875 0.66796875 0.04375 0.046875
0 0.6609375 0.70546875 0.04375 0.04375
0 0.67734375 0.74765625 0.040625 0.04375
0 0.690625 0.78046875 0.040625 0.040625
0 0.7046875 0.81484375 0.0390625 0.040625
0 0.7171875 0.84921875 0.0375 0.034375
0 0.5875 0.625 0.04375 0.046875
0 0.60390625 0.671875 0.040625 0.046875
0 0.62109375 0.70546875 0.040625 0.046875
0 0.634375 0.7453125 0.040625 0.04375
0 0.6515625 0.78671875 0.040625 0.040625
0 0.665625 0.82109375 0.040625 0.040625
0 0.6796875 0.84609375 0.040625 0.0375
0 0.69140625 0.88359375 0.0359375 0.034375
0 0.41640625 0.603125 0.0421875 0.046875
0 0.459375 0.60546875 0.04375 0.05
0 0.50078125 0.61328125 0.04375 0.046875
0 0.546875 0.6109375 0.04375 0.05
0 0.39375 0.64453125 0.0421875 0.04375
0 0.4375 0.64765625 0.04375 0.046875
0 0.478125 0.65078125 0.0421875 0.046875
0 0.51875 0.65859375 0.04375 0.04375
0 0.5625 0.66328125 0.04375 0.05
0 0.5796875 0.7015625 0.0421875 0.04375
0 0.59375 0.7453125 0.0421875 0.04375
0 0.6109375 0.77890625 0.040625 0.04375
0 0.6265625 0.81796875 0.040625 0.0375
0 0.64140625 0.84921875 0.040625 0.0375
0 0.6546875 0.878125 0.0375 0.034375
0 0.6671875 0.92265625 0.0359375 0.034375
0 0.3734375 0.678125 0.040625 0.040625
0 0.41484375 0.68359375 0.0390625 0.040625
0 0.4546875 0.69453125 0.040625 0.046875
0 0.4953125 0.69453125 0.04375 0.04375
0 0.5375 0.7 0.0421875 0.04375
0 0.5546875 0.73984375 0.040625 0.04375
0 0.57109375 0.78203125 0.0390625 0.04375
0 0.5859375 0.81953125 0.0375 0.040625
0 0.603125 0.84453125 0.040625 0.040625
0 0.6171875 0.88046875 0.0375 0.034375
0 0.63203125 0.9109375 0.034375 0.034375
0 0.5125 0.73828125 0.040625 0.04375
0 0.5296875 0.78046875 0.040625 0.046875
0 0.5453125 0.81328125 0.0390625 0.0375
0 0.56328125 0.84921875 0.040625 0.0375
0 0.5796875 0.8765625 0.0375 0.0375
0 0.59453125 0.90859375 0.0359375 0.03125
0 0.6078125 0.94296875 0.034375 0.03125
0 0.3515625 0.72109375 0.040625 0.046875
0 0.3921875 0.7265625 0.0390625 0.04375
0 0.4328125 0.7359375 0.0375 0.04375
0 0.47109375 0.7421875 0.040625 0.04375
0 0.33203125 0.75546875 0.040625 0.040625
0 0.3171875 0.78671875 0.0375 0.040625
0 0.2953125 0.82109375 0.0375 0.0375
0 0.275 0.86171875 0.0390625 0.034375
0 0.2578125 0.89375 0.034375 0.034375
0 0.371875 0.7625 0.0375 0.040625
0 0.35390625 0.78984375 0.0375 0.040625
0 0.33515625 0.8265625 0.0359375 0.0375
0 0.31328125 0.8671875 0.0375 0.040625
0 0.296875 0.89453125 0.0375 0.0375
0 0.2796875 0.92578125 0.0375 0.034375
0 0.4109375 0.7734375 0.040625 0.04375
0 0.45078125 0.7828125 0.040625 0.04375
0 0.48984375 0.78515625 0.0390625 0.040625
0 0.50625 0.821875 0.0375 0.034375
0 0.525 0.85546875 0.0359375 0.0375
0 0.5421875 0.88671875 0.0375 0.0375
0 0.559375 0.91640625 0.0375 0.0375
0 0.575 0.95390625 0.034375 0.034375
0 0.390625 0.80703125 0.0375 0.040625
0 0.42890625 0.8171875 0.0375 0.04375
0 0.46796875 0.82109375 0.0390625 0.0375
0 0.4875 0.85390625 0.0375 0.0375
0 0.5046875 0.8875 0.034375 0.034375
0 0.52265625 0.9171875 0.0375 0.034375
0 0.53671875 0.95625 0.0328125 0.03125
0 0.3734375 0.84296875 0.0375 0.0375
0 0.4109375 0.8453125 0.0375 0.0375
0 0.45 0.84921875 0.0390625 0.0375
0 0.353125 0.86953125 0.0375 0.0375
0 0.3296875 0.91015625 0.0375 0.034375
0 0.31328125 0.94921875 0.0359375 0.034375
0 0.390625 0.88046875 0.0359375 0.040625
0 0.36875 0.92265625 0.0359375 0.0375
0 0.35078125 0.95390625 0.034375 0.034375
0 0.42890625 0.88203125 0.0375 0.0375
0 0.4078125 0.91640625 0.0375 0.0375
0 0.3875 0.95625 0.034375 0.034375
0 0.46875 0.88359375 0.0375 0.0375
0 0.446875 0.92265625 0.0375 0.0375
0 0.42578125 0.9578125 0.0328125 0.0375
0 0.4859375 0.91640625 0.034375 0.0375
0 0.46171875 0.95703125 0.034375 0.034375
0 0.5 0.95703125 0.034375 0.034375