0 0.56328125 0.0609375 0.053125 0.075
0 0.50859375 0.06484375 0.053125 0.075
0 0.6359375 0.11171875 0.0484375 0.06875
0 0.58828125 0.121875 0.0484375 0.06875
0 0.5375 0.1265625 0.05 0.071875
0 0.4890625 0.13359375 0.05 0.071875
0 0.4375 0.1375 0.05 0.071875
0 0.3859375 0.13828125 0.0515625 0.06875
0 0.7671875 0.16484375 0.05 0.06875
0 0.7125 0.16640625 0.046875 0.06875
0 0.66015625 0.1703125 0.0453125 0.065625
0 0.61484375 0.1796875 0.0484375 0.0625
0 0.56484375 0.18359375 0.05 0.065625
0 0.5140625 0.1890625 0.046875 0.06875
0 0.4640625 0.19765625 0.05 0.065625
0 0.4125 0.203125 0.053125 0.065625
0 0.3625 0.20625 0.05 0.065625
0 0.7796875 0.21875 0.046875 0.0625
0 0.7296875 0.22265625 0.04375 0.065625
0 0.6859375 0.22734375 0.046875 0.065625
0 0.6359375 0.23671875 0.046875 0.065625
0 0.59140625 0.24453125 0.0484375 0.065625
0 0.540625 0.2484375 0.046875 0.0625
0 0.49375 0.2546875 0.0484375 0.065625
0 0.44609375 0.26328125 0.046875 0.065625
0 0.39609375 0.26484375 0.05 0.065625
0 0.3453125 0.27109375 0.05 0.065625
0 0.2953125 0.27890625 0.0515625 0.065625
0 0.8640625 0.27734375 0.046875 0.0625
0 0.8828125 0.32890625 0.04375 0.0625
0 0.89453125 0.371875 0.04375 0.059375
0 0.91640625 0.4171875 0.0421875 0.05625
0 0.9203125 0.48125 0.0421875 0.05
0 0.8046875 0.26484375 0.046875 0.0625
0 0.81953125 0.3234375 0.046875 0.059375
0 0.84375 0.37421875 0.040625 0.059375
0 0.86484375 0.425 0.04375 0.059375
0 0.8828125 0.46796875 0.04375 0.05625
0 0.90390625 0.53203125 0.040625 0.053125
0 0.8765625 0.5296875 0.04375 0.053125
0 0.9140625 0.59765625 0.0421875 0.05
0 0.878125 0.57890625 0.040625 0.05
0 0.7578125 0.28203125 0.046875 0.0625
0 0.771875 0.32734375 0.04375 0.059375
0 0.80234375 0.384375 0.0453125 0.059375
0 0.82109375 0.4296875 0.0421875 0.05625
0 0.8375 0.47421875 0.04375 0.053125
0 0.70703125 0.2828125 0.046875 0.0625
0 0.72890625 0.33359375 0.0453125 0.05625
0 0.7515625 0.38203125 0.04375 0.059375
0 0.77265625 0.4328125 0.04375 0.053125
0 0.796875 0.48203125 0.0421875 0.053125
0 0.81953125 0.52578125 0.0421875 0.05
0 0.834375 0.56640625 0.040625 0.046875
0 0.86171875 0.61796875 0.0390625 0.046875
0 0.8921875 0.62890625 0.0375 0.04375
0 0.8828125 0.68203125 0.040625 0.04375
0 0.66171875 0.28984375 0.046875 0.059375
0 0.684375 0.34296875 0.0453125 0.059375
0 0.7125 0.40078125 0.04375 0.05625
0 0.73125 0.44296875 0.04375 0.05625
0 0.75546875 0.48828125 0.04375 0.053125
0 0.778125 0.53671875 0.040625 0.053125
0 0.79140625 0.5703125 0.040625 0.046875
0 0.80859375 0.60703125 0.0390625 0.046875
0 0.82578125 0.6484375 0.0375 0.046875
0 0.846875 0.6921875 0.040625 0.04375
0 0.871875 0.74296875 0.0390625 0.04375
0 0.6140625 0.296875 0.046875 0.059375
0 0.63984375 0.353125 0.046875 0.059375
0 0.6609375 0.39921875 0.04375 0.05625
0 0.684375 0.4484375 0.04375 0.05625
0 0.7078125 0.49453125 0.04375 0.05
0 0.73671875 0.54609375 0.040625 0.053125
0 0.7546875 0.58046875 0.040625 0.05
0 0.7703125 0.61640625 0.040625 0.05
0 0.78671875 0.65546875 0.040625 0.04375
0 0.809375 0.69921875 0.0375 0.04375
0 0.8265625 0.74140625 0.040625 0.04375
0 0.8421875 0.77421875 0.0359375 0.040625
0 0.2265625 0.34453125 0.053125 0.0625
0 0.2109375 0.4046875 0.05 0.059375
0 0.196875 0.44375 0.05 0.053125
0 0.1859375 0.49296875 0.04375 0.053125
0 0.16953125 0.54921875 0.0515625 0.05
0 0.1625 0.60546875 0.046875 0.05
0 0.1421875 0.64921875 0.046875 0.04375
0 0.56640625 0.30078125 0.0453125 0.0625
0 0.51875 0.30234375 0.046875 0.059375
0 0.471875 0.31015625 0.046875 0.05625
0 0.4234375 0.31953125 0.046875 0.05625
0 0.3765625 0.32421875 0.0453125 0.059375
0 0.328125 0.33046875 0.05 0.0625
0 0.2828125 0.3171875 0.046875 0.05625
0 0.26015625 0.3984375 0.0515625 0.05625
0 0.246875 0.4515625 0.05 0.05625
0 0.23125 0.496875 0.0484375 0.053125
0 0.21640625 0.54140625 0.0453125 0.053125
0 0.2078125 0.59375 0.046875 0.05
0 0.19609375 0.6359375 0.046875 0.04375
0 0.178125 0.68359375 0.0421875 0.04375
0 0.16875 0.73359375 0.040625 0.040625
0 0.31015625 0.3875 0.0515625 0.05625
0 0.29375 0.44453125 0.0515625 0.059375
0 0.2796875 0.49296875 0.046875 0.05625
0 0.2625 0.54140625 0.046875 0.053125
0 0.2515625 0.58828125 0.04375 0.05
0 0.240625 0.62890625 0.046875 0.046875
0 0.225 0.67890625 0.046875 0.046875
0 0.2125 0.7203125 0.04375 0.04375
0 0.203125 0.7609375 0.040625 0.04375
0 0.59140625 0.353125 0.0453125 0.059375
0 0.55 0.36328125 0.046875 0.059375
0 0.5015625 0.36171875 0.05 0.053125
0 0.4546875 0.36953125 0.05 0.059375
0 0.40625 0.37421875 0.05 0.05625
0 0.3578125 0.38359375 0.046875 0.059375
0 0.6171875 0.40234375 0.04375 0.05625
0 0.57109375 0.4078125 0.046875 0.05625
0 0.52421875 0.4046875 0.0453125 0.05625
0 0.48125 0.41953125 0.046875 0.059375
0 0.434375 0.42109375 0.04375 0.05625
0 0.3890625 0.43515625 0.046875 0.05625
0 0.340625 0.43984375 0.046875 0.0625
0 0.640625 0.45390625 0.04375 0.05625
0 0.59609375 0.45625 0.0421875 0.053125
0 0.5515625 0.4609375 0.04375 0.05
0 0.50546875 0.46171875 0.0421875 0.05625
0 0.4625 0.46953125 0.04375 0.053125
0 0.41875 0.48203125 0.046875 0.053125
0 0.3703125 0.48359375 0.04375 0.053125
0 0.32578125 0.49140625 0.046875 0.053125
0 0.66328125 0.49765625 0.04375 0.053125
0 0.6953125 0.55546875 0.04375 0.05
0 0.7140625 0.59609375 0.0375 0.046875
0 0.73203125 0.63125 0.0421875 0.046875
0 0.7484375 0.66328125 0.040625 0.046875
0 0.7734375 0.7125 0.040625 0.04375
0 0.78828125 0.7484375 0.0390625 0.04375
0 0.80390625 0.77734375 0.0390625 0.040625
0 0.82421875 0.82109375 0.0359375 0.040625
0 0.621875 0.5078125 0.04375 0.05
0 0.646875 0.55234375 0.0421875 0.05
0 0.665625 0.5890625 0.0421875 0.046875
0 0.6890625 0.63203125 0.040625 0.046875
0 0.7078125 0.66875 0.040625 0.04375
0 0.7265625 0.70859375 0.0375 0.046875
0 0.7484375 0.75 0.0375 0.040625
0 0.7640625 0.77890625 0.034375 0.040625
0 0.784375 0.8171875 0.0375 0.040625
0 0.7984375 0.853125 0.034375 0.0375
0 0.57421875 0.503125 0.0421875 0.05
0 0.603125 0.55546875 0.04375 0.05
0 0.62578125 0.59921875 0.0421875 0.046875
0 0.64453125 0.63203125 0.0390625 0.04375
0 0.665625 0.67421875 0.0375 0.040625
0 0.6875 0.7109375 0.040625 0.04375
0 0.70625 0.75078125 0.0390625 0.04375
0 0.728125 0.790625 0.0375 0.040625
0 0.746875 0.82578125 0.034375 0.040625
0 0.7625 0.85390625 0.0375 0.040625
0 0.78046875 0.89375 0.034375 0.0375
0 0.53046875 0.50546875 0.04375 0.05
0 0.4859375 0.50703125 0.0421875 0.05
0 0.4453125 0.51875 0.04375 0.05
0 0.39921875 0.52578125 0.0421875 0.05
0 0.3546875 0.53671875 0.04375 0.053125
0 0.309375 0.5390625 0.046875 0.05
0 0.296875 0.5890625 0.046875 0.05
0 0.2828125 0.62890625 0.04375 0.046875
0 0.26875 0.67578125 0.04375 0.05
0 0.25625 0.71328125 0.040625 0.04375
0 0.24140625 0.753125 0.040625 0.04375
0 0.228125 0.7890625 0.0390625 0.04375
0 0.340625 0.58203125 0.0453125 0.05
0 0.3265625 0.62734375 0.04375 0.04375
0 0.3109375 0.67109375 0.04375 0.046875
0 0.296875 0.71171875 0.040625 0.046875
0 0.28125 0.74375 0.040625 0.040625
0 0.2703125 0.7796875 0.040625 0.040625
0 0.2578125 0.815625 0.0375 0.0375
0 0.559375 0.56015625 0.0421875 0.046875
0 0.5140625 0.55546875 0.04375 0.05
0 0.47109375 0.559375 0.040625 0.053125
0 0.42890625 0.57421875 0.04375 0.053125
0 0.38515625 0.5765625 0.046875 0.05
0 0.36875 0.6234375 0.04375 0.04375
0 0.353125 0.66796875 0.04375 0.046875
0 0.3390625 0.70546875 0.04375 0.04375
0 0.32265625 0.74765625 0.040625 0.04375
0 0.309375 0.78046875 0.040625 0.040625
0 0.2953125 0.81484375 0.0390625 0.040625
0 0.2828125 0.84921875 0.0375 0.034375
0 0.4125 0.625 0.04375 0.046875
0 0.39609375 0.671875 0.040625 0.046875
0 0.37890625 0.70546875 0.040625 0.046875
0 0.365625 0.7453125 0.040625 0.04375
0 0.3484375 0.78671875 0.040625 0.040625
0 0.334375 0.82109375 0.040625 0.040625
0 0.3203125 0.84609375 0.040625 0.0375
0 0.30859375 0.88359375 0.0359375 0.034375
0 0.58359375 0.603125 0.0421875 0.046875
0 0.540625 0.60546875 0.04375 0.05
0 0.49921875 0.61328125 0.04375 0.046875
0 0.453125 0.6109375 0.04375 0.05
0 0.60625 0.64453125 0.0421875 0.04375
0 0.5625 0.64765625 0.04375 0.046875
0 0.521875 0.65078125 0.0421875 0.046875
0 0.48125 0.65859375 0.04375 0.04375
0 0.4375 0.66328125 0.04375 0.05
0 0.4203125 0.7015625 0.0421875 0.04375
0 0.40625 0.7453125 0.0421875 0.04375
0 0.3890625 0.77890625 0.040625 0.04375
0 0.3734375 0.81796875 0.040625 0.0375
0 0.35859375 0.84921875 0.040625 0.0375
0 0.3453125 0.878125 0.0375 0.034375
0 0.3328125 0.92265625 0.0359375 0.034375
0 0.6265625 0.678125 0.040625 0.040625
0 0.58515625 0.68359375 0.0390625 0.040625
0 0.5453125 0.69453125 0.040625 0.046875
0 0.5046875 0.69453125 0.04375 0.04375
0 0.4625 0.7 0.0421875 0.04375
0 0.4453125 0.73984375 0.040625 0.04375
0 0.42890625 0.78203125 0.0390625 0.04375
0 0.4140625 0.81953125 0.0375 0.040625
0 0.396875 0.84453125 0.040625 0.040625
0 0.3828125 0.88046875 0.0375 0.034375
0 0.36796875 0.9109375 0.034375 0.034375
0 0.4875 0.73828125 0.040625 0.04375
0 0.4703125 0.78046875 0.040625 0.046875
0 0.4546875 0.81328125 0.0390625 0.0375
0 0.43671875 0.84921875 0.040625 0.0375
0 0.4203125 0.8765625 0.0375 0.0375
0 0.40546875 0.90859375 0.0359375 0.03125
0 0.3921875 0.94296875 0.034375 0.03125
0 0.6484375 0.72109375 0.040625 0.046875
0 0.6078125 0.7265625 0.0390625 0.04375
0 0.5671875 0.7359375 0.0375 0.04375
0 0.52890625 0.7421875 0.040625 0.04375
0 0.66796875 0.75546875 0.040625 0.040625
0 0.6828125 0.78671875 0.0375 0.040625
0 0.7046875 0.82109375 0.0375 0.0375
0 0.725 0.86171875 0.0390625 0.034375
0 0.7421875 0.89375 0.034375 0.034375
0 0.628125 0.7625 0.0375 0.040625
0 0.64609375 0.78984375 0.0375 0.040625
0 0.66484375 0.8265625 0.0359375 0.0375
0 0.68671875 0.8671875 0.0375 0.040625
0 0.703125 0.89453125 0.0375 0.0375
0 0.7203125 0.92578125 0.0375 0.034375
0 0.5890625 0.7734375 0.040625 0.04375
0 0.54921875 0.7828125 0.040625 0.04375
0 0.51015625 0.78515625 0.0390625 0.040625
0 0.49375 0.821875 0.0375 0.034375
0 0.475 0.85546875 0.0359375 0.0375
0 0.4578125 0.88671875 0.0375 0.0375
0 0.440625 0.91640625 0.0375 0.0375
0 0.425 0.95390625 0.034375 0.034375
0 0.609375 0.80703125 0.0375 0.040625
0 0.57109375 0.8171875 0.0375 0.04375
0 0.53203125 0.82109375 0.0390625 0.0375
0 0.5125 0.85390625 0.0375 0.0375
0 0.4953125 0.8875 0.034375 0.034375
0 0.47734375 0.9171875 0.0375 0.034375
0 0.46328125 0.95625 0.0328125 0.03125
0 0.6265625 0.84296875 0.0375 0.0375
0 0.5890625 0.8453125 0.0375 0.0375
0 0.55 0.84921875 0.0390625 0.0375
0 0.646875 0.86953125 0.0375 0.0375
0 0.6703125 0.91015625 0.0375 0.034375
0 0.68671875 0.94921875 0.0359375 0.034375
0 0.609375 0.88046875 0.0359375 0.040625
0 0.63125 0.92265625 0.0359375 0.0375
0 0.64921875 0.95390625 0.034375 0.034375
0 0.57109375 0.88203125 0.0375 0.0375
0 0.5921875 0.91640625 0.0375 0.0375
0 0.6125 0.95625 0.034375 0.034375
0 0.53125 0.88359375 0.0375 0.0375
0 0.553125 0.92265625 0.0375 0.0375
0 0.57421875 0.9578125 0.0328125 0.0375
0 0.5140625 0.91640625 0.034375 0.0375
0 0.53828125 0.95703125 0.034375 0.034375
0 0.5 0.95703125 0.034375 0.034375