0 0.77265625 0.29609375 0.09375 0.0609375
0 0.73828125 0.35703125 0.1 0.0671875
0 0.72734375 0.4625 0.09375 0.06875
0 0.7390625 0.53359375 0.09375 0.065625
0 0.7765625 0.609375 0.09375 0.0703125
0 0.7453125 0.6890625 0.09375 0.071875
0 0.77890625 0.75 0.09375 0.06875
0 0.7109375 0.16640625 0.0875 0.065625
0 0.72734375 0.234375 0.090625 0.065625
0 0.67734375 0.28828125 0.090625 0.065625
0 0.6453125 0.3546875 0.09375 0.06875
0 0.63671875 0.44140625 0.0875 0.065625
0 0.64609375 0.5375 0.09375 0.06875
0 0.68515625 0.603125 0.09375 0.06875
0 0.65546875 0.6671875 0.0875 0.065625
0 0.68671875 0.74375 0.096875 0.071875
0 0.725 0.81171875 0.096875 0.071875
0 0.61875 0.07734375 0.084375 0.0640625
0 0.628125 0.146875 0.084375 0.0625
0 0.6265625 0.20703125 0.0875 0.065625
0 0.58046875 0.26875 0.084375 0.0625
0 0.57734375 0.4015625 0.08125 0.059375
0 0.58046875 0.4953125 0.084375 0.0625
0 0.55703125 0.5625 0.084375 0.06875
0 0.5640625 0.66484375 0.084375 0.0671875
0 0.58984375 0.7296875 0.0875 0.06875
0 0.63359375 0.840625 0.0875 0.071875
0 0.66796875 0.90625 0.090625 0.06875
0 0.61640625 0.95625 0.090625 0.0703125
0 0.53828125 0.04375 0.08125 0.0625
0 0.55 0.1171875 0.08125 0.0640625
0 0.559375 0.196875 0.078125 0.0625
0 0.528125 0.3484375 0.08125 0.0625
0 0.51484375 0.4484375 0.0875 0.065625
0 0.49375 0.5109375 0.084375 0.0640625
0 0.47578125 0.575 0.08125 0.0640625
0 0.47734375 0.70546875 0.084375 0.065625
0 0.52109375 0.7546875 0.08125 0.0625
0 0.54140625 0.8375 0.090625 0.06875
0 0.57109375 0.8875 0.0875 0.0640625
0 0.46328125 0.034375 0.078125 0.059375
0 0.48359375 0.1078125 0.078125 0.059375
0 0.490625 0.178125 0.075 0.059375
0 0.49375 0.23359375 0.08125 0.059375
0 0.49921875 0.284375 0.078125 0.0625
0 0.48359375 0.4 0.08125 0.0625
0 0.50546875 0.93671875 0.08125 0.0640625
0 0.38828125 0.028125 0.075 0.05625
0 0.40234375 0.075 0.078125 0.0625
0 0.41953125 0.15546875 0.078125 0.05625
0 0.40546875 0.1921875 0.08125 0.0625
0 0.41796875 0.2625 0.075 0.059375
0 0.43984375 0.325 0.075 0.059375
0 0.409375 0.3859375 0.075 0.0578125
0 0.4265625 0.48125 0.08125 0.0625
0 0.39921875 0.546875 0.078125 0.065625
0 0.42109375 0.6078125 0.078125 0.059375
0 0.40703125 0.6859375 0.078125 0.0625
0 0.428125 0.7546875 0.084375 0.0625
0 0.45 0.8140625 0.08125 0.0640625
0 0.4765625 0.88515625 0.084375 0.0671875
0 0.42578125 0.9140625 0.08125 0.0640625
0 0.38203125 0.71953125 0.078125 0.0578125
0 0.31171875 0.0453125 0.071875 0.0578125
0 0.3359375 0.1109375 0.075 0.0625
0 0.34140625 0.17734375 0.075 0.0625
0 0.34609375 0.2703125 0.075 0.05625
0 0.34140625 0.3234375 0.078125 0.0625
0 0.31328125 0.3828125 0.084375 0.05625
0 0.3703125 0.4390625 0.08125 0.0609375
0 0.3515625 0.50234375 0.08125 0.0625
0 0.290625 0.4609375 0.078125 0.0625
0 0.31015625 0.528125 0.071875 0.05625
0 0.3359375 0.5765625 0.08125 0.059375
0 0.28828125 0.61875 0.071875 0.05625
0 0.33203125 0.6625 0.078125 0.0625
0 0.36328125 0.803125 0.08125 0.0625
0 0.34375 0.89375 0.075 0.0640625
0 0.24765625 0.1 0.075 0.059375
0 0.28359375 0.2234375 0.075 0.05625
0 0.26953125 0.2890625 0.071875 0.059375
0 0.265625 0.34609375 0.078125 0.0625
0 0.2515625 0.4109375 0.075 0.059375
0 0.22109375 0.49140625 0.075 0.0625
0 0.21796875 0.5734375 0.078125 0.0625
0 0.2015625 0.6546875 0.075 0.059375
0 0.24296875 0.70234375 0.078125 0.0640625
0 0.2703125 0.765625 0.08125 0.06875
0 0.28984375 0.84296875 0.078125 0.0640625
0 0.234375 0.209375 0.065625 0.05625
0 0.2078125 0.259375 0.071875 0.05625
0 0.18671875 0.3140625 0.071875 0.0625
0 0.1921875 0.3765625 0.071875 0.059375
0 0.1875 0.4421875 0.071875 0.0609375
0 0.1703125 0.5296875 0.065625 0.0578125
0 0.15703125 0.60546875 0.0625 0.059375
0 0.1421875 0.7078125 0.071875 0.065625
0 0.1375 0.8078125 0.078125 0.0609375
0 0.215625 0.7921875 0.075 0.0625
0 0.20703125 0.859375 0.078125 0.0609375