0 0.31875 0.46796875 0.05 0.0375
0 0.359375 0.41953125 0.05625 0.0421875
0 0.37265625 0.471875 0.0546875 0.040625
0 0.359375 0.5515625 0.0515625 0.0375
0 0.35546875 0.6546875 0.053125 0.040625
0 0.409375 0.396875 0.05625 0.04375
0 0.40859375 0.440625 0.0546875 0.0421875
0 0.42890625 0.48046875 0.0546875 0.040625
0 0.4078125 0.521875 0.053125 0.040625
0 0.41015625 0.57890625 0.053125 0.040625
0 0.39140625 0.61796875 0.0546875 0.040625
0 0.421875 0.6546875 0.05625 0.040625
0 0.3859375 0.68671875 0.053125 0.040625
0 0.4109375 0.72734375 0.05 0.040625
0 0.44375 0.278125 0.0546875 0.0390625
0 0.4734375 0.3890625 0.0546875 0.04375
0 0.46796875 0.440625 0.053125 0.040625
0 0.48828125 0.4765625 0.053125 0.040625
0 0.4625 0.5109375 0.053125 0.0390625
0 0.45625 0.55390625 0.053125 0.040625
0 0.4546875 0.61875 0.05625 0.0375
0 0.44609375 0.69765625 0.05625 0.040625
0 0.46484375 0.753125 0.0546875 0.040625
0 0.50625 0.27109375 0.053125 0.040625
0 0.5046875 0.31875 0.053125 0.0421875
0 0.5171875 0.3640625 0.0546875 0.04375
0 0.51640625 0.41953125 0.053125 0.0421875
0 0.54453125 0.45859375 0.053125 0.04375
0 0.51953125 0.509375 0.053125 0.040625
0 0.51484375 0.553125 0.053125 0.040625
0 0.49296875 0.590625 0.053125 0.040625
0 0.51171875 0.62890625 0.053125 0.040625
0 0.4859375 0.66328125 0.053125 0.040625
0 0.4984375 0.7046875 0.053125 0.040625
0 0.525 0.73515625 0.053125 0.040625
0 0.553125 0.25 0.053125 0.04375
0 0.5484375 0.296875 0.0546875 0.0421875
0 0.56171875 0.334375 0.05625 0.0453125
0 0.56015625 0.38984375 0.0546875 0.0421875
0 0.58046875 0.43046875 0.053125 0.040625
0 0.57265625 0.4921875 0.053125 0.040625
0 0.565625 0.5390625 0.0515625 0.040625
0 0.56328125 0.58046875 0.05625 0.040625
0 0.57109375 0.625 0.05625 0.0421875
0 0.54609375 0.665625 0.0546875 0.040625
0 0.5484375 0.69453125 0.0546875 0.034375
0 0.578125 0.73046875 0.0484375 0.0375
0 0.61640625 0.1875 0.053125 0.0421875
0 0.6015625 0.2328125 0.053125 0.040625
0 0.6109375 0.271875 0.053125 0.04375
0 0.60234375 0.32109375 0.053125 0.040625
0 0.60625 0.36171875 0.05625 0.0421875
0 0.6234375 0.4015625 0.053125 0.0421875
0 0.61640625 0.4671875 0.053125 0.040625
0 0.6265625 0.5171875 0.05 0.040625
0 0.62265625 0.5640625 0.0515625 0.040625
0 0.61796875 0.60625 0.053125 0.040625
0 0.60078125 0.6546875 0.053125 0.040625
0 0.60859375 0.69375 0.0515625 0.0375
0 0.6265625 0.73046875 0.05 0.040625
0 0.6828125 0.17421875 0.0546875 0.0421875
0 0.66484375 0.209375 0.053125 0.0390625
0 0.6640625 0.246875 0.0546875 0.04375
0 0.6625 0.315625 0.053125 0.0421875
0 0.653125 0.3609375 0.05 0.0421875
0 0.68515625 0.41484375 0.053125 0.0421875
0 0.6828125 0.4578125 0.0546875 0.0421875
0 0.675 0.50078125 0.053125 0.040625
0 0.67109375 0.54765625 0.0515625 0.040625
0 0.65625 0.5828125 0.05 0.0375
0 0.66875 0.6296875 0.053125 0.040625
0 0.65078125 0.66796875 0.053125 0.040625
0 0.66640625 0.70390625 0.053125 0.040625
0 0.7453125 0.1640625 0.053125 0.0390625
0 0.715625 0.23359375 0.053125 0.04375
0 0.72265625 0.2859375 0.0546875 0.04375
0 0.72578125 0.33984375 0.0546875 0.04375
0 0.71640625 0.3859375 0.053125 0.040625
0 0.73359375 0.43984375 0.0515625 0.0421875
0 0.72109375 0.48046875 0.0515625 0.040625
0 0.71328125 0.5234375 0.053125 0.040625
0 0.72109375 0.57421875 0.053125 0.040625
0 0.71328125 0.6109375 0.053125 0.040625
0 0.7203125 0.65078125 0.0515625 0.0390625
0 0.734375 0.6890625 0.046875 0.0375
0 0.7140625 0.74375 0.05 0.0375
0 0.77890625 0.20703125 0.0515625 0.0421875
0 0.759375 0.246875 0.0515625 0.040625
0 0.78515625 0.2890625 0.05 0.040625
0 0.78671875 0.3328125 0.05 0.040625
0 0.765625 0.37421875 0.05 0.040625
0 0.7546875 0.41484375 0.0515625 0.040625
0 0.76953125 0.4640625 0.05 0.040625
0 0.7703125 0.50625 0.053125 0.040625
0 0.77265625 0.553125 0.05 0.0375
0 0.76171875 0.59453125 0.0625 0.0390625
0 0.77421875 0.63359375 0.053125 0.040625
0 0.78046875 0.66796875 0.05 0.0375
0 0.76875 0.725 0.05 0.0375