0 0.53203125 0.31875 0.0375 0.05
0 0.58046875 0.359375 0.0421875 0.05625
0 0.528125 0.37265625 0.040625 0.0546875
0 0.4484375 0.359375 0.0375 0.0515625
0 0.3453125 0.35546875 0.040625 0.053125
0 0.603125 0.409375 0.04375 0.05625
0 0.559375 0.40859375 0.0421875 0.0546875
0 0.51953125 0.42890625 0.040625 0.0546875
0 0.478125 0.4078125 0.040625 0.053125
0 0.42109375 0.41015625 0.040625 0.053125
0 0.38203125 0.39140625 0.040625 0.0546875
0 0.3453125 0.421875 0.040625 0.05625
0 0.31328125 0.3859375 0.040625 0.053125
0 0.27265625 0.4109375 0.040625 0.05
0 0.721875 0.44375 0.0390625 0.0546875
0 0.6109375 0.4734375 0.04375 0.0546875
0 0.559375 0.46796875 0.040625 0.053125
0 0.5234375 0.48828125 0.040625 0.053125
0 0.4890625 0.4625 0.0390625 0.053125
0 0.44609375 0.45625 0.040625 0.053125
0 0.38125 0.4546875 0.0375 0.05625
0 0.30234375 0.44609375 0.040625 0.05625
0 0.246875 0.46484375 0.040625 0.0546875
0 0.72890625 0.50625 0.040625 0.053125
0 0.68125 0.5046875 0.0421875 0.053125
0 0.6359375 0.5171875 0.04375 0.0546875
0 0.58046875 0.51640625 0.0421875 0.053125
0 0.54140625 0.54453125 0.04375 0.053125
0 0.490625 0.51953125 0.040625 0.053125
0 0.446875 0.51484375 0.040625 0.053125
0 0.409375 0.49296875 0.040625 0.053125
0 0.37109375 0.51171875 0.040625 0.053125
0 0.33671875 0.4859375 0.040625 0.053125
0 0.2953125 0.4984375 0.040625 0.053125
0 0.26484375 0.525 0.040625 0.053125
0 0.75 0.553125 0.04375 0.053125
0 0.703125 0.5484375 0.0421875 0.0546875
0 0.665625 0.56171875 0.0453125 0.05625
0 0.61015625 0.56015625 0.0421875 0.0546875
0 0.56953125 0.58046875 0.040625 0.053125
0 0.5078125 0.57265625 0.040625 0.053125
0 0.4609375 0.565625 0.040625 0.0515625
0 0.41953125 0.56328125 0.040625 0.05625
0 0.375 0.57109375 0.0421875 0.05625
0 0.334375 0.54609375 0.040625 0.0546875
0 0.30546875 0.5484375 0.034375 0.0546875
0 0.26953125 0.578125 0.0375 0.0484375
0 0.8125 0.61640625 0.0421875 0.053125
0 0.7671875 0.6015625 0.040625 0.053125
0 0.728125 0.6109375 0.04375 0.053125
0 0.67890625 0.60234375 0.040625 0.053125
0 0.63828125 0.60625 0.0421875 0.05625
0 0.5984375 0.6234375 0.0421875 0.053125
0 0.5328125 0.61640625 0.040625 0.053125
0 0.4828125 0.6265625 0.040625 0.05
0 0.4359375 0.62265625 0.040625 0.0515625
0 0.39375 0.61796875 0.040625 0.053125
0 0.3453125 0.60078125 0.040625 0.053125
0 0.30625 0.60859375 0.0375 0.0515625
0 0.26953125 0.6265625 0.040625 0.05
0 0.82578125 0.6828125 0.0421875 0.0546875
0 0.790625 0.66484375 0.0390625 0.053125
0 0.753125 0.6640625 0.04375 0.0546875
0 0.684375 0.6625 0.0421875 0.053125
0 0.6390625 0.653125 0.0421875 0.05
0 0.58515625 0.68515625 0.0421875 0.053125
0 0.5421875 0.6828125 0.0421875 0.0546875
0 0.49921875 0.675 0.040625 0.053125
0 0.45234375 0.67109375 0.040625 0.0515625
0 0.4171875 0.65625 0.0375 0.05
0 0.3703125 0.66875 0.040625 0.053125
0 0.33203125 0.65078125 0.040625 0.053125
0 0.29609375 0.66640625 0.040625 0.053125
0 0.8359375 0.7453125 0.0390625 0.053125
0 0.76640625 0.715625 0.04375 0.053125
0 0.7140625 0.72265625 0.04375 0.0546875
0 0.66015625 0.72578125 0.04375 0.0546875
0 0.6140625 0.71640625 0.040625 0.053125
0 0.56015625 0.73359375 0.0421875 0.0515625
0 0.51953125 0.72109375 0.040625 0.0515625
0 0.4765625 0.71328125 0.040625 0.053125
0 0.42578125 0.72109375 0.040625 0.053125
0 0.3890625 0.71328125 0.040625 0.053125
0 0.34921875 0.7203125 0.0390625 0.0515625
0 0.3109375 0.734375 0.0375 0.046875
0 0.25625 0.7140625 0.0375 0.05
0 0.79296875 0.77890625 0.0421875 0.0515625
0 0.753125 0.759375 0.040625 0.0515625
0 0.7109375 0.78515625 0.040625 0.05
0 0.6671875 0.78671875 0.040625 0.05
0 0.62578125 0.765625 0.040625 0.05
0 0.58515625 0.7546875 0.040625 0.0515625
0 0.5359375 0.76953125 0.040625 0.05
0 0.49375 0.7703125 0.040625 0.053125
0 0.446875 0.77265625 0.0375 0.05
0 0.40546875 0.76171875 0.0390625 0.0625
0 0.36640625 0.77421875 0.040625 0.053125
0 0.33203125 0.78046875 0.0375 0.05
0 0.275 0.76875 0.0375 0.05