0 0.29453125 0.39921875 0.059375 0.0453125
0 0.27265625 0.4421875 0.059375 0.04375
0 0.246875 0.48046875 0.05625 0.0421875
0 0.2265625 0.5265625 0.059375 0.0421875
0 0.20703125 0.5703125 0.0625 0.04375
0 0.20078125 0.6171875 0.05625 0.04375
0 0.3578125 0.396875 0.059375 0.0453125
0 0.3296875 0.4375 0.059375 0.04375
0 0.30234375 0.47890625 0.065625 0.0453125
0 0.28515625 0.51796875 0.059375 0.04375
0 0.2640625 0.56015625 0.05625 0.04375
0 0.25625 0.6109375 0.059375 0.04375
0 0.23515625 0.65625 0.0625 0.04375
0 0.45390625 0.3328125 0.0625 0.0453125
0 0.4296875 0.375 0.0625 0.046875
0 0.40546875 0.41796875 0.059375 0.0453125
0 0.38828125 0.46015625 0.059375 0.0453125
0 0.35078125 0.503125 0.0625 0.046875
0 0.32734375 0.5421875 0.0625 0.046875
0 0.30234375 0.5890625 0.0625 0.0453125
0 0.296875 0.6453125 0.059375 0.040625
0 0.28828125 0.696875 0.059375 0.04375
0 0.34140625 0.6234375 0.059375 0.04375
0 0.33671875 0.67890625 0.059375 0.04375
0 0.340625 0.72265625 0.059375 0.04375
0 0.38515625 0.5546875 0.065625 0.046875
0 0.3921875 0.59140625 0.0625 0.04375
0 0.38046875 0.6625 0.0625 0.04375
0 0.39140625 0.69921875 0.059375 0.040625
0 0.39453125 0.753125 0.059375 0.046875
0 0.4953125 0.37421875 0.0625 0.046875
0 0.484375 0.4265625 0.065625 0.0484375
0 0.44765625 0.46171875 0.0625 0.046875
0 0.42578125 0.51328125 0.0625 0.046875
0 0.4515625 0.553125 0.059375 0.046875
0 0.4484375 0.6015625 0.059375 0.04375
0 0.44609375 0.66328125 0.0625 0.046875
0 0.4484375 0.7015625 0.059375 0.0421875
0 0.45546875 0.75625 0.059375 0.0453125
0 0.54453125 0.3484375 0.059375 0.04375
0 0.54765625 0.39765625 0.0625 0.046875
0 0.50859375 0.46875 0.0625 0.046875
0 0.48671875 0.51875 0.0625 0.046875
0 0.51171875 0.5609375 0.059375 0.0453125
0 0.5078125 0.609375 0.059375 0.0453125
0 0.50859375 0.653125 0.0625 0.04375
0 0.50859375 0.69375 0.059375 0.040625
0 0.5125 0.7296875 0.059375 0.040625
0 0.609375 0.365625 0.0625 0.046875
0 0.61640625 0.41484375 0.0625 0.046875
0 0.5671875 0.4421875 0.0625 0.0484375
0 0.54921875 0.5046875 0.0625 0.046875
0 0.6015625 0.48046875 0.0625 0.0484375
0 0.57578125 0.5453125 0.0625 0.0453125
0 0.56171875 0.590625 0.0625 0.046875
0 0.5609375 0.6328125 0.0625 0.04375
0 0.56015625 0.6765625 0.059375 0.04375
0 0.56640625 0.721875 0.059375 0.046875
0 0.63046875 0.521875 0.0625 0.046875
0 0.61953125 0.615625 0.0625 0.046875
0 0.61796875 0.6640625 0.065625 0.046875
0 0.61953125 0.70390625 0.059375 0.04375
0 0.67109375 0.3875 0.065625 0.046875
0 0.65703125 0.4515625 0.065625 0.0484375
0 0.6890625 0.49453125 0.0625 0.05
0 0.690625 0.540625 0.0625 0.046875
0 0.66796875 0.5875 0.0625 0.046875
0 0.671875 0.63359375 0.0625 0.04375
0 0.66484375 0.675 0.0625 0.04375
0 0.70859375 0.4265625 0.0625 0.046875
0 0.734375 0.46875 0.0625 0.046875
0 0.74609375 0.515625 0.0625 0.05
0 0.73984375 0.559375 0.05625 0.04375
0 0.72109375 0.6078125 0.059375 0.046875