0 0.29453125 0.60078125 0.059375 0.0453125
0 0.27265625 0.5578125 0.059375 0.04375
0 0.246875 0.51953125 0.05625 0.0421875
0 0.2265625 0.4734375 0.059375 0.0421875
0 0.20703125 0.4296875 0.0625 0.04375
0 0.20078125 0.3828125 0.05625 0.04375
0 0.3578125 0.603125 0.059375 0.0453125
0 0.3296875 0.5625 0.059375 0.04375
0 0.30234375 0.52109375 0.065625 0.0453125
0 0.28515625 0.48203125 0.059375 0.04375
0 0.2640625 0.43984375 0.05625 0.04375
0 0.25625 0.3890625 0.059375 0.04375
0 0.23515625 0.34375 0.0625 0.04375
0 0.45390625 0.6671875 0.0625 0.0453125
0 0.4296875 0.625 0.0625 0.046875
0 0.40546875 0.58203125 0.059375 0.0453125
0 0.38828125 0.53984375 0.059375 0.0453125
0 0.35078125 0.496875 0.0625 0.046875
0 0.32734375 0.4578125 0.0625 0.046875
0 0.30234375 0.4109375 0.0625 0.0453125
0 0.296875 0.3546875 0.059375 0.040625
0 0.28828125 0.303125 0.059375 0.04375
0 0.34140625 0.3765625 0.059375 0.04375
0 0.33671875 0.32109375 0.059375 0.04375
0 0.340625 0.27734375 0.059375 0.04375
0 0.38515625 0.4453125 0.065625 0.046875
0 0.3921875 0.40859375 0.0625 0.04375
0 0.38046875 0.3375 0.0625 0.04375
0 0.39140625 0.30078125 0.059375 0.040625
0 0.39453125 0.246875 0.059375 0.046875
0 0.4953125 0.62578125 0.0625 0.046875
0 0.484375 0.5734375 0.065625 0.0484375
0 0.44765625 0.53828125 0.0625 0.046875
0 0.42578125 0.48671875 0.0625 0.046875
0 0.4515625 0.446875 0.059375 0.046875
0 0.4484375 0.3984375 0.059375 0.04375
0 0.44609375 0.33671875 0.0625 0.046875
0 0.4484375 0.2984375 0.059375 0.0421875
0 0.45546875 0.24375 0.059375 0.0453125
0 0.54453125 0.6515625 0.059375 0.04375
0 0.54765625 0.60234375 0.0625 0.046875
0 0.50859375 0.53125 0.0625 0.046875
0 0.48671875 0.48125 0.0625 0.046875
0 0.51171875 0.4390625 0.059375 0.0453125
0 0.5078125 0.390625 0.059375 0.0453125
0 0.50859375 0.346875 0.0625 0.04375
0 0.50859375 0.30625 0.059375 0.040625
0 0.5125 0.2703125 0.059375 0.040625
0 0.609375 0.634375 0.0625 0.046875
0 0.61640625 0.58515625 0.0625 0.046875
0 0.5671875 0.5578125 0.0625 0.0484375
0 0.54921875 0.4953125 0.0625 0.046875
0 0.6015625 0.51953125 0.0625 0.0484375
0 0.57578125 0.4546875 0.0625 0.0453125
0 0.56171875 0.409375 0.0625 0.046875
0 0.5609375 0.3671875 0.0625 0.04375
0 0.56015625 0.3234375 0.059375 0.04375
0 0.56640625 0.278125 0.059375 0.046875
0 0.63046875 0.478125 0.0625 0.046875
0 0.61953125 0.384375 0.0625 0.046875
0 0.61796875 0.3359375 0.065625 0.046875
0 0.61953125 0.29609375 0.059375 0.04375
0 0.67109375 0.6125 0.065625 0.046875
0 0.65703125 0.5484375 0.065625 0.0484375
0 0.6890625 0.50546875 0.0625 0.05
0 0.690625 0.459375 0.0625 0.046875
0 0.66796875 0.4125 0.0625 0.046875
0 0.671875 0.36640625 0.0625 0.04375
0 0.66484375 0.325 0.0625 0.04375
0 0.70859375 0.5734375 0.0625 0.046875
0 0.734375 0.53125 0.0625 0.046875
0 0.74609375 0.484375 0.0625 0.05
0 0.73984375 0.440625 0.05625 0.04375
0 0.72109375 0.3921875 0.059375 0.046875