0 0.6625 0.32421875 0.040625 0.05625
0 0.65625 0.38515625 0.040625 0.053125
0 0.65 0.44296875 0.040625 0.053125
0 0.671875 0.49140625 0.04375 0.053125
0 0.68125 0.54609375 0.04375 0.05625
0 0.66640625 0.68046875 0.04375 0.059375
0 0.659375 0.61328125 0.040625 0.053125
0 0.628125 0.29453125 0.040625 0.053125
0 0.6265625 0.34609375 0.040625 0.05625
0 0.6203125 0.409375 0.040625 0.053125
0 0.6125 0.46015625 0.040625 0.053125
0 0.6328125 0.50546875 0.0421875 0.053125
0 0.640625 0.56484375 0.04375 0.05625
0 0.6171875 0.615625 0.040625 0.05625
0 0.6234375 0.66953125 0.0421875 0.053125
0 0.6296875 0.72734375 0.040625 0.05625
0 0.59375 0.25859375 0.040625 0.053125
0 0.590625 0.31484375 0.040625 0.05625
0 0.5890625 0.36953125 0.0375 0.053125
0 0.575 0.4296875 0.040625 0.053125
0 0.57265625 0.484375 0.040625 0.053125
0 0.5875 0.53125 0.0421875 0.053125
0 0.5796875 0.58671875 0.040625 0.053125
0 0.5796875 0.640625 0.040625 0.053125
0 0.5859375 0.696875 0.040625 0.05625
0 0.59140625 0.76640625 0.0421875 0.053125
0 0.55625 0.234375 0.040625 0.053125
0 0.55 0.2875 0.040625 0.053125
0 0.54375 0.34765625 0.040625 0.053125
0 0.5359375 0.40078125 0.040625 0.053125
0 0.5375 0.45546875 0.040625 0.053125
0 0.5296875 0.50625 0.040625 0.053125
0 0.53046875 0.5609375 0.0390625 0.05
0 0.54609375 0.6109375 0.040625 0.053125
0 0.5453125 0.66640625 0.040625 0.053125
0 0.5484375 0.71875 0.0375 0.05625
0 0.5640625 0.78828125 0.0375 0.053125
0 0.51875 0.22265625 0.0390625 0.053125
0 0.5109375 0.275 0.0375 0.053125
0 0.5 0.36796875 0.0375 0.053125
0 0.5 0.42109375 0.0375 0.05
0 0.50078125 0.47421875 0.0390625 0.053125
0 0.4875 0.52421875 0.0375 0.053125
0 0.49296875 0.5765625 0.0375 0.053125
0 0.509375 0.63046875 0.0375 0.053125
0 0.509375 0.68671875 0.040625 0.053125
0 0.5140625 0.7390625 0.0375 0.05625
0 0.521875 0.790625 0.0390625 0.053125
0 0.4765625 0.215625 0.0375 0.05
0 0.4734375 0.2703125 0.0375 0.05625
0 0.484375 0.31953125 0.0375 0.05
0 0.4359375 0.23359375 0.034375 0.05
0 0.4359375 0.28671875 0.034375 0.053125
0 0.4515625 0.34765625 0.0375 0.053125
0 0.465625 0.396875 0.0359375 0.053125
0 0.4625 0.4546875 0.0359375 0.053125
0 0.45078125 0.50390625 0.0359375 0.053125
0 0.4578125 0.55703125 0.0359375 0.053125
0 0.46640625 0.60859375 0.034375 0.053125
0 0.47734375 0.65859375 0.0359375 0.053125
0 0.478125 0.715625 0.0375 0.053125
0 0.4796875 0.77109375 0.0390625 0.053125
0 0.4875 0.82265625 0.0375 0.053125
0 0.40234375 0.26328125 0.034375 0.053125
0 0.409375 0.325 0.034375 0.053125
0 0.415625 0.37734375 0.034375 0.053125
0 0.43046875 0.4265625 0.0375 0.05
0 0.415625 0.4765625 0.034375 0.05
0 0.41953125 0.5359375 0.0375 0.05
0 0.428125 0.58984375 0.0359375 0.05
0 0.4359375 0.64140625 0.0359375 0.05
0 0.440625 0.69296875 0.0375 0.053125
0 0.4421875 0.74921875 0.0375 0.05
0 0.45 0.8109375 0.0375 0.053125
0 0.371875 0.29609375 0.034375 0.05
0 0.38125 0.3578125 0.0359375 0.05
0 0.390625 0.41640625 0.0328125 0.05
0 0.38515625 0.5171875 0.0359375 0.05
0 0.3921875 0.56796875 0.0375 0.05
0 0.39921875 0.6203125 0.0359375 0.05
0 0.40625 0.67109375 0.0375 0.05
0 0.409375 0.721875 0.034375 0.05
0 0.41328125 0.7953125 0.0359375 0.05
0 0.3484375 0.3359375 0.034375 0.05
0 0.3578125 0.3953125 0.034375 0.05
0 0.359375 0.44609375 0.034375 0.053125
0 0.35078125 0.49609375 0.034375 0.05
0 0.35625 0.5515625 0.0359375 0.05
0 0.36484375 0.60078125 0.034375 0.05
0 0.36875 0.6515625 0.034375 0.05
0 0.375 0.703125 0.034375 0.053125
0 0.38203125 0.76484375 0.0359375 0.05
0 0.3265625 0.37421875 0.0328125 0.046875
0 0.325 0.42578125 0.034375 0.05
0 0.3171875 0.47578125 0.034375 0.046875
0 0.325 0.53046875 0.0328125 0.05
0 0.3296875 0.58203125 0.034375 0.046875
0 0.3359375 0.63046875 0.0359375 0.05
0 0.34375 0.68515625 0.034375 0.05
0 0.35234375 0.73359375 0.034375 0.05