0 0.6625 0.67578125 0.040625 0.05625
0 0.65625 0.61484375 0.040625 0.053125
0 0.65 0.55703125 0.040625 0.053125
0 0.671875 0.50859375 0.04375 0.053125
0 0.68125 0.45390625 0.04375 0.05625
0 0.66640625 0.31953125 0.04375 0.059375
0 0.659375 0.38671875 0.040625 0.053125
0 0.628125 0.70546875 0.040625 0.053125
0 0.6265625 0.65390625 0.040625 0.05625
0 0.6203125 0.590625 0.040625 0.053125
0 0.6125 0.53984375 0.040625 0.053125
0 0.6328125 0.49453125 0.0421875 0.053125
0 0.640625 0.43515625 0.04375 0.05625
0 0.6171875 0.384375 0.040625 0.05625
0 0.6234375 0.33046875 0.0421875 0.053125
0 0.6296875 0.27265625 0.040625 0.05625
0 0.59375 0.74140625 0.040625 0.053125
0 0.590625 0.68515625 0.040625 0.05625
0 0.5890625 0.63046875 0.0375 0.053125
0 0.575 0.5703125 0.040625 0.053125
0 0.57265625 0.515625 0.040625 0.053125
0 0.5875 0.46875 0.0421875 0.053125
0 0.5796875 0.41328125 0.040625 0.053125
0 0.5796875 0.359375 0.040625 0.053125
0 0.5859375 0.303125 0.040625 0.05625
0 0.59140625 0.23359375 0.0421875 0.053125
0 0.55625 0.765625 0.040625 0.053125
0 0.55 0.7125 0.040625 0.053125
0 0.54375 0.65234375 0.040625 0.053125
0 0.5359375 0.59921875 0.040625 0.053125
0 0.5375 0.54453125 0.040625 0.053125
0 0.5296875 0.49375 0.040625 0.053125
0 0.53046875 0.4390625 0.0390625 0.05
0 0.54609375 0.3890625 0.040625 0.053125
0 0.5453125 0.33359375 0.040625 0.053125
0 0.5484375 0.28125 0.0375 0.05625
0 0.5640625 0.21171875 0.0375 0.053125
0 0.51875 0.77734375 0.0390625 0.053125
0 0.5109375 0.725 0.0375 0.053125
0 0.5 0.63203125 0.0375 0.053125
0 0.5 0.57890625 0.0375 0.05
0 0.50078125 0.52578125 0.0390625 0.053125
0 0.4875 0.47578125 0.0375 0.053125
0 0.49296875 0.4234375 0.0375 0.053125
0 0.509375 0.36953125 0.0375 0.053125
0 0.509375 0.31328125 0.040625 0.053125
0 0.5140625 0.2609375 0.0375 0.05625
0 0.521875 0.209375 0.0390625 0.053125
0 0.4765625 0.784375 0.0375 0.05
0 0.4734375 0.7296875 0.0375 0.05625
0 0.484375 0.68046875 0.0375 0.05
0 0.4359375 0.76640625 0.034375 0.05
0 0.4359375 0.71328125 0.034375 0.053125
0 0.4515625 0.65234375 0.0375 0.053125
0 0.465625 0.603125 0.0359375 0.053125
0 0.4625 0.5453125 0.0359375 0.053125
0 0.45078125 0.49609375 0.0359375 0.053125
0 0.4578125 0.44296875 0.0359375 0.053125
0 0.46640625 0.39140625 0.034375 0.053125
0 0.47734375 0.34140625 0.0359375 0.053125
0 0.478125 0.284375 0.0375 0.053125
0 0.4796875 0.22890625 0.0390625 0.053125
0 0.4875 0.17734375 0.0375 0.053125
0 0.40234375 0.73671875 0.034375 0.053125
0 0.409375 0.675 0.034375 0.053125
0 0.415625 0.62265625 0.034375 0.053125
0 0.43046875 0.5734375 0.0375 0.05
0 0.415625 0.5234375 0.034375 0.05
0 0.41953125 0.4640625 0.0375 0.05
0 0.428125 0.41015625 0.0359375 0.05
0 0.4359375 0.35859375 0.0359375 0.05
0 0.440625 0.30703125 0.0375 0.053125
0 0.4421875 0.25078125 0.0375 0.05
0 0.45 0.1890625 0.0375 0.053125
0 0.371875 0.70390625 0.034375 0.05
0 0.38125 0.6421875 0.0359375 0.05
0 0.390625 0.58359375 0.0328125 0.05
0 0.38515625 0.4828125 0.0359375 0.05
0 0.3921875 0.43203125 0.0375 0.05
0 0.39921875 0.3796875 0.0359375 0.05
0 0.40625 0.32890625 0.0375 0.05
0 0.409375 0.278125 0.034375 0.05
0 0.41328125 0.2046875 0.0359375 0.05
0 0.3484375 0.6640625 0.034375 0.05
0 0.3578125 0.6046875 0.034375 0.05
0 0.359375 0.55390625 0.034375 0.053125
0 0.35078125 0.50390625 0.034375 0.05
0 0.35625 0.4484375 0.0359375 0.05
0 0.36484375 0.39921875 0.034375 0.05
0 0.36875 0.3484375 0.034375 0.05
0 0.375 0.296875 0.034375 0.053125
0 0.38203125 0.23515625 0.0359375 0.05
0 0.3265625 0.62578125 0.0328125 0.046875
0 0.325 0.57421875 0.034375 0.05
0 0.3171875 0.52421875 0.034375 0.046875
0 0.325 0.46953125 0.0328125 0.05
0 0.3296875 0.41796875 0.034375 0.046875
0 0.3359375 0.36953125 0.0359375 0.05
0 0.34375 0.31484375 0.034375 0.05
0 0.35234375 0.26640625 0.034375 0.05