0 0.67578125 0.3375 0.05625 0.040625
0 0.61484375 0.34375 0.053125 0.040625
0 0.55703125 0.35 0.053125 0.040625
0 0.50859375 0.328125 0.053125 0.04375
0 0.45390625 0.31875 0.05625 0.04375
0 0.31953125 0.33359375 0.059375 0.04375
0 0.38671875 0.340625 0.053125 0.040625
0 0.70546875 0.371875 0.053125 0.040625
0 0.65390625 0.3734375 0.05625 0.040625
0 0.590625 0.3796875 0.053125 0.040625
0 0.53984375 0.3875 0.053125 0.040625
0 0.49453125 0.3671875 0.053125 0.0421875
0 0.43515625 0.359375 0.05625 0.04375
0 0.384375 0.3828125 0.05625 0.040625
0 0.33046875 0.3765625 0.053125 0.0421875
0 0.27265625 0.3703125 0.05625 0.040625
0 0.74140625 0.40625 0.053125 0.040625
0 0.68515625 0.409375 0.05625 0.040625
0 0.63046875 0.4109375 0.053125 0.0375
0 0.5703125 0.425 0.053125 0.040625
0 0.515625 0.42734375 0.053125 0.040625
0 0.46875 0.4125 0.053125 0.0421875
0 0.41328125 0.4203125 0.053125 0.040625
0 0.359375 0.4203125 0.053125 0.040625
0 0.303125 0.4140625 0.05625 0.040625
0 0.23359375 0.40859375 0.053125 0.0421875
0 0.765625 0.44375 0.053125 0.040625
0 0.7125 0.45 0.053125 0.040625
0 0.65234375 0.45625 0.053125 0.040625
0 0.59921875 0.4640625 0.053125 0.040625
0 0.54453125 0.4625 0.053125 0.040625
0 0.49375 0.4703125 0.053125 0.040625
0 0.4390625 0.46953125 0.05 0.0390625
0 0.3890625 0.45390625 0.053125 0.040625
0 0.33359375 0.4546875 0.053125 0.040625
0 0.28125 0.4515625 0.05625 0.0375
0 0.21171875 0.4359375 0.053125 0.0375
0 0.77734375 0.48125 0.053125 0.0390625
0 0.725 0.4890625 0.053125 0.0375
0 0.63203125 0.5 0.053125 0.0375
0 0.57890625 0.5 0.05 0.0375
0 0.52578125 0.49921875 0.053125 0.0390625
0 0.47578125 0.5125 0.053125 0.0375
0 0.4234375 0.50703125 0.053125 0.0375
0 0.36953125 0.490625 0.053125 0.0375
0 0.31328125 0.490625 0.053125 0.040625
0 0.2609375 0.4859375 0.05625 0.0375
0 0.209375 0.478125 0.053125 0.0390625
0 0.784375 0.5234375 0.05 0.0375
0 0.7296875 0.5265625 0.05625 0.0375
0 0.68046875 0.515625 0.05 0.0375
0 0.76640625 0.5640625 0.05 0.034375
0 0.71328125 0.5640625 0.053125 0.034375
0 0.65234375 0.5484375 0.053125 0.0375
0 0.603125 0.534375 0.053125 0.0359375
0 0.5453125 0.5375 0.053125 0.0359375
0 0.49609375 0.54921875 0.053125 0.0359375
0 0.44296875 0.5421875 0.053125 0.0359375
0 0.39140625 0.53359375 0.053125 0.034375
0 0.34140625 0.52265625 0.053125 0.0359375
0 0.284375 0.521875 0.053125 0.0375
0 0.22890625 0.5203125 0.053125 0.0390625
0 0.17734375 0.5125 0.053125 0.0375
0 0.73671875 0.59765625 0.053125 0.034375
0 0.675 0.590625 0.053125 0.034375
0 0.62265625 0.584375 0.053125 0.034375
0 0.5734375 0.56953125 0.05 0.0375
0 0.5234375 0.584375 0.05 0.034375
0 0.4640625 0.58046875 0.05 0.0375
0 0.41015625 0.571875 0.05 0.0359375
0 0.35859375 0.5640625 0.05 0.0359375
0 0.30703125 0.559375 0.053125 0.0375
0 0.25078125 0.5578125 0.05 0.0375
0 0.1890625 0.55 0.053125 0.0375
0 0.70390625 0.628125 0.05 0.034375
0 0.6421875 0.61875 0.05 0.0359375
0 0.58359375 0.609375 0.05 0.0328125
0 0.4828125 0.61484375 0.05 0.0359375
0 0.43203125 0.6078125 0.05 0.0375
0 0.3796875 0.60078125 0.05 0.0359375
0 0.32890625 0.59375 0.05 0.0375
0 0.278125 0.590625 0.05 0.034375
0 0.2046875 0.58671875 0.05 0.0359375
0 0.6640625 0.6515625 0.05 0.034375
0 0.6046875 0.6421875 0.05 0.034375
0 0.55390625 0.640625 0.053125 0.034375
0 0.50390625 0.64921875 0.05 0.034375
0 0.4484375 0.64375 0.05 0.0359375
0 0.39921875 0.63515625 0.05 0.034375
0 0.3484375 0.63125 0.05 0.034375
0 0.296875 0.625 0.053125 0.034375
0 0.23515625 0.61796875 0.05 0.0359375
0 0.62578125 0.6734375 0.046875 0.0328125
0 0.57421875 0.675 0.05 0.034375
0 0.52421875 0.6828125 0.046875 0.034375
0 0.46953125 0.675 0.05 0.0328125
0 0.41796875 0.6703125 0.046875 0.034375
0 0.36953125 0.6640625 0.05 0.0359375
0 0.31484375 0.65625 0.05 0.034375
0 0.26640625 0.64765625 0.05 0.034375