0 0.6640625 0.72734375 0.0703125 0.09375
0 0.6578125 0.6328125 0.071875 0.090625
0 0.65859375 0.54296875 0.071875 0.090625
0 0.6578125 0.44921875 0.0734375 0.09375
0 0.65703125 0.3578125 0.071875 0.090625
0 0.65625 0.26484375 0.06875 0.09375
0 0.603125 0.771875 0.06875 0.090625
0 0.6 0.68359375 0.06875 0.090625
0 0.596875 0.58515625 0.0703125 0.09375
0 0.59765625 0.49453125 0.06875 0.09375
0 0.5953125 0.40234375 0.06875 0.090625
0 0.59609375 0.3109375 0.06875 0.090625
0 0.6 0.21484375 0.06875 0.09375
0 0.54296875 0.81796875 0.06875 0.09375
0 0.5375 0.72578125 0.06875 0.09375
0 0.53984375 0.63359375 0.06875 0.090625
0 0.53828125 0.53984375 0.06875 0.09375
0 0.5375 0.446875 0.06875 0.09375
0 0.5359375 0.3546875 0.06875 0.09375
0 0.5390625 0.25859375 0.06875 0.09375
0 0.54296875 0.16875 0.0671875 0.090625
0 0.484375 0.8640625 0.065625 0.09375
0 0.47890625 0.7703125 0.0671875 0.09375
0 0.4796875 0.67734375 0.06875 0.090625
0 0.48046875 0.58671875 0.0671875 0.090625
0 0.4796875 0.4953125 0.065625 0.090625
0 0.478125 0.40078125 0.065625 0.09375
0 0.4796875 0.3046875 0.06875 0.09375
0 0.4796875 0.2125 0.06875 0.090625
0 0.4828125 0.11796875 0.06875 0.0875
0 0.425 0.91015625 0.06875 0.090625
0 0.41796875 0.8171875 0.06875 0.09375
0 0.41953125 0.72421875 0.0671875 0.09375
0 0.4203125 0.63203125 0.0671875 0.090625
0 0.421875 0.5421875 0.0671875 0.0875
0 0.421875 0.44921875 0.065625 0.09375
0 0.421875 0.35234375 0.065625 0.09375
0 0.42109375 0.26015625 0.0671875 0.09375
0 0.421875 0.165625 0.06875 0.090625
0 0.4234375 0.071875 0.0671875 0.09375
0 0.3671875 0.94921875 0.065625 0.090625
0 0.36015625 0.85859375 0.0671875 0.0921875
0 0.3625 0.76875 0.065625 0.09375
0 0.3625 0.67734375 0.065625 0.09375
0 0.3640625 0.58671875 0.065625 0.090625
0 0.3640625 0.49453125 0.06875 0.09375
0 0.36171875 0.4 0.065625 0.090625
0 0.3625 0.30625 0.065625 0.090625
0 0.359375 0.2140625 0.065625 0.09375
0 0.3609375 0.11796875 0.0671875 0.09375
0 0.36484375 0.0359375 0.065625 0.06875
0 0.309375 0.909375 0.065625 0.090625
0 0.303125 0.81953125 0.0640625 0.090625
0 0.30390625 0.73046875 0.0640625 0.0875
0 0.3015625 0.64296875 0.065625 0.090625
0 0.30859375 0.54140625 0.0640625 0.090625
0 0.309375 0.45078125 0.065625 0.090625
0 0.30390625 0.34375 0.065625 0.090625
0 0.2984375 0.24765625 0.065625 0.090625
0 0.3 0.15234375 0.06875 0.09375
0 0.30234375 0.06171875 0.0671875 0.0875
0 0.25 0.865625 0.0625 0.0875
0 0.24765625 0.77265625 0.065625 0.0875
0 0.246875 0.684375 0.0625 0.0875
0 0.25546875 0.58515625 0.0609375 0.0875
0 0.25546875 0.49609375 0.0625 0.090625
0 0.2546875 0.40390625 0.065625 0.090625
0 0.2453125 0.3046875 0.0625 0.0875
0 0.2421875 0.19609375 0.0625 0.0875
0 0.2421875 0.10078125 0.0625 0.084375
0 0.1953125 0.821875 0.0625 0.084375
0 0.1953125 0.7265625 0.0640625 0.0875
0 0.2 0.62734375 0.0625 0.0875
0 0.19765625 0.5390625 0.0640625 0.0875
0 0.19609375 0.4515625 0.065625 0.0875
0 0.20234375 0.36484375 0.0625 0.0875
0 0.1984375 0.25859375 0.0625 0.084375
0 0.1921875 0.15234375 0.0625 0.090625
0 0.14921875 0.76875 0.059375 0.0859375
0 0.14609375 0.6703125 0.0640625 0.0875
0 0.14765625 0.58203125 0.0625 0.0875
0 0.14375 0.49609375 0.0625 0.084375
0 0.146875 0.40703125 0.059375 0.090625
0 0.1453125 0.315625 0.059375 0.090625
0 0.140625 0.20859375 0.0578125 0.084375
0 0.08828125 0.71484375 0.0578125 0.0875
0 0.06875 0.628125 0.0625 0.0875
0 0.09921875 0.53671875 0.0609375 0.084375
0 0.090625 0.44765625 0.0609375 0.090625
0 0.09765625 0.359375 0.0625 0.084375
0 0.084375 0.26640625 0.059375 0.0875
0 0.04765625 0.35078125 0.0484375 0.06875
0 0.034375 0.278125 0.046875 0.071875
0 0.0515625 0.20703125 0.05625 0.065625
0 0.021875 0.18359375 0.040625 0.075
0 0.034375 0.11015625 0.053125 0.071875
0 0.034375 0.03359375 0.0515625 0.065625
0 0.0203125 0.95703125 0.040625 0.071875