0 0.3359375 0.72734375 0.0703125 0.09375
0 0.3421875 0.6328125 0.071875 0.090625
0 0.34140625 0.54296875 0.071875 0.090625
0 0.3421875 0.44921875 0.0734375 0.09375
0 0.34296875 0.3578125 0.071875 0.090625
0 0.34375 0.26484375 0.06875 0.09375
0 0.396875 0.771875 0.06875 0.090625
0 0.4 0.68359375 0.06875 0.090625
0 0.403125 0.58515625 0.0703125 0.09375
0 0.40234375 0.49453125 0.06875 0.09375
0 0.4046875 0.40234375 0.06875 0.090625
0 0.40390625 0.3109375 0.06875 0.090625
0 0.4 0.21484375 0.06875 0.09375
0 0.45703125 0.81796875 0.06875 0.09375
0 0.4625 0.72578125 0.06875 0.09375
0 0.46015625 0.63359375 0.06875 0.090625
0 0.46171875 0.53984375 0.06875 0.09375
0 0.4625 0.446875 0.06875 0.09375
0 0.4640625 0.3546875 0.06875 0.09375
0 0.4609375 0.25859375 0.06875 0.09375
0 0.45703125 0.16875 0.0671875 0.090625
0 0.515625 0.8640625 0.065625 0.09375
0 0.52109375 0.7703125 0.0671875 0.09375
0 0.5203125 0.67734375 0.06875 0.090625
0 0.51953125 0.58671875 0.0671875 0.090625
0 0.5203125 0.4953125 0.065625 0.090625
0 0.521875 0.40078125 0.065625 0.09375
0 0.5203125 0.3046875 0.06875 0.09375
0 0.5203125 0.2125 0.06875 0.090625
0 0.5171875 0.11796875 0.06875 0.0875
0 0.575 0.91015625 0.06875 0.090625
0 0.58203125 0.8171875 0.06875 0.09375
0 0.58046875 0.72421875 0.0671875 0.09375
0 0.5796875 0.63203125 0.0671875 0.090625
0 0.578125 0.5421875 0.0671875 0.0875
0 0.578125 0.44921875 0.065625 0.09375
0 0.578125 0.35234375 0.065625 0.09375
0 0.57890625 0.26015625 0.0671875 0.09375
0 0.578125 0.165625 0.06875 0.090625
0 0.5765625 0.071875 0.0671875 0.09375
0 0.6328125 0.94921875 0.065625 0.090625
0 0.63984375 0.85859375 0.0671875 0.0921875
0 0.6375 0.76875 0.065625 0.09375
0 0.6375 0.67734375 0.065625 0.09375
0 0.6359375 0.58671875 0.065625 0.090625
0 0.6359375 0.49453125 0.06875 0.09375
0 0.63828125 0.4 0.065625 0.090625
0 0.6375 0.30625 0.065625 0.090625
0 0.640625 0.2140625 0.065625 0.09375
0 0.6390625 0.11796875 0.0671875 0.09375
0 0.63515625 0.0359375 0.065625 0.06875
0 0.690625 0.909375 0.065625 0.090625
0 0.696875 0.81953125 0.0640625 0.090625
0 0.69609375 0.73046875 0.0640625 0.0875
0 0.6984375 0.64296875 0.065625 0.090625
0 0.69140625 0.54140625 0.0640625 0.090625
0 0.690625 0.45078125 0.065625 0.090625
0 0.69609375 0.34375 0.065625 0.090625
0 0.7015625 0.24765625 0.065625 0.090625
0 0.7 0.15234375 0.06875 0.09375
0 0.69765625 0.06171875 0.0671875 0.0875
0 0.75 0.865625 0.0625 0.0875
0 0.75234375 0.77265625 0.065625 0.0875
0 0.753125 0.684375 0.0625 0.0875
0 0.74453125 0.58515625 0.0609375 0.0875
0 0.74453125 0.49609375 0.0625 0.090625
0 0.7453125 0.40390625 0.065625 0.090625
0 0.7546875 0.3046875 0.0625 0.0875
0 0.7578125 0.19609375 0.0625 0.0875
0 0.7578125 0.10078125 0.0625 0.084375
0 0.8046875 0.821875 0.0625 0.084375
0 0.8046875 0.7265625 0.0640625 0.0875
0 0.8 0.62734375 0.0625 0.0875
0 0.80234375 0.5390625 0.0640625 0.0875
0 0.80390625 0.4515625 0.065625 0.0875
0 0.79765625 0.36484375 0.0625 0.0875
0 0.8015625 0.25859375 0.0625 0.084375
0 0.8078125 0.15234375 0.0625 0.090625
0 0.85078125 0.76875 0.059375 0.0859375
0 0.85390625 0.6703125 0.0640625 0.0875
0 0.85234375 0.58203125 0.0625 0.0875
0 0.85625 0.49609375 0.0625 0.084375
0 0.853125 0.40703125 0.059375 0.090625
0 0.8546875 0.315625 0.059375 0.090625
0 0.859375 0.20859375 0.0578125 0.084375
0 0.91171875 0.71484375 0.0578125 0.0875
0 0.93125 0.628125 0.0625 0.0875
0 0.90078125 0.53671875 0.0609375 0.084375
0 0.909375 0.44765625 0.0609375 0.090625
0 0.90234375 0.359375 0.0625 0.084375
0 0.915625 0.26640625 0.059375 0.0875
0 0.95234375 0.35078125 0.0484375 0.06875
0 0.965625 0.278125 0.046875 0.071875
0 0.9484375 0.20703125 0.05625 0.065625
0 0.978125 0.18359375 0.040625 0.075
0 0.965625 0.11015625 0.053125 0.071875
0 0.965625 0.03359375 0.0515625 0.065625
0 0.9796875 0.95703125 0.040625 0.071875