0 0.096875 0.31484375 0.0421875 0.053125
0 0.1421875 0.33515625 0.040625 0.053125
0 0.18671875 0.32265625 0.0453125 0.05625
0 0.121875 0.3953125 0.040625 0.05
0 0.1515625 0.428125 0.0421875 0.053125
0 0.3171875 0.3703125 0.040625 0.05
0 0.359375 0.3625 0.040625 0.053125
0 0.28125 0.4203125 0.0390625 0.046875
0 0.328125 0.44296875 0.040625 0.05
0 0.4578125 0.3671875 0.034375 0.046875
0 0.496875 0.33515625 0.0359375 0.046875
0 0.43359375 0.43671875 0.0359375 0.04375
0 0.48828125 0.46328125 0.0359375 0.04375
0 0.521875 0.4046875 0.0375 0.05
0 0.553125 0.4453125 0.0328125 0.040625
0 0.621875 0.42109375 0.034375 0.04375
0 0.6609375 0.325 0.034375 0.05
0 0.7125 0.39140625 0.0375 0.05
0 0.759375 0.42421875 0.034375 0.04375
0 0.8109375 0.40859375 0.03125 0.04375
0 0.7359375 0.459375 0.03125 0.040625
0 0.8125 0.5078125 0.03125 0.04375
0 0.8640625 0.48359375 0.034375 0.046875
0 0.6578125 0.49921875 0.03125 0.04375
0 0.68515625 0.50859375 0.0265625 0.034375