0 0.11484375 0.58828125 0.059375 0.0421875
0 0.18359375 0.3734375 0.059375 0.04375
0 0.19140625 0.41875 0.059375 0.04375
0 0.1734375 0.4703125 0.05625 0.040625
0 0.1703125 0.575 0.059375 0.04375
0 0.165625 0.71640625 0.059375 0.04375
0 0.21015625 0.3078125 0.059375 0.04375
0 0.2328125 0.35234375 0.059375 0.040625
0 0.23671875 0.39375 0.059375 0.040625
0 0.22578125 0.453125 0.05 0.05
0 0.23671875 0.5109375 0.05625 0.040625
0 0.22734375 0.55234375 0.059375 0.0421875
0 0.23515625 0.5953125 0.059375 0.04375
0 0.23515625 0.6375 0.05625 0.04375
0 0.2171875 0.6859375 0.05625 0.04375
0 0.2171875 0.74375 0.059375 0.04375
0 0.2375 0.790625 0.059375 0.04375
0 0.24609375 0.2796875 0.059375 0.040625
0 0.26875 0.309375 0.059375 0.0421875
0 0.28984375 0.3734375 0.059375 0.04375
0 0.2734375 0.43125 0.059375 0.04375
0 0.2765625 0.4765625 0.05625 0.040625
0 0.2984375 0.5359375 0.05625 0.04375
0 0.29609375 0.58203125 0.059375 0.040625
0 0.29296875 0.634375 0.059375 0.04375
0 0.27734375 0.671875 0.059375 0.040625
0 0.278125 0.7296875 0.059375 0.0421875
0 0.2921875 0.78046875 0.0625 0.04375
0 0.28359375 0.821875 0.0625 0.040625
0 0.3375 0.225 0.059375 0.040625
0 0.2953125 0.259375 0.05625 0.040625
0 0.32890625 0.2984375 0.05625 0.040625
0 0.31640625 0.3375 0.059375 0.04375
0 0.35078125 0.375 0.053125 0.046875
0 0.3484375 0.421875 0.05625 0.040625
0 0.35 0.4625 0.059375 0.04375
0 0.3453125 0.51328125 0.05625 0.040625
0 0.34765625 0.559375 0.05625 0.0421875
0 0.34609375 0.609375 0.05625 0.040625
0 0.34140625 0.6515625 0.053125 0.04375
0 0.32421875 0.69375 0.05625 0.040625
0 0.33828125 0.76015625 0.0625 0.0484375
0 0.34140625 0.8015625 0.059375 0.046875
0 0.35078125 0.840625 0.05625 0.0453125
0 0.384375 0.2078125 0.05625 0.04375
0 0.38203125 0.2609375 0.059375 0.04375
0 0.38515625 0.3046875 0.059375 0.04375
0 0.39609375 0.34453125 0.05625 0.0421875
0 0.4046875 0.3890625 0.05625 0.04375
0 0.40625 0.4421875 0.059375 0.0453125
0 0.41640625 0.4859375 0.0625 0.0453125
0 0.40546875 0.5390625 0.059375 0.04375
0 0.390625 0.584375 0.053125 0.040625
0 0.39375 0.62578125 0.053125 0.0390625
0 0.39765625 0.675 0.059375 0.0421875
0 0.39609375 0.71875 0.05625 0.04375
0 0.40390625 0.77890625 0.0625 0.046875
0 0.40234375 0.8328125 0.059375 0.046875
0 0.41328125 0.86328125 0.059375 0.0421875
0 0.44765625 0.17109375 0.059375 0.04375
0 0.42421875 0.24140625 0.05625 0.0453125
0 0.43046875 0.28984375 0.053125 0.040625
0 0.44453125 0.3234375 0.05625 0.04375
0 0.44453125 0.3703125 0.05625 0.0421875
0 0.45703125 0.415625 0.05625 0.04375
0 0.4625 0.4609375 0.059375 0.04375
0 0.46171875 0.5125 0.059375 0.04375
0 0.4671875 0.55625 0.059375 0.046875
0 0.45078125 0.60625 0.05625 0.0421875
0 0.45078125 0.6578125 0.053125 0.04375
0 0.45390625 0.746875 0.05625 0.04375
0 0.44453125 0.7828125 0.046875 0.0359375
0 0.48984375 0.8890625 0.0625 0.0484375
0 0.49453125 0.2078125 0.05625 0.04375
0 0.48203125 0.25 0.05625 0.040625
0 0.49140625 0.29375 0.05625 0.04375
0 0.49765625 0.34375 0.05 0.040625
0 0.5078125 0.39375 0.05625 0.04375
0 0.50625 0.4390625 0.053125 0.0375
0 0.509375 0.4875 0.053125 0.04375
0 0.5171875 0.53515625 0.05625 0.04375
0 0.5015625 0.57890625 0.053125 0.040625
0 0.5078125 0.625 0.05625 0.04375
0 0.5125 0.67265625 0.059375 0.0453125
0 0.49296875 0.7046875 0.05625 0.040625
0 0.49921875 0.753125 0.053125 0.04375
0 0.53046875 0.828125 0.05625 0.04375
0 0.54296875 0.234375 0.05625 0.04375
0 0.54453125 0.2859375 0.053125 0.04375
0 0.55 0.328125 0.053125 0.040625
0 0.55234375 0.3671875 0.053125 0.040625
0 0.5640625 0.409375 0.053125 0.04375
0 0.56484375 0.47109375 0.053125 0.0421875
0 0.56796875 0.51484375 0.053125 0.040625
0 0.5859375 0.5578125 0.059375 0.04375
0 0.56328125 0.6 0.053125 0.04375
0 0.56171875 0.64296875 0.053125 0.04375
0 0.55859375 0.68515625 0.053125 0.0421875
0 0.55078125 0.734375 0.053125 0.040625
0 0.54453125 0.7703125 0.053125 0.040625