0 0.88515625 0.41171875 0.059375 0.0421875
0 0.81640625 0.6265625 0.059375 0.04375
0 0.80859375 0.58125 0.059375 0.04375
0 0.8265625 0.5296875 0.05625 0.040625
0 0.8296875 0.425 0.059375 0.04375
0 0.834375 0.28359375 0.059375 0.04375
0 0.78984375 0.6921875 0.059375 0.04375
0 0.7671875 0.64765625 0.059375 0.040625
0 0.76328125 0.60625 0.059375 0.040625
0 0.77421875 0.546875 0.05 0.05
0 0.76328125 0.4890625 0.05625 0.040625
0 0.77265625 0.44765625 0.059375 0.0421875
0 0.76484375 0.4046875 0.059375 0.04375
0 0.76484375 0.3625 0.05625 0.04375
0 0.7828125 0.3140625 0.05625 0.04375
0 0.7828125 0.25625 0.059375 0.04375
0 0.7625 0.209375 0.059375 0.04375
0 0.75390625 0.7203125 0.059375 0.040625
0 0.73125 0.690625 0.059375 0.0421875
0 0.71015625 0.6265625 0.059375 0.04375
0 0.7265625 0.56875 0.059375 0.04375
0 0.7234375 0.5234375 0.05625 0.040625
0 0.7015625 0.4640625 0.05625 0.04375
0 0.70390625 0.41796875 0.059375 0.040625
0 0.70703125 0.365625 0.059375 0.04375
0 0.72265625 0.328125 0.059375 0.040625
0 0.721875 0.2703125 0.059375 0.0421875
0 0.7078125 0.21953125 0.0625 0.04375
0 0.71640625 0.178125 0.0625 0.040625
0 0.6625 0.775 0.059375 0.040625
0 0.7046875 0.740625 0.05625 0.040625
0 0.67109375 0.7015625 0.05625 0.040625
0 0.68359375 0.6625 0.059375 0.04375
0 0.64921875 0.625 0.053125 0.046875
0 0.6515625 0.578125 0.05625 0.040625
0 0.65 0.5375 0.059375 0.04375
0 0.6546875 0.48671875 0.05625 0.040625
0 0.65234375 0.440625 0.05625 0.0421875
0 0.65390625 0.390625 0.05625 0.040625
0 0.65859375 0.3484375 0.053125 0.04375
0 0.67578125 0.30625 0.05625 0.040625
0 0.66171875 0.23984375 0.0625 0.0484375
0 0.65859375 0.1984375 0.059375 0.046875
0 0.64921875 0.159375 0.05625 0.0453125
0 0.615625 0.7921875 0.05625 0.04375
0 0.61796875 0.7390625 0.059375 0.04375
0 0.61484375 0.6953125 0.059375 0.04375
0 0.60390625 0.65546875 0.05625 0.0421875
0 0.5953125 0.6109375 0.05625 0.04375
0 0.59375 0.5578125 0.059375 0.0453125
0 0.58359375 0.5140625 0.0625 0.0453125
0 0.59453125 0.4609375 0.059375 0.04375
0 0.609375 0.415625 0.053125 0.040625
0 0.60625 0.37421875 0.053125 0.0390625
0 0.60234375 0.325 0.059375 0.0421875
0 0.60390625 0.28125 0.05625 0.04375
0 0.59609375 0.22109375 0.0625 0.046875
0 0.59765625 0.1671875 0.059375 0.046875
0 0.58671875 0.13671875 0.059375 0.0421875
0 0.55234375 0.82890625 0.059375 0.04375
0 0.57578125 0.75859375 0.05625 0.0453125
0 0.56953125 0.71015625 0.053125 0.040625
0 0.55546875 0.6765625 0.05625 0.04375
0 0.55546875 0.6296875 0.05625 0.0421875
0 0.54296875 0.584375 0.05625 0.04375
0 0.5375 0.5390625 0.059375 0.04375
0 0.53828125 0.4875 0.059375 0.04375
0 0.5328125 0.44375 0.059375 0.046875
0 0.54921875 0.39375 0.05625 0.0421875
0 0.54921875 0.3421875 0.053125 0.04375
0 0.54609375 0.253125 0.05625 0.04375
0 0.55546875 0.2171875 0.046875 0.0359375
0 0.51015625 0.1109375 0.0625 0.0484375
0 0.50546875 0.7921875 0.05625 0.04375
0 0.51796875 0.75 0.05625 0.040625
0 0.50859375 0.70625 0.05625 0.04375
0 0.50234375 0.65625 0.05 0.040625
0 0.4921875 0.60625 0.05625 0.04375
0 0.49375 0.5609375 0.053125 0.0375
0 0.490625 0.5125 0.053125 0.04375
0 0.4828125 0.46484375 0.05625 0.04375
0 0.4984375 0.42109375 0.053125 0.040625
0 0.4921875 0.375 0.05625 0.04375
0 0.4875 0.32734375 0.059375 0.0453125
0 0.50703125 0.2953125 0.05625 0.040625
0 0.50078125 0.246875 0.053125 0.04375
0 0.46953125 0.171875 0.05625 0.04375
0 0.45703125 0.765625 0.05625 0.04375
0 0.45546875 0.7140625 0.053125 0.04375
0 0.45 0.671875 0.053125 0.040625
0 0.44765625 0.6328125 0.053125 0.040625
0 0.4359375 0.590625 0.053125 0.04375
0 0.43515625 0.52890625 0.053125 0.0421875
0 0.43203125 0.48515625 0.053125 0.040625
0 0.4140625 0.4421875 0.059375 0.04375
0 0.43671875 0.4 0.053125 0.04375
0 0.43828125 0.35703125 0.053125 0.04375
0 0.44140625 0.31484375 0.053125 0.0421875
0 0.44921875 0.265625 0.053125 0.040625
0 0.45546875 0.2296875 0.053125 0.040625