0 0.39453125 0.12734375 0.0671875 0.125
0 0.46015625 0.10859375 0.06875 0.128125
0 0.525 0.11796875 0.059375 0.1234375
0 0.5890625 0.10546875 0.0671875 0.125
0 0.65546875 0.09375 0.065625 0.1296875
0 0.7203125 0.09375 0.0625 0.134375
0 0.3546875 0.22109375 0.06875 0.115625
0 0.42265625 0.2296875 0.0703125 0.115625
0 0.48984375 0.2140625 0.0625 0.11875
0 0.55234375 0.2234375 0.065625 0.121875
0 0.615625 0.209375 0.065625 0.121875
0 0.68046875 0.196875 0.0671875 0.121875
0 0.7640625 0.2015625 0.071875 0.1203125
0 0.31875 0.309375 0.065625 0.1140625
0 0.3875 0.31484375 0.065625 0.10625
0 0.4515625 0.33203125 0.0625 0.1171875
0 0.5140625 0.3140625 0.065625 0.109375
0 0.584375 0.315625 0.0671875 0.10625
0 0.65078125 0.29453125 0.065625 0.1109375
0 0.72265625 0.29140625 0.065625 0.1171875
0 0.8 0.3046875 0.0671875 0.11875
0 0.2875 0.40859375 0.065625 0.10625
0 0.35234375 0.40390625 0.0625 0.1140625
0 0.41484375 0.40703125 0.0625 0.1046875
0 0.48359375 0.4125 0.059375 0.103125
0 0.54453125 0.39921875 0.065625 0.1109375
0 0.625 0.40234375 0.065625 0.115625
0 0.69375 0.39375 0.065625 0.109375
0 0.7515625 0.38359375 0.059375 0.109375
0 0.828125 0.40078125 0.0703125 0.1125
0 0.26484375 0.48359375 0.065625 0.109375
0 0.3265625 0.48984375 0.065625 0.103125
0 0.38671875 0.49453125 0.059375 0.109375
0 0.44765625 0.503125 0.0625 0.1109375
0 0.52109375 0.50234375 0.0625 0.109375
0 0.58828125 0.4875 0.0625 0.109375
0 0.65625 0.475 0.0640625 0.1
0 0.71953125 0.484375 0.0640625 0.1125
0 0.7890625 0.50234375 0.065625 0.10625
0 0.8515625 0.49765625 0.0640625 0.103125
0 0.25 0.57265625 0.05625 0.0921875
0 0.3015625 0.57890625 0.0609375 0.10625
0 0.3625 0.57734375 0.0625 0.096875
0 0.4171875 0.5875 0.0625 0.10625
0 0.4828125 0.571875 0.0625 0.096875
0 0.56015625 0.565625 0.0609375 0.0859375
0 0.6203125 0.5734375 0.0625 0.10625
0 0.67734375 0.55546875 0.05625 0.09375
0 0.74140625 0.5953125 0.065625 0.1078125
0 0.7984375 0.5859375 0.05625 0.096875
0 0.8640625 0.5890625 0.065625 0.096875
0 0.275 0.65859375 0.05625 0.0921875
0 0.325 0.67109375 0.0609375 0.096875
0 0.3875 0.6734375 0.065625 0.1
0 0.45625 0.65 0.059375 0.0921875
0 0.525 0.63203125 0.053125 0.09375
0 0.58828125 0.65625 0.0625 0.109375
0 0.64453125 0.6359375 0.053125 0.078125
0 0.7140625 0.68203125 0.0625 0.096875
0 0.76875 0.659375 0.05 0.071875
0 0.83203125 0.671875 0.0640625 0.10625
0 0.30390625 0.7359375 0.059375 0.0859375
0 0.3625 0.72890625 0.059375 0.08125
0 0.42734375 0.73359375 0.05625 0.09375
0 0.49453125 0.73203125 0.0609375 0.1015625
0 0.55234375 0.7328125 0.05625 0.103125
0 0.61015625 0.71875 0.05625 0.0921875
0 0.6765625 0.7625 0.0625 0.096875
0 0.7359375 0.74609375 0.0578125 0.096875
0 0.8015625 0.76484375 0.0625 0.0921875
0 0.33828125 0.8015625 0.05625 0.0796875
0 0.3984375 0.79453125 0.059375 0.078125
0 0.46875 0.78515625 0.05625 0.09375
0 0.5234375 0.8125 0.0578125 0.096875
0 0.57890625 0.80859375 0.0578125 0.09375
0 0.62890625 0.79140625 0.0515625 0.090625
0 0.76640625 0.84921875 0.059375 0.0921875
0 0.70703125 0.86015625 0.0625 0.0875
0 0.3703125 0.88671875 0.05625 0.0875
0 0.43828125 0.86640625 0.05625 0.084375
0 0.4921875 0.86484375 0.053125 0.084375
0 0.54609375 0.8703125 0.05625 0.06875
0 0.6 0.86328125 0.053125 0.0875
0 0.66015625 0.88359375 0.05625 0.0828125
0 0.7296875 0.93125 0.0625 0.078125
0 0.67734375 0.93828125 0.0484375 0.0625
0 0.62890625 0.95078125 0.0578125 0.0875
0 0.5703125 0.93203125 0.053125 0.08125
0 0.51640625 0.9265625 0.053125 0.078125
0 0.4625 0.95234375 0.053125 0.0875
0 0.41328125 0.91796875 0.05 0.078125