0 0.12734375 0.60546875 0.125 0.0671875
0 0.10859375 0.53984375 0.128125 0.06875
0 0.11796875 0.475 0.1234375 0.059375
0 0.10546875 0.4109375 0.125 0.0671875
0 0.09375 0.34453125 0.1296875 0.065625
0 0.09375 0.2796875 0.134375 0.0625
0 0.22109375 0.6453125 0.115625 0.06875
0 0.2296875 0.57734375 0.115625 0.0703125
0 0.2140625 0.51015625 0.11875 0.0625
0 0.2234375 0.44765625 0.121875 0.065625
0 0.209375 0.384375 0.121875 0.065625
0 0.196875 0.31953125 0.121875 0.0671875
0 0.2015625 0.2359375 0.1203125 0.071875
0 0.309375 0.68125 0.1140625 0.065625
0 0.31484375 0.6125 0.10625 0.065625
0 0.33203125 0.5484375 0.1171875 0.0625
0 0.3140625 0.4859375 0.109375 0.065625
0 0.315625 0.415625 0.10625 0.0671875
0 0.29453125 0.34921875 0.1109375 0.065625
0 0.29140625 0.27734375 0.1171875 0.065625
0 0.3046875 0.2 0.11875 0.0671875
0 0.40859375 0.7125 0.10625 0.065625
0 0.40390625 0.64765625 0.1140625 0.0625
0 0.40703125 0.58515625 0.1046875 0.0625
0 0.4125 0.51640625 0.103125 0.059375
0 0.39921875 0.45546875 0.1109375 0.065625
0 0.40234375 0.375 0.115625 0.065625
0 0.39375 0.30625 0.109375 0.065625
0 0.38359375 0.2484375 0.109375 0.059375
0 0.40078125 0.171875 0.1125 0.0703125
0 0.48359375 0.73515625 0.109375 0.065625
0 0.48984375 0.6734375 0.103125 0.065625
0 0.49453125 0.61328125 0.109375 0.059375
0 0.503125 0.55234375 0.1109375 0.0625
0 0.50234375 0.47890625 0.109375 0.0625
0 0.4875 0.41171875 0.109375 0.0625
0 0.475 0.34375 0.1 0.0640625
0 0.484375 0.28046875 0.1125 0.0640625
0 0.50234375 0.2109375 0.10625 0.065625
0 0.49765625 0.1484375 0.103125 0.0640625
0 0.57265625 0.75 0.0921875 0.05625
0 0.57890625 0.6984375 0.10625 0.0609375
0 0.57734375 0.6375 0.096875 0.0625
0 0.5875 0.5828125 0.10625 0.0625
0 0.571875 0.5171875 0.096875 0.0625
0 0.565625 0.43984375 0.0859375 0.0609375
0 0.5734375 0.3796875 0.10625 0.0625
0 0.55546875 0.32265625 0.09375 0.05625
0 0.5953125 0.25859375 0.1078125 0.065625
0 0.5859375 0.2015625 0.096875 0.05625
0 0.5890625 0.1359375 0.096875 0.065625
0 0.65859375 0.725 0.0921875 0.05625
0 0.67109375 0.675 0.096875 0.0609375
0 0.6734375 0.6125 0.1 0.065625
0 0.65 0.54375 0.0921875 0.059375
0 0.63203125 0.475 0.09375 0.053125
0 0.65625 0.41171875 0.109375 0.0625
0 0.6359375 0.35546875 0.078125 0.053125
0 0.68203125 0.2859375 0.096875 0.0625
0 0.659375 0.23125 0.071875 0.05
0 0.671875 0.16796875 0.10625 0.0640625
0 0.7359375 0.69609375 0.0859375 0.059375
0 0.72890625 0.6375 0.08125 0.059375
0 0.73359375 0.57265625 0.09375 0.05625
0 0.73203125 0.50546875 0.1015625 0.0609375
0 0.7328125 0.44765625 0.103125 0.05625
0 0.71875 0.38984375 0.0921875 0.05625
0 0.7625 0.3234375 0.096875 0.0625
0 0.74609375 0.2640625 0.096875 0.0578125
0 0.76484375 0.1984375 0.0921875 0.0625
0 0.8015625 0.66171875 0.0796875 0.05625
0 0.79453125 0.6015625 0.078125 0.059375
0 0.78515625 0.53125 0.09375 0.05625
0 0.8125 0.4765625 0.096875 0.0578125
0 0.80859375 0.42109375 0.09375 0.0578125
0 0.79140625 0.37109375 0.090625 0.0515625
0 0.84921875 0.23359375 0.0921875 0.059375
0 0.86015625 0.29296875 0.0875 0.0625
0 0.88671875 0.6296875 0.0875 0.0578125
0 0.86640625 0.56171875 0.084375 0.05625
0 0.86484375 0.5078125 0.084375 0.053125
0 0.8703125 0.45390625 0.06875 0.05625
0 0.86328125 0.4 0.0875 0.053125
0 0.88359375 0.33984375 0.0828125 0.05625
0 0.93125 0.2703125 0.078125 0.0625
0 0.93828125 0.32265625 0.0625 0.0484375
0 0.95078125 0.37109375 0.0875 0.0578125
0 0.93203125 0.4296875 0.08125 0.053125
0 0.9265625 0.48359375 0.078125 0.053125
0 0.95234375 0.5375 0.0875 0.053125
0 0.91796875 0.58671875 0.078125 0.05