0 0.703125 0.496875 0.034375 0.0625
0 0.6921875 0.38671875 0.03125 0.065625
0 0.6828125 0.825 0.034375 0.065625
0 0.67578125 0.74921875 0.034375 0.0625
0 0.6828125 0.69375 0.034375 0.06875
0 0.66875 0.6203125 0.034375 0.0640625
0 0.671875 0.521875 0.034375 0.0640625
0 0.671875 0.45234375 0.034375 0.06875
0 0.653125 0.3859375 0.034375 0.06875
0 0.678125 0.3109375 0.040625 0.065625
0 0.67265625 0.23125 0.034375 0.0703125
0 0.6453125 0.27890625 0.034375 0.0703125
0 0.64921875 0.16171875 0.034375 0.071875
0 0.646875 0.82109375 0.03125 0.0625
0 0.6359375 0.7546875 0.03125 0.0625
0 0.64921875 0.67265625 0.034375 0.065625
0 0.63515625 0.60703125 0.0328125 0.0625
0 0.64375 0.5359375 0.03125 0.0640625
0 0.6421875 0.46484375 0.0296875 0.065625
0 0.61875 0.41171875 0.034375 0.06875
0 0.628125 0.340625 0.0328125 0.065625
0 0.628125 0.2203125 0.034375 0.06875
0 0.62421875 0.0796875 0.034375 0.071875
0 0.61328125 0.809375 0.0296875 0.0625
0 0.60234375 0.73125 0.03125 0.0625
0 0.6046875 0.6359375 0.0328125 0.0640625
0 0.60546875 0.56875 0.03125 0.065625
0 0.6171875 0.50390625 0.03125 0.059375
0 0.60078125 0.45078125 0.028125 0.0625
0 0.59296875 0.35625 0.034375 0.06875
0 0.603125 0.28671875 0.034375 0.065625
0 0.59375 0.2203125 0.0328125 0.06875
0 0.61015625 0.1609375 0.034375 0.0703125
0 0.58125 0.16171875 0.03125 0.0640625
0 0.59375 0.09609375 0.034375 0.0640625
0 0.596875 0.025 0.034375 0.046875
0 0.58046875 0.775 0.03125 0.0625
0 0.5828125 0.67421875 0.03125 0.0640625
0 0.565625 0.7171875 0.03125 0.0625
0 0.5578125 0.65078125 0.028125 0.0578125
0 0.57578125 0.60390625 0.03125 0.0640625
0 0.578125 0.5359375 0.0296875 0.059375
0 0.5546875 0.56328125 0.028125 0.0578125
0 0.55078125 0.50390625 0.028125 0.059375
0 0.56328125 0.45390625 0.0296875 0.059375
0 0.5546875 0.396875 0.028125 0.0578125
0 0.5703125 0.3078125 0.03125 0.06875
0 0.565625 0.24296875 0.0296875 0.065625
0 0.56015625 0.10703125 0.0296875 0.065625
0 0.5609375 0.02890625 0.034375 0.053125
0 0.54375 0.33828125 0.028125 0.0640625
0 0.5328125 0.27578125 0.03125 0.0640625
0 0.53828125 0.19765625 0.0328125 0.06875
0 0.54296875 0.74921875 0.0296875 0.0578125
0 0.534375 0.675 0.0296875 0.0578125
0 0.5296875 0.61875 0.028125 0.0625
0 0.52265625 0.5203125 0.028125 0.059375
0 0.53203125 0.45703125 0.0296875 0.0625
0 0.5171875 0.40703125 0.028125 0.0578125
0 0.50625 0.32421875 0.0296875 0.06875
0 0.5078125 0.23125 0.03125 0.065625
0 0.51796875 0.1296875 0.03125 0.06875
0 0.52421875 0.065625 0.0359375 0.05625
0 0.4921875 0.759375 0.028125 0.0578125
0 0.503125 0.65234375 0.0296875 0.059375
0 0.5078125 0.57578125 0.0296875 0.059375
0 0.503125 0.47265625 0.028125 0.0625
0 0.48046875 0.68984375 0.028125 0.059375
0 0.48984375 0.596875 0.028125 0.0578125
0 0.48671875 0.5328125 0.028125 0.0625
0 0.47421875 0.47578125 0.028125 0.059375
0 0.48046875 0.42578125 0.03125 0.0640625
0 0.48984375 0.36328125 0.0296875 0.0625
0 0.48984375 0.27109375 0.0296875 0.0625
0 0.48828125 0.1671875 0.03125 0.0703125
0 0.484375 0.090625 0.03125 0.0703125
0 0.46875 0.63203125 0.028125 0.05625
0 0.46328125 0.565625 0.0296875 0.05625
0 0.45078125 0.5109375 0.028125 0.0625
0 0.44375 0.45 0.0296875 0.0640625
0 0.4578125 0.3953125 0.0296875 0.0625
0 0.4671875 0.3140625 0.028125 0.059375
0 0.459375 0.2546875 0.028125 0.0625
0 0.4703125 0.1953125 0.028125 0.0625
0 0.446875 0.58984375 0.028125 0.059375
0 0.43125 0.540625 0.028125 0.0578125
0 0.42265625 0.4828125 0.028125 0.0578125
0 0.415625 0.42421875 0.028125 0.059375
0 0.43203125 0.3640625 0.028125 0.059375
0 0.43828125 0.30078125 0.028125 0.0625
0 0.4109375 0.296875 0.025 0.0625
0 0.4296875 0.23671875 0.0296875 0.0625
0 0.4375 0.17890625 0.028125 0.065625
0 0.44921875 0.115625 0.028125 0.06875