0 0.703125 0.503125 0.034375 0.0625
0 0.6921875 0.61328125 0.03125 0.065625
0 0.6828125 0.175 0.034375 0.065625
0 0.67578125 0.25078125 0.034375 0.0625
0 0.6828125 0.30625 0.034375 0.06875
0 0.66875 0.3796875 0.034375 0.0640625
0 0.671875 0.478125 0.034375 0.0640625
0 0.671875 0.54765625 0.034375 0.06875
0 0.653125 0.6140625 0.034375 0.06875
0 0.678125 0.6890625 0.040625 0.065625
0 0.67265625 0.76875 0.034375 0.0703125
0 0.6453125 0.72109375 0.034375 0.0703125
0 0.64921875 0.83828125 0.034375 0.071875
0 0.646875 0.17890625 0.03125 0.0625
0 0.6359375 0.2453125 0.03125 0.0625
0 0.64921875 0.32734375 0.034375 0.065625
0 0.63515625 0.39296875 0.0328125 0.0625
0 0.64375 0.4640625 0.03125 0.0640625
0 0.6421875 0.53515625 0.0296875 0.065625
0 0.61875 0.58828125 0.034375 0.06875
0 0.628125 0.659375 0.0328125 0.065625
0 0.628125 0.7796875 0.034375 0.06875
0 0.62421875 0.9203125 0.034375 0.071875
0 0.61328125 0.190625 0.0296875 0.0625
0 0.60234375 0.26875 0.03125 0.0625
0 0.6046875 0.3640625 0.0328125 0.0640625
0 0.60546875 0.43125 0.03125 0.065625
0 0.6171875 0.49609375 0.03125 0.059375
0 0.60078125 0.54921875 0.028125 0.0625
0 0.59296875 0.64375 0.034375 0.06875
0 0.603125 0.71328125 0.034375 0.065625
0 0.59375 0.7796875 0.0328125 0.06875
0 0.61015625 0.8390625 0.034375 0.0703125
0 0.58125 0.83828125 0.03125 0.0640625
0 0.59375 0.90390625 0.034375 0.0640625
0 0.596875 0.975 0.034375 0.046875
0 0.58046875 0.225 0.03125 0.0625
0 0.5828125 0.32578125 0.03125 0.0640625
0 0.565625 0.2828125 0.03125 0.0625
0 0.5578125 0.34921875 0.028125 0.0578125
0 0.57578125 0.39609375 0.03125 0.0640625
0 0.578125 0.4640625 0.0296875 0.059375
0 0.5546875 0.43671875 0.028125 0.0578125
0 0.55078125 0.49609375 0.028125 0.059375
0 0.56328125 0.54609375 0.0296875 0.059375
0 0.5546875 0.603125 0.028125 0.0578125
0 0.5703125 0.6921875 0.03125 0.06875
0 0.565625 0.75703125 0.0296875 0.065625
0 0.56015625 0.89296875 0.0296875 0.065625
0 0.5609375 0.97109375 0.034375 0.053125
0 0.54375 0.66171875 0.028125 0.0640625
0 0.5328125 0.72421875 0.03125 0.0640625
0 0.53828125 0.80234375 0.0328125 0.06875
0 0.54296875 0.25078125 0.0296875 0.0578125
0 0.534375 0.325 0.0296875 0.0578125
0 0.5296875 0.38125 0.028125 0.0625
0 0.52265625 0.4796875 0.028125 0.059375
0 0.53203125 0.54296875 0.0296875 0.0625
0 0.5171875 0.59296875 0.028125 0.0578125
0 0.50625 0.67578125 0.0296875 0.06875
0 0.5078125 0.76875 0.03125 0.065625
0 0.51796875 0.8703125 0.03125 0.06875
0 0.52421875 0.934375 0.0359375 0.05625
0 0.4921875 0.240625 0.028125 0.0578125
0 0.503125 0.34765625 0.0296875 0.059375
0 0.5078125 0.42421875 0.0296875 0.059375
0 0.503125 0.52734375 0.028125 0.0625
0 0.48046875 0.31015625 0.028125 0.059375
0 0.48984375 0.403125 0.028125 0.0578125
0 0.48671875 0.4671875 0.028125 0.0625
0 0.47421875 0.52421875 0.028125 0.059375
0 0.48046875 0.57421875 0.03125 0.0640625
0 0.48984375 0.63671875 0.0296875 0.0625
0 0.48984375 0.72890625 0.0296875 0.0625
0 0.48828125 0.8328125 0.03125 0.0703125
0 0.484375 0.909375 0.03125 0.0703125
0 0.46875 0.36796875 0.028125 0.05625
0 0.46328125 0.434375 0.0296875 0.05625
0 0.45078125 0.4890625 0.028125 0.0625
0 0.44375 0.55 0.0296875 0.0640625
0 0.4578125 0.6046875 0.0296875 0.0625
0 0.4671875 0.6859375 0.028125 0.059375
0 0.459375 0.7453125 0.028125 0.0625
0 0.4703125 0.8046875 0.028125 0.0625
0 0.446875 0.41015625 0.028125 0.059375
0 0.43125 0.459375 0.028125 0.0578125
0 0.42265625 0.5171875 0.028125 0.0578125
0 0.415625 0.57578125 0.028125 0.059375
0 0.43203125 0.6359375 0.028125 0.059375
0 0.43828125 0.69921875 0.028125 0.0625
0 0.4109375 0.703125 0.025 0.0625
0 0.4296875 0.76328125 0.0296875 0.0625
0 0.4375 0.82109375 0.028125 0.065625
0 0.44921875 0.884375 0.028125 0.06875