0 0.296875 0.496875 0.034375 0.0625
0 0.3078125 0.38671875 0.03125 0.065625
0 0.3171875 0.825 0.034375 0.065625
0 0.32421875 0.74921875 0.034375 0.0625
0 0.3171875 0.69375 0.034375 0.06875
0 0.33125 0.6203125 0.034375 0.0640625
0 0.328125 0.521875 0.034375 0.0640625
0 0.328125 0.45234375 0.034375 0.06875
0 0.346875 0.3859375 0.034375 0.06875
0 0.321875 0.3109375 0.040625 0.065625
0 0.32734375 0.23125 0.034375 0.0703125
0 0.3546875 0.27890625 0.034375 0.0703125
0 0.35078125 0.16171875 0.034375 0.071875
0 0.353125 0.82109375 0.03125 0.0625
0 0.3640625 0.7546875 0.03125 0.0625
0 0.35078125 0.67265625 0.034375 0.065625
0 0.36484375 0.60703125 0.0328125 0.0625
0 0.35625 0.5359375 0.03125 0.0640625
0 0.3578125 0.46484375 0.0296875 0.065625
0 0.38125 0.41171875 0.034375 0.06875
0 0.371875 0.340625 0.0328125 0.065625
0 0.371875 0.2203125 0.034375 0.06875
0 0.37578125 0.0796875 0.034375 0.071875
0 0.38671875 0.809375 0.0296875 0.0625
0 0.39765625 0.73125 0.03125 0.0625
0 0.3953125 0.6359375 0.0328125 0.0640625
0 0.39453125 0.56875 0.03125 0.065625
0 0.3828125 0.50390625 0.03125 0.059375
0 0.39921875 0.45078125 0.028125 0.0625
0 0.40703125 0.35625 0.034375 0.06875
0 0.396875 0.28671875 0.034375 0.065625
0 0.40625 0.2203125 0.0328125 0.06875
0 0.38984375 0.1609375 0.034375 0.0703125
0 0.41875 0.16171875 0.03125 0.0640625
0 0.40625 0.09609375 0.034375 0.0640625
0 0.403125 0.025 0.034375 0.046875
0 0.41953125 0.775 0.03125 0.0625
0 0.4171875 0.67421875 0.03125 0.0640625
0 0.434375 0.7171875 0.03125 0.0625
0 0.4421875 0.65078125 0.028125 0.0578125
0 0.42421875 0.60390625 0.03125 0.0640625
0 0.421875 0.5359375 0.0296875 0.059375
0 0.4453125 0.56328125 0.028125 0.0578125
0 0.44921875 0.50390625 0.028125 0.059375
0 0.43671875 0.45390625 0.0296875 0.059375
0 0.4453125 0.396875 0.028125 0.0578125
0 0.4296875 0.3078125 0.03125 0.06875
0 0.434375 0.24296875 0.0296875 0.065625
0 0.43984375 0.10703125 0.0296875 0.065625
0 0.4390625 0.02890625 0.034375 0.053125
0 0.45625 0.33828125 0.028125 0.0640625
0 0.4671875 0.27578125 0.03125 0.0640625
0 0.46171875 0.19765625 0.0328125 0.06875
0 0.45703125 0.74921875 0.0296875 0.0578125
0 0.465625 0.675 0.0296875 0.0578125
0 0.4703125 0.61875 0.028125 0.0625
0 0.47734375 0.5203125 0.028125 0.059375
0 0.46796875 0.45703125 0.0296875 0.0625
0 0.4828125 0.40703125 0.028125 0.0578125
0 0.49375 0.32421875 0.0296875 0.06875
0 0.4921875 0.23125 0.03125 0.065625
0 0.48203125 0.1296875 0.03125 0.06875
0 0.47578125 0.065625 0.0359375 0.05625
0 0.5078125 0.759375 0.028125 0.0578125
0 0.496875 0.65234375 0.0296875 0.059375
0 0.4921875 0.57578125 0.0296875 0.059375
0 0.496875 0.47265625 0.028125 0.0625
0 0.51953125 0.68984375 0.028125 0.059375
0 0.51015625 0.596875 0.028125 0.0578125
0 0.51328125 0.5328125 0.028125 0.0625
0 0.52578125 0.47578125 0.028125 0.059375
0 0.51953125 0.42578125 0.03125 0.0640625
0 0.51015625 0.36328125 0.0296875 0.0625
0 0.51015625 0.27109375 0.0296875 0.0625
0 0.51171875 0.1671875 0.03125 0.0703125
0 0.515625 0.090625 0.03125 0.0703125
0 0.53125 0.63203125 0.028125 0.05625
0 0.53671875 0.565625 0.0296875 0.05625
0 0.54921875 0.5109375 0.028125 0.0625
0 0.55625 0.45 0.0296875 0.0640625
0 0.5421875 0.3953125 0.0296875 0.0625
0 0.5328125 0.3140625 0.028125 0.059375
0 0.540625 0.2546875 0.028125 0.0625
0 0.5296875 0.1953125 0.028125 0.0625
0 0.553125 0.58984375 0.028125 0.059375
0 0.56875 0.540625 0.028125 0.0578125
0 0.57734375 0.4828125 0.028125 0.0578125
0 0.584375 0.42421875 0.028125 0.059375
0 0.56796875 0.3640625 0.028125 0.059375
0 0.56171875 0.30078125 0.028125 0.0625
0 0.5890625 0.296875 0.025 0.0625
0 0.5703125 0.23671875 0.0296875 0.0625
0 0.5625 0.17890625 0.028125 0.065625
0 0.55078125 0.115625 0.028125 0.06875