0 0.21640625 0.80859375 0.0921875 0.065625
0 0.2140625 0.746875 0.0875 0.0625
0 0.19609375 0.6765625 0.0828125 0.059375
0 0.296875 0.8359375 0.0859375 0.0640625
0 0.2890625 0.6890625 0.0859375 0.0671875
0 0.27734375 0.625 0.0875 0.0640625
0 0.32734375 0.896875 0.0875 0.065625
0 0.3796875 0.84296875 0.0859375 0.0640625
0 0.34375 0.7796875 0.0875 0.065625
0 0.36640625 0.715625 0.084375 0.065625
0 0.35859375 0.65 0.084375 0.0640625
0 0.35078125 0.5859375 0.084375 0.0625
0 0.36953125 0.5203125 0.08125 0.059375
0 0.31796875 0.475 0.0875 0.059375
0 0.225 0.38515625 0.0828125 0.0578125
0 0.240625 0.325 0.084375 0.059375
0 0.28984375 0.26953125 0.0828125 0.0609375
0 0.28046875 0.2140625 0.08125 0.05625
0 0.278125 0.1515625 0.084375 0.05
0 0.29453125 0.41328125 0.084375 0.0609375
0 0.37109375 0.42890625 0.078125 0.059375
0 0.35 0.36796875 0.0859375 0.0625
0 0.36171875 0.3046875 0.0765625 0.059375
0 0.36015625 0.2484375 0.08125 0.05625
0 0.34921875 0.1859375 0.075 0.05625
0 0.38125 0.1296875 0.0734375 0.0625
0 0.415625 0.91015625 0.084375 0.0625
0 0.46953125 0.85 0.084375 0.065625
0 0.4296875 0.78828125 0.084375 0.0625
0 0.44140625 0.6765625 0.0828125 0.065625
0 0.4328125 0.590625 0.0796875 0.059375
0 0.44921875 0.528125 0.078125 0.059375
0 0.42890625 0.47109375 0.078125 0.05625
0 0.428125 0.3890625 0.0796875 0.0609375
0 0.4515625 0.325 0.075 0.0578125
0 0.4375 0.2640625 0.075 0.05625
0 0.43359375 0.18125 0.0796875 0.05625
0 0.46171875 0.1265625 0.0734375 0.05625
0 0.50078125 0.91875 0.084375 0.0625
0 0.5515625 0.8609375 0.0875 0.0625
0 0.515625 0.7921875 0.0875 0.065625
0 0.55625 0.7328125 0.0796875 0.0609375
0 0.53203125 0.67734375 0.08125 0.0625
0 0.5703125 0.625 0.075 0.0609375
0 0.5171875 0.5890625 0.0796875 0.0609375
0 0.571875 0.5375 0.075 0.05625
0 0.51171875 0.5 0.0765625 0.05625
0 0.4859375 0.43359375 0.0734375 0.05625
0 0.58125 0.471875 0.0671875 0.059375
0 0.559375 0.41484375 0.0734375 0.0578125
0 0.5015625 0.375 0.0734375 0.05625
0 0.51015625 0.23125 0.084375 0.0625
0 0.52890625 0.1609375 0.071875 0.053125
0 0.53515625 0.29375 0.0734375 0.05625
0 0.59765625 0.3375 0.071875 0.05625
0 0.584375 0.23671875 0.075 0.0578125
0 0.60625 0.1828125 0.071875 0.053125
0 0.5875 0.92265625 0.0796875 0.065625
0 0.5953125 0.80546875 0.0796875 0.0609375
0 0.63046875 0.7453125 0.078125 0.059375
0 0.6125 0.68125 0.0734375 0.0625
0 0.6265625 0.578125 0.071875 0.0578125
0 0.63828125 0.509375 0.0765625 0.0578125
0 0.6578125 0.4453125 0.078125 0.059375
0 0.62734375 0.39296875 0.0703125 0.05625
0 0.64765625 0.3046875 0.075 0.05625
0 0.66953125 0.2140625 0.075 0.0546875
0 0.6421875 0.8671875 0.075 0.059375
0 0.6625 0.809375 0.0734375 0.059375
0 0.70390625 0.7609375 0.075 0.059375
0 0.690625 0.7 0.075 0.0609375
0 0.6671875 0.63984375 0.075 0.0609375
0 0.70703125 0.58203125 0.075 0.0578125
0 0.7359375 0.4421875 0.0703125 0.05625
0 0.71171875 0.384375 0.0734375 0.05625
0 0.75859375 0.4046875 0.0671875 0.053125
0 0.73125 0.3203125 0.071875 0.053125
0 0.753125 0.221875 0.0671875 0.05625
0 0.71484375 0.890625 0.075 0.05625
0 0.746875 0.834375 0.071875 0.05625
0 0.79296875 0.88828125 0.071875 0.059375
0 0.825 0.8265625 0.08125 0.040625
0 0.7828125 0.76796875 0.08125 0.0578125
0 0.75546875 0.7140625 0.078125 0.059375
0 0.74296875 0.6484375 0.078125 0.059375
0 0.78359375 0.6 0.0734375 0.059375
0 0.7921875 0.53671875 0.075 0.05625
0 0.85703125 0.77265625 0.0703125 0.0546875
0 0.84921875 0.7203125 0.0703125 0.0578125
0 0.81171875 0.6734375 0.075 0.0578125
0 0.86171875 0.6265625 0.078125 0.05625
0 0.86015625 0.56875 0.0734375 0.059375
0 0.8953125 0.515625 0.06875 0.053125
0 0.82890625 0.490625 0.0703125 0.0546875
0 0.8484375 0.43671875 0.08125 0.053125
0 0.84453125 0.3796875 0.065625 0.053125
0 0.79921875 0.3359375 0.0703125 0.05625
0 0.86796875 0.32265625 0.065625 0.053125
0 0.81953125 0.2765625 0.0671875 0.05