0 0.7296875 0.490625 0.053125 0.06875
0 0.7234375 0.56328125 0.05 0.065625
0 0.7078125 0.38203125 0.053125 0.065625
0 0.6890625 0.44453125 0.0515625 0.06875
0 0.7046875 0.6796875 0.05625 0.075
0 0.67890625 0.6015625 0.0515625 0.06875
0 0.6703125 0.74609375 0.05625 0.075
0 0.66875 0.29140625 0.046875 0.059375
0 0.671875 0.3421875 0.05 0.065625
0 0.65 0.40078125 0.0515625 0.06875
0 0.628125 0.184375 0.05 0.065625
0 0.625 0.26171875 0.04375 0.059375
0 0.628125 0.3109375 0.0515625 0.065625
0 0.640625 0.46328125 0.053125 0.065625
0 0.6328125 0.53515625 0.053125 0.06875
0 0.6265625 0.60625 0.053125 0.071875
0 0.64765625 0.6765625 0.0515625 0.06875
0 0.615625 0.7296875 0.053125 0.071875
0 0.6359375 0.79609375 0.053125 0.071875
0 0.590625 0.15625 0.046875 0.0625
0 0.58359375 0.221875 0.0484375 0.065625
0 0.58125 0.28671875 0.046875 0.065625
0 0.5828125 0.35078125 0.046875 0.0625
0 0.596875 0.4140625 0.0515625 0.06875
0 0.59453125 0.49140625 0.0484375 0.065625
0 0.57265625 0.59375 0.0515625 0.071875
0 0.5859375 0.66328125 0.0546875 0.071875
0 0.57734375 0.7875 0.053125 0.075
0 0.5890625 0.84609375 0.053125 0.065625
0 0.540625 0.1859375 0.046875 0.0625
0 0.5390625 0.24609375 0.046875 0.065625
0 0.5359375 0.30546875 0.0453125 0.0625
0 0.546875 0.39140625 0.046875 0.065625
0 0.5578125 0.45390625 0.05 0.059375
0 0.55625 0.53125 0.046875 0.0625
0 0.5375 0.63515625 0.05 0.065625
0 0.5375 0.71015625 0.0515625 0.06875
0 0.53125 0.77109375 0.05 0.065625
0 0.528125 0.85234375 0.053125 0.075
0 0.503125 0.1578125 0.04375 0.05625
0 0.496875 0.21171875 0.0484375 0.0625
0 0.5015625 0.2875 0.046875 0.0625
0 0.5109375 0.3671875 0.046875 0.059375
0 0.50625 0.42265625 0.05 0.065625
0 0.5109375 0.4890625 0.046875 0.065625
0 0.51171875 0.57734375 0.05 0.06875
0 0.4953125 0.678125 0.05 0.071875
0 0.48359375 0.74609375 0.05 0.06875
0 0.48671875 0.81171875 0.05 0.065625
0 0.496875 0.89296875 0.053125 0.071875
0 0.45625 0.12578125 0.046875 0.0625
0 0.46015625 0.19296875 0.04375 0.0625
0 0.4515625 0.25390625 0.046875 0.065625
0 0.47109375 0.33125 0.046875 0.065625
0 0.4609375 0.38984375 0.046875 0.065625
0 0.4609375 0.46015625 0.046875 0.065625
0 0.4765625 0.53359375 0.046875 0.065625
0 0.4671875 0.62109375 0.046875 0.06875
0 0.45 0.69765625 0.046875 0.06875
0 0.4390625 0.78203125 0.0484375 0.071875
0 0.4421875 0.85 0.05 0.065625
0 0.4171875 0.16171875 0.04375 0.059375
0 0.42421875 0.22734375 0.04375 0.059375
0 0.4234375 0.30390625 0.0453125 0.059375
0 0.42734375 0.36953125 0.046875 0.0625
0 0.43125 0.43359375 0.0453125 0.059375
0 0.42890625 0.50390625 0.0453125 0.0625
0 0.4375 0.57421875 0.046875 0.059375
0 0.4296875 0.63828125 0.046875 0.065625
0 0.4 0.73515625 0.0484375 0.06875
0 0.396875 0.8109375 0.04375 0.06875
0 0.4 0.8828125 0.0484375 0.06875
0 0.37734375 0.14453125 0.0421875 0.0625
0 0.37109375 0.19921875 0.04375 0.059375
0 0.3875 0.2765625 0.046875 0.0625
0 0.3890625 0.34609375 0.0453125 0.059375
0 0.3796875 0.40390625 0.046875 0.065625
0 0.38203125 0.46640625 0.0453125 0.065625
0 0.390625 0.53671875 0.04375 0.0625
0 0.3796875 0.60234375 0.05 0.06875
0 0.37578125 0.67109375 0.046875 0.06875
0 0.33828125 0.1734375 0.040625 0.059375
0 0.34765625 0.2578125 0.04375 0.0625
0 0.3515625 0.3171875 0.046875 0.0625
0 0.34375 0.38046875 0.04375 0.0625
0 0.33984375 0.4390625 0.0453125 0.0625
0 0.3640625 0.51015625 0.040625 0.05625
0 0.346875 0.56875 0.046875 0.065625
0 0.3453125 0.63515625 0.04375 0.0625
0 0.3328125 0.70859375 0.046875 0.06875
0 0.35078125 0.77421875 0.046875 0.065625
0 0.3625 0.846875 0.04375 0.06875
0 0.31875 0.22890625 0.040625 0.05625
0 0.30703125 0.29140625 0.0421875 0.0625
0 0.315625 0.35703125 0.04375 0.059375
0 0.29921875 0.4125 0.0421875 0.0625
0 0.30234375 0.47734375 0.0421875 0.0625
0 0.3046875 0.54140625 0.04375 0.0625
0 0.30703125 0.60390625 0.046875 0.0625
0 0.30390625 0.67421875 0.0421875 0.0625
0 0.2984375 0.74140625 0.04375 0.065625
0 0.31953125 0.809375 0.0421875 0.071875