0 0.6109375 0.33125 0.06875 0.05625
0 0.68515625 0.3296875 0.06875 0.053125
0 0.20234375 0.3640625 0.071875 0.0546875
0 0.296875 0.35 0.071875 0.053125
0 0.40078125 0.346875 0.071875 0.05
0 0.14140625 0.409375 0.075 0.0546875
0 0.21640625 0.415625 0.071875 0.053125
0 0.290625 0.4109375 0.071875 0.053125
0 0.36484375 0.39296875 0.071875 0.0515625
0 0.4359375 0.3984375 0.06875 0.053125
0 0.50703125 0.37421875 0.06875 0.053125
0 0.5765625 0.38125 0.06875 0.0546875
0 0.65078125 0.38125 0.071875 0.0546875
0 0.73203125 0.3828125 0.06875 0.0546875
0 0.0984375 0.4515625 0.075 0.053125
0 0.17421875 0.4578125 0.071875 0.05
0 0.24765625 0.4640625 0.071875 0.0515625
0 0.31875 0.46015625 0.071875 0.0484375
0 0.38515625 0.44296875 0.065625 0.05
0 0.4546875 0.44609375 0.06875 0.05
0 0.52421875 0.41875 0.065625 0.05
0 0.61640625 0.4296875 0.06875 0.05
0 0.69453125 0.428125 0.06875 0.05
0 0.76796875 0.428125 0.06875 0.05
0 0.56640625 0.46484375 0.065625 0.0484375
0 0.6453125 0.46875 0.065625 0.0484375
0 0.71875 0.4734375 0.065625 0.0484375
0 0.78984375 0.48203125 0.065625 0.0484375
0 0.0578125 0.50234375 0.071875 0.0515625
0 0.13515625 0.50078125 0.071875 0.05
0 0.20546875 0.51171875 0.06875 0.0484375
0 0.2921875 0.5046875 0.06875 0.046875
0 0.38515625 0.49609375 0.06875 0.0484375
0 0.45234375 0.5 0.0625 0.05
0 0.521875 0.5046875 0.065625 0.05
0 0.60234375 0.5109375 0.065625 0.046875
0 0.67734375 0.5125 0.065625 0.046875
0 0.7453125 0.5203125 0.0625 0.0453125
0 0.809375 0.53046875 0.0625 0.046875
0 0.0890625 0.5484375 0.075 0.05
0 0.165625 0.553125 0.071875 0.05
0 0.24453125 0.55234375 0.06875 0.0484375
0 0.346875 0.5375 0.065625 0.046875
0 0.41953125 0.54296875 0.0625 0.05
0 0.48671875 0.54921875 0.06875 0.0484375
0 0.55859375 0.55078125 0.0625 0.046875
0 0.63125 0.5484375 0.0625 0.046875
0 0.703125 0.5578125 0.065625 0.046875
0 0.78671875 0.57578125 0.0625 0.04375
0 0.040625 0.5890625 0.071875 0.04375
0 0.11953125 0.59453125 0.071875 0.046875
0 0.20703125 0.5953125 0.06875 0.046875
0 0.30546875 0.5796875 0.06875 0.05
0 0.38046875 0.584375 0.065625 0.046875
0 0.44609375 0.5875 0.0625 0.04375
0 0.51796875 0.590625 0.06875 0.046875
0 0.59453125 0.59375 0.065625 0.04375
0 0.67109375 0.6015625 0.0625 0.04375
0 0.73671875 0.60625 0.0625 0.0453125
0 0.8109375 0.621875 0.0625 0.04375
0 0.08671875 0.64296875 0.075 0.046875
0 0.1640625 0.63515625 0.06875 0.046875
0 0.2703125 0.6171875 0.06875 0.046875
0 0.33984375 0.6234375 0.065625 0.046875
0 0.40859375 0.6265625 0.065625 0.0484375
0 0.47890625 0.6296875 0.065625 0.04375
0 0.54921875 0.63359375 0.065625 0.0453125
0 0.6109375 0.628125 0.0625 0.0453125
0 0.68671875 0.6375 0.065625 0.0421875
0 0.75703125 0.65 0.0625 0.040625
0 0.05625 0.690625 0.06875 0.046875
0 0.1375 0.675 0.06875 0.05
0 0.2296875 0.6625 0.06875 0.046875
0 0.29921875 0.665625 0.065625 0.04375
0 0.36953125 0.6703125 0.065625 0.04375
0 0.44609375 0.67109375 0.06875 0.0453125
0 0.51328125 0.675 0.065625 0.04375
0 0.57734375 0.66953125 0.065625 0.04375
0 0.6390625 0.66875 0.0625 0.046875
0 0.7171875 0.68359375 0.0625 0.0421875
0 0.78359375 0.6890625 0.059375 0.04375
0 0.10078125 0.7296875 0.071875 0.046875
0 0.19921875 0.7015625 0.06875 0.04375
0 0.2671875 0.70625 0.06875 0.046875
0 0.3328125 0.7015625 0.065625 0.046875
0 0.4046875 0.709375 0.06875 0.04375
0 0.4703125 0.70625 0.0625 0.04375
0 0.53671875 0.7046875 0.0625 0.040625
0 0.60234375 0.7109375 0.0625 0.0421875
0 0.66328125 0.709375 0.059375 0.0421875
0 0.74609375 0.725 0.0625 0.040625
0 0.16875 0.7421875 0.065625 0.04375
0 0.23671875 0.7546875 0.06875 0.04375
0 0.30546875 0.7484375 0.065625 0.04375
0 0.37109375 0.74765625 0.0625 0.04375
0 0.43671875 0.75 0.0625 0.0421875
0 0.5015625 0.753125 0.0625 0.04375
0 0.5671875 0.75078125 0.0625 0.04375
0 0.63359375 0.7578125 0.059375 0.040625
0 0.69609375 0.7546875 0.059375 0.04375