0 0.33125 0.3890625 0.05625 0.06875
0 0.3296875 0.31484375 0.053125 0.06875
0 0.3640625 0.79765625 0.0546875 0.071875
0 0.35 0.703125 0.053125 0.071875
0 0.346875 0.59921875 0.05 0.071875
0 0.409375 0.85859375 0.0546875 0.075
0 0.415625 0.78359375 0.053125 0.071875
0 0.4109375 0.709375 0.053125 0.071875
0 0.39296875 0.63515625 0.0515625 0.071875
0 0.3984375 0.5640625 0.053125 0.06875
0 0.37421875 0.49296875 0.053125 0.06875
0 0.38125 0.4234375 0.0546875 0.06875
0 0.38125 0.34921875 0.0546875 0.071875
0 0.3828125 0.26796875 0.0546875 0.06875
0 0.4515625 0.9015625 0.053125 0.075
0 0.4578125 0.82578125 0.05 0.071875
0 0.4640625 0.75234375 0.0515625 0.071875
0 0.46015625 0.68125 0.0484375 0.071875
0 0.44296875 0.61484375 0.05 0.065625
0 0.44609375 0.5453125 0.05 0.06875
0 0.41875 0.47578125 0.05 0.065625
0 0.4296875 0.38359375 0.05 0.06875
0 0.428125 0.30546875 0.05 0.06875
0 0.428125 0.23203125 0.05 0.06875
0 0.46484375 0.43359375 0.0484375 0.065625
0 0.46875 0.3546875 0.0484375 0.065625
0 0.4734375 0.28125 0.0484375 0.065625
0 0.48203125 0.21015625 0.0484375 0.065625
0 0.50234375 0.9421875 0.0515625 0.071875
0 0.50078125 0.86484375 0.05 0.071875
0 0.51171875 0.79453125 0.0484375 0.06875
0 0.5046875 0.7078125 0.046875 0.06875
0 0.49609375 0.61484375 0.0484375 0.06875
0 0.5 0.54765625 0.05 0.0625
0 0.5046875 0.478125 0.05 0.065625
0 0.5109375 0.39765625 0.046875 0.065625
0 0.5125 0.32265625 0.046875 0.065625
0 0.5203125 0.2546875 0.0453125 0.0625
0 0.53046875 0.190625 0.046875 0.0625
0 0.5484375 0.9109375 0.05 0.075
0 0.553125 0.834375 0.05 0.071875
0 0.55234375 0.75546875 0.0484375 0.06875
0 0.5375 0.653125 0.046875 0.065625
0 0.54296875 0.58046875 0.05 0.0625
0 0.54921875 0.51328125 0.0484375 0.06875
0 0.55078125 0.44140625 0.046875 0.0625
0 0.5484375 0.36875 0.046875 0.0625
0 0.5578125 0.296875 0.046875 0.065625
0 0.57578125 0.21328125 0.04375 0.0625
0 0.5890625 0.959375 0.04375 0.071875
0 0.59453125 0.88046875 0.046875 0.071875
0 0.5953125 0.79296875 0.046875 0.06875
0 0.5796875 0.69453125 0.05 0.06875
0 0.584375 0.61953125 0.046875 0.065625
0 0.5875 0.55390625 0.04375 0.0625
0 0.590625 0.48203125 0.046875 0.06875
0 0.59375 0.40546875 0.04375 0.065625
0 0.6015625 0.32890625 0.04375 0.0625
0 0.60625 0.26328125 0.0453125 0.0625
0 0.621875 0.1890625 0.04375 0.0625
0 0.64296875 0.91328125 0.046875 0.075
0 0.63515625 0.8359375 0.046875 0.06875
0 0.6171875 0.7296875 0.046875 0.06875
0 0.6234375 0.66015625 0.046875 0.065625
0 0.6265625 0.59140625 0.0484375 0.065625
0 0.6296875 0.52109375 0.04375 0.065625
0 0.63359375 0.45078125 0.0453125 0.065625
0 0.628125 0.3890625 0.0453125 0.0625
0 0.6375 0.31328125 0.0421875 0.065625
0 0.65 0.24296875 0.040625 0.0625
0 0.690625 0.94375 0.046875 0.06875
0 0.675 0.8625 0.05 0.06875
0 0.6625 0.7703125 0.046875 0.06875
0 0.665625 0.70078125 0.04375 0.065625
0 0.6703125 0.63046875 0.04375 0.065625
0 0.67109375 0.55390625 0.0453125 0.06875
0 0.675 0.48671875 0.04375 0.065625
0 0.66953125 0.42265625 0.04375 0.065625
0 0.66875 0.3609375 0.046875 0.0625
0 0.68359375 0.2828125 0.0421875 0.0625
0 0.6890625 0.21640625 0.04375 0.059375
0 0.7296875 0.89921875 0.046875 0.0734375
0 0.7015625 0.80078125 0.04375 0.06875
0 0.70625 0.7328125 0.046875 0.06875
0 0.7015625 0.6671875 0.046875 0.065625
0 0.709375 0.5953125 0.04375 0.06875
0 0.70625 0.5296875 0.04375 0.0625
0 0.7046875 0.46328125 0.040625 0.0625
0 0.7109375 0.39765625 0.0421875 0.0625
0 0.709375 0.33671875 0.0421875 0.059375
0 0.725 0.25390625 0.040625 0.0625
0 0.7421875 0.83125 0.04375 0.0640625
0 0.7546875 0.76328125 0.04375 0.06875
0 0.7484375 0.69453125 0.04375 0.065625
0 0.74765625 0.62890625 0.04375 0.0625
0 0.75 0.56328125 0.0421875 0.0625
0 0.753125 0.4984375 0.04375 0.0625
0 0.75078125 0.4328125 0.04375 0.0625
0 0.7578125 0.36640625 0.040625 0.059375
0 0.7546875 0.30390625 0.04375 0.059375