0 0.66875 0.3890625 0.05625 0.06875
0 0.6703125 0.31484375 0.053125 0.06875
0 0.6359375 0.79765625 0.0546875 0.071875
0 0.65 0.703125 0.053125 0.071875
0 0.653125 0.59921875 0.05 0.071875
0 0.590625 0.85859375 0.0546875 0.075
0 0.584375 0.78359375 0.053125 0.071875
0 0.5890625 0.709375 0.053125 0.071875
0 0.60703125 0.63515625 0.0515625 0.071875
0 0.6015625 0.5640625 0.053125 0.06875
0 0.62578125 0.49296875 0.053125 0.06875
0 0.61875 0.4234375 0.0546875 0.06875
0 0.61875 0.34921875 0.0546875 0.071875
0 0.6171875 0.26796875 0.0546875 0.06875
0 0.5484375 0.9015625 0.053125 0.075
0 0.5421875 0.82578125 0.05 0.071875
0 0.5359375 0.75234375 0.0515625 0.071875
0 0.53984375 0.68125 0.0484375 0.071875
0 0.55703125 0.61484375 0.05 0.065625
0 0.55390625 0.5453125 0.05 0.06875
0 0.58125 0.47578125 0.05 0.065625
0 0.5703125 0.38359375 0.05 0.06875
0 0.571875 0.30546875 0.05 0.06875
0 0.571875 0.23203125 0.05 0.06875
0 0.53515625 0.43359375 0.0484375 0.065625
0 0.53125 0.3546875 0.0484375 0.065625
0 0.5265625 0.28125 0.0484375 0.065625
0 0.51796875 0.21015625 0.0484375 0.065625
0 0.49765625 0.9421875 0.0515625 0.071875
0 0.49921875 0.86484375 0.05 0.071875
0 0.48828125 0.79453125 0.0484375 0.06875
0 0.4953125 0.7078125 0.046875 0.06875
0 0.50390625 0.61484375 0.0484375 0.06875
0 0.5 0.54765625 0.05 0.0625
0 0.4953125 0.478125 0.05 0.065625
0 0.4890625 0.39765625 0.046875 0.065625
0 0.4875 0.32265625 0.046875 0.065625
0 0.4796875 0.2546875 0.0453125 0.0625
0 0.46953125 0.190625 0.046875 0.0625
0 0.4515625 0.9109375 0.05 0.075
0 0.446875 0.834375 0.05 0.071875
0 0.44765625 0.75546875 0.0484375 0.06875
0 0.4625 0.653125 0.046875 0.065625
0 0.45703125 0.58046875 0.05 0.0625
0 0.45078125 0.51328125 0.0484375 0.06875
0 0.44921875 0.44140625 0.046875 0.0625
0 0.4515625 0.36875 0.046875 0.0625
0 0.4421875 0.296875 0.046875 0.065625
0 0.42421875 0.21328125 0.04375 0.0625
0 0.4109375 0.959375 0.04375 0.071875
0 0.40546875 0.88046875 0.046875 0.071875
0 0.4046875 0.79296875 0.046875 0.06875
0 0.4203125 0.69453125 0.05 0.06875
0 0.415625 0.61953125 0.046875 0.065625
0 0.4125 0.55390625 0.04375 0.0625
0 0.409375 0.48203125 0.046875 0.06875
0 0.40625 0.40546875 0.04375 0.065625
0 0.3984375 0.32890625 0.04375 0.0625
0 0.39375 0.26328125 0.0453125 0.0625
0 0.378125 0.1890625 0.04375 0.0625
0 0.35703125 0.91328125 0.046875 0.075
0 0.36484375 0.8359375 0.046875 0.06875
0 0.3828125 0.7296875 0.046875 0.06875
0 0.3765625 0.66015625 0.046875 0.065625
0 0.3734375 0.59140625 0.0484375 0.065625
0 0.3703125 0.52109375 0.04375 0.065625
0 0.36640625 0.45078125 0.0453125 0.065625
0 0.371875 0.3890625 0.0453125 0.0625
0 0.3625 0.31328125 0.0421875 0.065625
0 0.35 0.24296875 0.040625 0.0625
0 0.309375 0.94375 0.046875 0.06875
0 0.325 0.8625 0.05 0.06875
0 0.3375 0.7703125 0.046875 0.06875
0 0.334375 0.70078125 0.04375 0.065625
0 0.3296875 0.63046875 0.04375 0.065625
0 0.32890625 0.55390625 0.0453125 0.06875
0 0.325 0.48671875 0.04375 0.065625
0 0.33046875 0.42265625 0.04375 0.065625
0 0.33125 0.3609375 0.046875 0.0625
0 0.31640625 0.2828125 0.0421875 0.0625
0 0.3109375 0.21640625 0.04375 0.059375
0 0.2703125 0.89921875 0.046875 0.0734375
0 0.2984375 0.80078125 0.04375 0.06875
0 0.29375 0.7328125 0.046875 0.06875
0 0.2984375 0.6671875 0.046875 0.065625
0 0.290625 0.5953125 0.04375 0.06875
0 0.29375 0.5296875 0.04375 0.0625
0 0.2953125 0.46328125 0.040625 0.0625
0 0.2890625 0.39765625 0.0421875 0.0625
0 0.290625 0.33671875 0.0421875 0.059375
0 0.275 0.25390625 0.040625 0.0625
0 0.2578125 0.83125 0.04375 0.0640625
0 0.2453125 0.76328125 0.04375 0.06875
0 0.2515625 0.69453125 0.04375 0.065625
0 0.25234375 0.62890625 0.04375 0.0625
0 0.25 0.56328125 0.0421875 0.0625
0 0.246875 0.4984375 0.04375 0.0625
0 0.24921875 0.4328125 0.04375 0.0625
0 0.2421875 0.36640625 0.040625 0.059375
0 0.2453125 0.30390625 0.04375 0.059375