0 0.6921875 0.71640625 0.05625 0.03125
0 0.6875 0.68203125 0.0546875 0.028125
0 0.69140625 0.65546875 0.05625 0.03125
0 0.6859375 0.61796875 0.0546875 0.03125
0 0.68203125 0.5875 0.05 0.028125
0 0.64453125 0.73125 0.05 0.028125
0 0.64296875 0.69921875 0.053125 0.028125
0 0.6390625 0.665625 0.05625 0.0296875
0 0.640625 0.63828125 0.05625 0.03125
0 0.59453125 0.7171875 0.053125 0.028125
0 0.59375 0.6828125 0.053125 0.028125
0 0.58828125 0.64921875 0.053125 0.028125
0 0.58671875 0.61953125 0.053125 0.028125
0 0.634375 0.60859375 0.0546875 0.028125
0 0.90078125 0.3078125 0.065625 0.0359375
0 0.83828125 0.40859375 0.06875 0.034375
0 0.8375 0.3734375 0.059375 0.034375
0 0.83984375 0.32734375 0.065625 0.0375
0 0.84921875 0.284375 0.065625 0.0359375
0 0.85703125 0.24453125 0.065625 0.0375
0 0.8609375 0.21484375 0.065625 0.03125
0 0.76796875 0.4234375 0.0609375 0.034375
0 0.77578125 0.38828125 0.065625 0.0375
0 0.784375 0.3515625 0.0640625 0.0375
0 0.7890625 0.3046875 0.065625 0.0375
0 0.78828125 0.259375 0.065625 0.0390625
0 0.7875 0.22109375 0.065625 0.0375
0 0.82421875 0.18203125 0.0609375 0.034375
0 0.76875 0.15546875 0.0609375 0.0375
0 0.715625 0.40625 0.065625 0.0375
0 0.72578125 0.36796875 0.065625 0.0375
0 0.734375 0.3296875 0.065625 0.0390625
0 0.73203125 0.28671875 0.0625 0.0375
0 0.73046875 0.24375 0.065625 0.0375
0 0.71875 0.2015625 0.065625 0.0375
0 0.7 0.16953125 0.059375 0.034375
0 0.66796875 0.384375 0.0625 0.0375
0 0.67421875 0.34609375 0.065625 0.0375
0 0.6828125 0.309375 0.065625 0.0375
0 0.68046875 0.26640625 0.065625 0.0375
0 0.66640625 0.2171875 0.065625 0.0375
0 0.63984375 0.18515625 0.0625 0.034375
0 0.615625 0.36328125 0.0625 0.0375
0 0.61484375 0.32265625 0.065625 0.0375
0 0.63046875 0.2890625 0.0640625 0.0375
0 0.56796875 0.28984375 0.0625 0.0375
0 0.615625 0.25546875 0.0625 0.0375
0 0.596875 0.20859375 0.0625 0.0375
0 0.628125 0.58515625 0.065625 0.040625
0 0.65390625 0.546875 0.065625 0.0375
0 0.665625 0.49609375 0.065625 0.0375
0 0.6328125 0.4640625 0.06875 0.0375
0 0.64921875 0.428125 0.0625 0.0375
0 0.60703125 0.403125 0.065625 0.0390625
0 0.5625 0.584375 0.0625 0.0375
0 0.59296875 0.55390625 0.0625 0.0375
0 0.61640625 0.51875 0.0625 0.0375
0 0.58359375 0.4890625 0.0640625 0.0375
0 0.57421875 0.43515625 0.065625 0.0375
0 0.54296875 0.403125 0.0625 0.0375
0 0.5546875 0.5265625 0.065625 0.0375
0 0.52421875 0.49609375 0.0625 0.0375
0 0.53125 0.4609375 0.065625 0.0375
0 0.50078125 0.42890625 0.0640625 0.0375
0 0.52578125 0.55625 0.0625 0.0375
0 0.49296875 0.525 0.0609375 0.0375
0 0.46015625 0.4953125 0.065625 0.0375
0 0.4671875 0.45859375 0.0640625 0.0375
0 0.53828125 0.709375 0.059375 0.034375
0 0.53359375 0.675 0.059375 0.034375
0 0.503125 0.64765625 0.059375 0.03125
0 0.5109375 0.61796875 0.059375 0.034375
0 0.5015625 0.58828125 0.059375 0.034375
0 0.5140625 0.73828125 0.059375 0.034375
0 0.46875 0.7515625 0.05625 0.034375
0 0.4125 0.74453125 0.0546875 0.0328125
0 0.35703125 0.73984375 0.05625 0.03125
0 0.48125 0.71171875 0.05625 0.034375
0 0.44609375 0.684375 0.059375 0.034375
0 0.465625 0.5484375 0.0609375 0.0359375
0 0.44609375 0.6421875 0.059375 0.0359375
0 0.45078125 0.60859375 0.059375 0.034375
0 0.44453125 0.578125 0.059375 0.034375
0 0.42578125 0.71484375 0.05625 0.034375
0 0.37109375 0.709375 0.059375 0.034375
0 0.403125 0.66328125 0.059375 0.034375
0 0.39453125 0.628125 0.05625 0.03125
0 0.396875 0.59453125 0.05625 0.03125
0 0.39375 0.56171875 0.059375 0.034375
0 0.41328125 0.53203125 0.0609375 0.034375
0 0.409375 0.496875 0.059375 0.034375
0 0.353125 0.68359375 0.059375 0.034375
0 0.3484375 0.65 0.059375 0.034375
0 0.34296875 0.61171875 0.059375 0.034375
0 0.34453125 0.57734375 0.059375 0.03125
0 0.3453125 0.54375 0.059375 0.0328125
0 0.3609375 0.515625 0.0609375 0.034375
0 0.3609375 0.47890625 0.0625 0.0359375
0 0.31328125 0.721875 0.05625 0.034375
0 0.2984375 0.69140625 0.059375 0.0328125
0 0.2953125 0.659375 0.05625 0.03125
0 0.290625 0.628125 0.05625 0.03125
0 0.29375 0.59453125 0.059375 0.034375
0 0.29296875 0.5609375 0.0609375 0.0328125
0 0.29296875 0.5265625 0.0609375 0.0328125
0 0.3140625 0.4953125 0.0625 0.0375
0 0.50625 0.38125 0.0625 0.0359375
0 0.51328125 0.3453125 0.0625 0.0375
0 0.515625 0.31015625 0.0625 0.0375
0 0.51953125 0.26875 0.0625 0.0359375
0 0.5234375 0.23203125 0.0640625 0.0375
0 0.52109375 0.19296875 0.065625 0.034375
0 0.44296875 0.43046875 0.059375 0.034375
0 0.3875 0.44453125 0.059375 0.034375
0 0.33671875 0.42578125 0.059375 0.034375
0 0.4515625 0.3953125 0.0609375 0.034375
0 0.39296875 0.409375 0.059375 0.034375
0 0.45703125 0.359375 0.0640625 0.0359375
0 0.45859375 0.32265625 0.0640625 0.034375
0 0.46640625 0.28671875 0.0625 0.034375
0 0.46796875 0.2515625 0.0609375 0.034375
0 0.46953125 0.21484375 0.0625 0.0375
0 0.46796875 0.175 0.0625 0.0375
0 0.4015625 0.375 0.0609375 0.034375
0 0.40390625 0.3390625 0.0609375 0.034375
0 0.4078125 0.30078125 0.065625 0.0375
0 0.41015625 0.2625 0.0609375 0.0375
0 0.40859375 0.225 0.0625 0.0375
0 0.40625 0.184375 0.0625 0.0375
0 0.3453125 0.38984375 0.059375 0.034375
0 0.34921875 0.35390625 0.059375 0.034375
0 0.353125 0.3171875 0.059375 0.034375
0 0.35546875 0.27890625 0.059375 0.034375
0 0.35703125 0.2453125 0.059375 0.0359375
0 0.35078125 0.203125 0.059375 0.034375
0 0.296875 0.403125 0.059375 0.034375
0 0.29609375 0.36796875 0.059375 0.034375
0 0.30078125 0.33359375 0.0625 0.0359375
0 0.30546875 0.29765625 0.0640625 0.034375
0 0.2921875 0.26015625 0.0625 0.034375
0 0.30546875 0.22734375 0.059375 0.034375