0 0.28359375 0.3078125 0.03125 0.05625
0 0.31796875 0.3125 0.028125 0.0546875
0 0.34453125 0.30859375 0.03125 0.05625
0 0.38203125 0.3140625 0.03125 0.0546875
0 0.4125 0.31796875 0.028125 0.05
0 0.26875 0.35546875 0.028125 0.05
0 0.30078125 0.35703125 0.028125 0.053125
0 0.334375 0.3609375 0.0296875 0.05625
0 0.36171875 0.359375 0.03125 0.05625
0 0.2828125 0.40546875 0.028125 0.053125
0 0.3171875 0.40625 0.028125 0.053125
0 0.35078125 0.41171875 0.028125 0.053125
0 0.38046875 0.41328125 0.028125 0.053125
0 0.39140625 0.365625 0.028125 0.0546875
0 0.6921875 0.09921875 0.0359375 0.065625
0 0.59140625 0.16171875 0.034375 0.06875
0 0.6265625 0.1625 0.034375 0.059375
0 0.67265625 0.16015625 0.0375 0.065625
0 0.715625 0.15078125 0.0359375 0.065625
0 0.75546875 0.14296875 0.0375 0.065625
0 0.78515625 0.1390625 0.03125 0.065625
0 0.5765625 0.23203125 0.034375 0.0609375
0 0.61171875 0.22421875 0.0375 0.065625
0 0.6484375 0.215625 0.0375 0.0640625
0 0.6953125 0.2109375 0.0375 0.065625
0 0.740625 0.21171875 0.0390625 0.065625
0 0.77890625 0.2125 0.0375 0.065625
0 0.81796875 0.17578125 0.034375 0.0609375
0 0.84453125 0.23125 0.0375 0.0609375
0 0.59375 0.284375 0.0375 0.065625
0 0.63203125 0.27421875 0.0375 0.065625
0 0.6703125 0.265625 0.0390625 0.065625
0 0.71328125 0.26796875 0.0375 0.0625
0 0.75625 0.26953125 0.0375 0.065625
0 0.7984375 0.28125 0.0375 0.065625
0 0.83046875 0.3 0.034375 0.059375
0 0.615625 0.33203125 0.0375 0.0625
0 0.65390625 0.32578125 0.0375 0.065625
0 0.690625 0.3171875 0.0375 0.065625
0 0.73359375 0.31953125 0.0375 0.065625
0 0.7828125 0.33359375 0.0375 0.065625
0 0.81484375 0.36015625 0.034375 0.0625
0 0.63671875 0.384375 0.0375 0.0625
0 0.67734375 0.38515625 0.0375 0.065625
0 0.7109375 0.36953125 0.0375 0.0640625
0 0.71015625 0.43203125 0.0375 0.0625
0 0.74453125 0.384375 0.0375 0.0625
0 0.79140625 0.403125 0.0375 0.0625
0 0.41484375 0.371875 0.040625 0.065625
0 0.453125 0.34609375 0.0375 0.065625
0 0.50390625 0.334375 0.0375 0.065625
0 0.5359375 0.3671875 0.0375 0.06875
0 0.571875 0.35078125 0.0375 0.0625
0 0.596875 0.39296875 0.0390625 0.065625
0 0.415625 0.4375 0.0375 0.0625
0 0.44609375 0.40703125 0.0375 0.0625
0 0.48125 0.38359375 0.0375 0.0625
0 0.5109375 0.41640625 0.0375 0.0640625
0 0.56484375 0.42578125 0.0375 0.065625
0 0.596875 0.45703125 0.0375 0.0625
0 0.4734375 0.4453125 0.0375 0.065625
0 0.50390625 0.47578125 0.0375 0.0625
0 0.5390625 0.46875 0.0375 0.065625
0 0.57109375 0.49921875 0.0375 0.0640625
0 0.44375 0.47421875 0.0375 0.0625
0 0.475 0.50703125 0.0375 0.0609375
0 0.5046875 0.53984375 0.0375 0.065625
0 0.54140625 0.5328125 0.0375 0.0640625
0 0.290625 0.46171875 0.034375 0.059375
0 0.325 0.46640625 0.034375 0.059375
0 0.35234375 0.496875 0.03125 0.059375
0 0.38203125 0.4890625 0.034375 0.059375
0 0.41171875 0.4984375 0.034375 0.059375
0 0.26171875 0.4859375 0.034375 0.059375
0 0.2484375 0.53125 0.034375 0.05625
0 0.25546875 0.5875 0.0328125 0.0546875
0 0.26015625 0.64296875 0.03125 0.05625
0 0.28828125 0.51875 0.034375 0.05625
0 0.315625 0.55390625 0.034375 0.059375
0 0.4515625 0.534375 0.0359375 0.0609375
0 0.3578125 0.55390625 0.0359375 0.059375
0 0.39140625 0.54921875 0.034375 0.059375
0 0.421875 0.55546875 0.034375 0.059375
0 0.28515625 0.57421875 0.034375 0.05625
0 0.290625 0.62890625 0.034375 0.059375
0 0.33671875 0.596875 0.034375 0.059375
0 0.371875 0.60546875 0.03125 0.05625
0 0.40546875 0.603125 0.03125 0.05625
0 0.43828125 0.60625 0.034375 0.059375
0 0.46796875 0.58671875 0.034375 0.0609375
0 0.503125 0.590625 0.034375 0.059375
0 0.31640625 0.646875 0.034375 0.059375
0 0.35 0.6515625 0.034375 0.059375
0 0.38828125 0.65703125 0.034375 0.059375
0 0.42265625 0.65546875 0.03125 0.059375
0 0.45625 0.6546875 0.0328125 0.059375
0 0.484375 0.6390625 0.034375 0.0609375
0 0.52109375 0.6390625 0.0359375 0.0625
0 0.278125 0.68671875 0.034375 0.05625
0 0.30859375 0.7015625 0.0328125 0.059375
0 0.340625 0.7046875 0.03125 0.05625
0 0.371875 0.709375 0.03125 0.05625
0 0.40546875 0.70625 0.034375 0.059375
0 0.4390625 0.70703125 0.0328125 0.0609375
0 0.4734375 0.70703125 0.0328125 0.0609375
0 0.5046875 0.6859375 0.0375 0.0625
0 0.61875 0.49375 0.0359375 0.0625
0 0.6546875 0.48671875 0.0375 0.0625
0 0.68984375 0.484375 0.0375 0.0625
0 0.73125 0.48046875 0.0359375 0.0625
0 0.76796875 0.4765625 0.0375 0.0640625
0 0.80703125 0.47890625 0.034375 0.065625
0 0.56953125 0.55703125 0.034375 0.059375
0 0.55546875 0.6125 0.034375 0.059375
0 0.57421875 0.66328125 0.034375 0.059375
0 0.6046875 0.5484375 0.034375 0.0609375
0 0.590625 0.60703125 0.034375 0.059375
0 0.640625 0.54296875 0.0359375 0.0640625
0 0.67734375 0.54140625 0.034375 0.0640625
0 0.71328125 0.53359375 0.034375 0.0625
0 0.7484375 0.53203125 0.034375 0.0609375
0 0.78515625 0.53046875 0.0375 0.0625
0 0.825 0.53203125 0.0375 0.0625
0 0.625 0.5984375 0.034375 0.0609375
0 0.6609375 0.59609375 0.034375 0.0609375
0 0.69921875 0.5921875 0.0375 0.065625
0 0.7375 0.58984375 0.0375 0.0609375
0 0.775 0.59140625 0.0375 0.0625
0 0.815625 0.59375 0.0375 0.0625
0 0.61015625 0.6546875 0.034375 0.059375
0 0.64609375 0.65078125 0.034375 0.059375
0 0.6828125 0.646875 0.034375 0.059375
0 0.72109375 0.64453125 0.034375 0.059375
0 0.7546875 0.64296875 0.0359375 0.059375
0 0.796875 0.64921875 0.034375 0.059375
0 0.596875 0.703125 0.034375 0.059375
0 0.63203125 0.70390625 0.034375 0.059375
0 0.66640625 0.69921875 0.0359375 0.0625
0 0.70234375 0.69453125 0.034375 0.0640625
0 0.73984375 0.7078125 0.034375 0.0625
0 0.77265625 0.69453125 0.034375 0.059375