0 0.16640625 0.0515625 0.0703125 0.05
0 0.14453125 0.0921875 0.0703125 0.05
0 0.15546875 0.15546875 0.06875 0.05
0 0.17734375 0.2296875 0.065625 0.046875
0 0.1640625 0.2734375 0.065625 0.046875
0 0.14296875 0.3109375 0.071875 0.05
0 0.125 0.35703125 0.071875 0.0515625
0 0.2234375 0.096875 0.0515625 0.0421875
0 0.20703125 0.128125 0.06875 0.046875
0 0.22265625 0.1640625 0.06875 0.05
0 0.25859375 0.19296875 0.071875 0.053125
0 0.23828125 0.25859375 0.06875 0.053125
0 0.209375 0.325 0.065625 0.05
0 0.19609375 0.36640625 0.06875 0.05
0 0.1828125 0.41484375 0.071875 0.05
0 0.221875 0.4609375 0.06875 0.053125
0 0.18125 0.50703125 0.06875 0.053125
0 0.1671875 0.5609375 0.071875 0.05625
0 0.23828125 0.5359375 0.06875 0.053125
0 0.22578125 0.5890625 0.071875 0.05625
0 0.25 0.64453125 0.0734375 0.05625
0 0.17578125 0.65703125 0.071875 0.05625
0 0.23515625 0.70234375 0.075 0.059375
0 0.221875 0.7609375 0.075 0.0609375
0 0.18046875 0.81171875 0.075 0.059375
0 0.19296875 0.88125 0.078125 0.0625
0 0.2578125 0.815625 0.08125 0.0625
0 0.27578125 0.88828125 0.078125 0.0640625
0 0.309375 0.0453125 0.06875 0.05
0 0.27578125 0.09453125 0.06875 0.05
0 0.28671875 0.15 0.06875 0.05
0 0.32421875 0.18671875 0.065625 0.05
0 0.309375 0.24140625 0.0703125 0.053125
0 0.27421875 0.31484375 0.0625 0.0421875
0 0.2703125 0.3453125 0.0703125 0.0546875
0 0.2546875 0.40703125 0.075 0.053125
0 0.26953125 0.496875 0.06875 0.05
0 0.29296875 0.5703125 0.0703125 0.05625
0 0.315625 0.6234375 0.075 0.05625
0 0.3 0.671875 0.06875 0.053125
0 0.30234375 0.746875 0.075 0.059375
0 0.346875 0.7265625 0.065625 0.05625
0 0.32421875 0.78828125 0.075 0.0625
0 0.34609375 0.875 0.071875 0.0640625
0 0.37734375 0.0578125 0.0640625 0.046875
0 0.359375 0.115625 0.0703125 0.0515625
0 0.375 0.1796875 0.0640625 0.0515625
0 0.3546875 0.2515625 0.05625 0.0484375
0 0.35 0.290625 0.071875 0.05
0 0.34609375 0.33984375 0.06875 0.0515625
0 0.309375 0.39453125 0.06875 0.05
0 0.2984375 0.45078125 0.0671875 0.05
0 0.39296875 0.3375 0.05625 0.05
0 0.384375 0.38515625 0.0671875 0.0484375
0 0.35859375 0.428125 0.065625 0.05
0 0.35390625 0.4796875 0.06875 0.05
0 0.32265625 0.5265625 0.065625 0.0515625
0 0.36484375 0.57265625 0.071875 0.05625
0 0.38828125 0.625 0.071875 0.05625
0 0.4 0.68515625 0.0765625 0.059375
0 0.41875 0.76953125 0.0734375 0.059375
0 0.38515625 0.82421875 0.071875 0.0546875
0 0.39453125 0.86015625 0.059375 0.04375
0 0.40625 0.12109375 0.05625 0.046875
0 0.4671875 0.0546875 0.06875 0.05
0 0.440625 0.14375 0.06875 0.05
0 0.48125 0.14609375 0.05 0.0375
0 0.4453125 0.1890625 0.071875 0.05
0 0.49453125 0.18125 0.05625 0.053125
0 0.4140625 0.26640625 0.065625 0.0515625
0 0.4734375 0.246875 0.0671875 0.053125
0 0.51796875 0.23828125 0.059375 0.05
0 0.4453125 0.31640625 0.0640625 0.046875
0 0.465625 0.3484375 0.0671875 0.0515625
0 0.4515625 0.40859375 0.065625 0.0515625
0 0.4109375 0.45703125 0.0671875 0.05
0 0.41640625 0.50703125 0.0703125 0.0515625
0 0.453125 0.571875 0.071875 0.059375
0 0.4625 0.653125 0.0703125 0.059375
0 0.46171875 0.71640625 0.0703125 0.059375
0 0.49296875 0.7625 0.071875 0.059375
0 0.46796875 0.828125 0.071875 0.0625
0 0.50546875 0.8859375 0.075 0.0625
0 0.51640625 0.090625 0.065625 0.05
0 0.5328125 0.178125 0.05625 0.05
0 0.51640625 0.28515625 0.06875 0.0484375
0 0.5328125 0.3234375 0.0703125 0.0515625
0 0.50859375 0.3875 0.0671875 0.05
0 0.50703125 0.4375 0.065625 0.05
0 0.4765625 0.48203125 0.065625 0.0515625
0 0.4890625 0.53125 0.0671875 0.053125
0 0.490625 0.60234375 0.0703125 0.053125
0 0.5109375 0.65234375 0.059375 0.053125
0 0.51875 0.70859375 0.071875 0.059375
0 0.57421875 0.0890625 0.0609375 0.046875
0 0.58203125 0.12734375 0.0609375 0.05
0 0.6453125 0.0875 0.0625 0.0453125
0 0.62421875 0.1515625 0.0625 0.046875
0 0.57890625 0.21015625 0.0625 0.05
0 0.625 0.19609375 0.0609375 0.046875
0 0.5953125 0.24765625 0.065625 0.05
0 0.6171875 0.2953125 0.065625 0.05
0 0.57109375 0.315625 0.0546875 0.05
0 0.55078125 0.371875 0.059375 0.04375
0 0.60078125 0.35390625 0.0609375 0.046875
0 0.559375 0.4171875 0.065625 0.05
0 0.6125 0.396875 0.0640625 0.0484375
0 0.59375 0.45078125 0.059375 0.046875
0 0.5453125 0.4703125 0.065625 0.046875
0 0.53046875 0.5109375 0.0671875 0.05
0 0.5953125 0.4984375 0.059375 0.046875
0 0.53984375 0.5625 0.06875 0.053125
0 0.58828125 0.53828125 0.0640625 0.05
0 0.55 0.6125 0.065625 0.053125
0 0.6 0.58828125 0.065625 0.05
0 0.5953125 0.63984375 0.0625 0.05
0 0.56015625 0.6796875 0.065625 0.053125
0 0.59140625 0.7203125 0.0671875 0.053125
0 0.54921875 0.753125 0.0640625 0.05625
0 0.6 0.77578125 0.065625 0.053125
0 0.53359375 0.81484375 0.071875 0.059375
0 0.58515625 0.82421875 0.0625 0.0515625
0 0.56484375 0.87734375 0.065625 0.05625