0 0.16640625 0.9484375 0.0703125 0.05
0 0.14453125 0.9078125 0.0703125 0.05
0 0.15546875 0.84453125 0.06875 0.05
0 0.17734375 0.7703125 0.065625 0.046875
0 0.1640625 0.7265625 0.065625 0.046875
0 0.14296875 0.6890625 0.071875 0.05
0 0.125 0.64296875 0.071875 0.0515625
0 0.2234375 0.903125 0.0515625 0.0421875
0 0.20703125 0.871875 0.06875 0.046875
0 0.22265625 0.8359375 0.06875 0.05
0 0.25859375 0.80703125 0.071875 0.053125
0 0.23828125 0.74140625 0.06875 0.053125
0 0.209375 0.675 0.065625 0.05
0 0.19609375 0.63359375 0.06875 0.05
0 0.1828125 0.58515625 0.071875 0.05
0 0.221875 0.5390625 0.06875 0.053125
0 0.18125 0.49296875 0.06875 0.053125
0 0.1671875 0.4390625 0.071875 0.05625
0 0.23828125 0.4640625 0.06875 0.053125
0 0.22578125 0.4109375 0.071875 0.05625
0 0.25 0.35546875 0.0734375 0.05625
0 0.17578125 0.34296875 0.071875 0.05625
0 0.23515625 0.29765625 0.075 0.059375
0 0.221875 0.2390625 0.075 0.0609375
0 0.18046875 0.18828125 0.075 0.059375
0 0.19296875 0.11875 0.078125 0.0625
0 0.2578125 0.184375 0.08125 0.0625
0 0.27578125 0.11171875 0.078125 0.065625
0 0.309375 0.9546875 0.06875 0.05
0 0.27578125 0.90546875 0.06875 0.0484375
0 0.28671875 0.85 0.06875 0.05
0 0.32421875 0.81328125 0.065625 0.0515625
0 0.309375 0.75859375 0.0703125 0.053125
0 0.27421875 0.68515625 0.0625 0.0421875
0 0.2703125 0.6546875 0.0703125 0.0546875
0 0.2546875 0.59296875 0.075 0.053125
0 0.26953125 0.503125 0.06875 0.05
0 0.29296875 0.4296875 0.0703125 0.05625
0 0.315625 0.3765625 0.075 0.05625
0 0.3 0.328125 0.06875 0.053125
0 0.30234375 0.253125 0.075 0.059375
0 0.346875 0.2734375 0.065625 0.05625
0 0.32421875 0.21171875 0.075 0.0625
0 0.34609375 0.125 0.071875 0.0640625
0 0.37734375 0.9421875 0.0640625 0.0484375
0 0.359375 0.884375 0.0703125 0.0515625
0 0.375 0.8203125 0.0640625 0.0515625
0 0.3546875 0.7484375 0.05625 0.0484375
0 0.35 0.709375 0.071875 0.05
0 0.34609375 0.66015625 0.06875 0.0515625
0 0.309375 0.60546875 0.06875 0.05
0 0.2984375 0.54921875 0.0671875 0.05
0 0.39296875 0.6625 0.05625 0.05
0 0.384375 0.61484375 0.0671875 0.0484375
0 0.35859375 0.571875 0.065625 0.05
0 0.35390625 0.5203125 0.06875 0.05
0 0.32265625 0.4734375 0.065625 0.0515625
0 0.36484375 0.42734375 0.071875 0.05625
0 0.38828125 0.375 0.071875 0.05625
0 0.4 0.31484375 0.0765625 0.059375
0 0.41875 0.23046875 0.0734375 0.059375
0 0.38515625 0.17578125 0.071875 0.0546875
0 0.39453125 0.13984375 0.059375 0.04375
0 0.40625 0.87890625 0.05625 0.0484375
0 0.4671875 0.9453125 0.06875 0.05
0 0.440625 0.85625 0.06875 0.05
0 0.48125 0.85390625 0.05 0.0375
0 0.4453125 0.8109375 0.071875 0.05
0 0.49453125 0.81875 0.05625 0.053125
0 0.4140625 0.73359375 0.065625 0.0515625
0 0.4734375 0.753125 0.0671875 0.053125
0 0.51796875 0.76171875 0.059375 0.05
0 0.4453125 0.68359375 0.0640625 0.046875
0 0.465625 0.6515625 0.0671875 0.0515625
0 0.4515625 0.59140625 0.065625 0.0515625
0 0.4109375 0.54296875 0.0671875 0.05
0 0.41640625 0.49296875 0.0703125 0.0515625
0 0.453125 0.428125 0.071875 0.059375
0 0.4625 0.346875 0.0703125 0.059375
0 0.46171875 0.28359375 0.0703125 0.059375
0 0.49296875 0.2375 0.071875 0.059375
0 0.46796875 0.171875 0.071875 0.0625
0 0.50546875 0.1140625 0.075 0.0625
0 0.51640625 0.909375 0.065625 0.05
0 0.5328125 0.821875 0.05625 0.05
0 0.51640625 0.71484375 0.06875 0.0484375
0 0.5328125 0.6765625 0.0703125 0.0515625
0 0.50859375 0.6125 0.0671875 0.05
0 0.50703125 0.5625 0.065625 0.05
0 0.4765625 0.51796875 0.065625 0.0515625
0 0.4890625 0.46875 0.0671875 0.053125
0 0.490625 0.39765625 0.0703125 0.053125
0 0.5109375 0.34765625 0.059375 0.053125
0 0.51875 0.29140625 0.071875 0.059375
0 0.57421875 0.9109375 0.0609375 0.046875
0 0.58203125 0.87265625 0.0609375 0.05
0 0.6453125 0.9125 0.0625 0.0453125
0 0.62421875 0.8484375 0.0625 0.046875
0 0.57890625 0.78984375 0.0625 0.05
0 0.625 0.80390625 0.0609375 0.046875
0 0.5953125 0.75234375 0.065625 0.05
0 0.6171875 0.7046875 0.065625 0.05
0 0.57109375 0.684375 0.0546875 0.05
0 0.55078125 0.628125 0.059375 0.04375
0 0.60078125 0.64609375 0.0609375 0.046875
0 0.559375 0.5828125 0.065625 0.05
0 0.6125 0.603125 0.0640625 0.0484375
0 0.59375 0.54921875 0.059375 0.046875
0 0.5453125 0.5296875 0.065625 0.046875
0 0.53046875 0.4890625 0.0671875 0.05
0 0.5953125 0.5015625 0.059375 0.046875
0 0.53984375 0.4375 0.06875 0.053125
0 0.58828125 0.46171875 0.0640625 0.05
0 0.55 0.3875 0.065625 0.053125
0 0.6 0.41171875 0.065625 0.05
0 0.5953125 0.36015625 0.0625 0.05
0 0.56015625 0.3203125 0.065625 0.053125
0 0.59140625 0.2796875 0.0671875 0.053125
0 0.54921875 0.246875 0.0640625 0.05625
0 0.6 0.22421875 0.065625 0.053125
0 0.53359375 0.18515625 0.071875 0.059375
0 0.58515625 0.17578125 0.0625 0.0515625
0 0.56484375 0.12265625 0.065625 0.05625