0 0.83359375 0.0515625 0.0703125 0.05
0 0.85546875 0.0921875 0.0703125 0.05
0 0.84453125 0.15546875 0.06875 0.05
0 0.82265625 0.2296875 0.065625 0.046875
0 0.8359375 0.2734375 0.065625 0.046875
0 0.85703125 0.3109375 0.071875 0.05
0 0.875 0.35703125 0.071875 0.0515625
0 0.7765625 0.096875 0.0515625 0.0421875
0 0.79296875 0.128125 0.06875 0.046875
0 0.77734375 0.1640625 0.06875 0.05
0 0.74140625 0.19296875 0.071875 0.053125
0 0.76171875 0.25859375 0.06875 0.053125
0 0.790625 0.325 0.065625 0.05
0 0.80390625 0.36640625 0.06875 0.05
0 0.8171875 0.41484375 0.071875 0.05
0 0.778125 0.4609375 0.06875 0.053125
0 0.81875 0.50703125 0.06875 0.053125
0 0.8328125 0.5609375 0.071875 0.05625
0 0.76171875 0.5359375 0.06875 0.053125
0 0.77421875 0.5890625 0.071875 0.05625
0 0.75 0.64453125 0.0734375 0.05625
0 0.82421875 0.65703125 0.071875 0.05625
0 0.76484375 0.70234375 0.075 0.059375
0 0.778125 0.7609375 0.075 0.0609375
0 0.81953125 0.81171875 0.075 0.059375
0 0.80703125 0.88125 0.078125 0.0625
0 0.7421875 0.815625 0.08125 0.0625
0 0.72421875 0.88828125 0.078125 0.0640625
0 0.690625 0.0453125 0.06875 0.05
0 0.72421875 0.09453125 0.06875 0.05
0 0.71328125 0.15 0.06875 0.05
0 0.67578125 0.18671875 0.065625 0.05
0 0.690625 0.24140625 0.0703125 0.053125
0 0.72578125 0.31484375 0.0625 0.0421875
0 0.7296875 0.3453125 0.0703125 0.0546875
0 0.7453125 0.40703125 0.075 0.053125
0 0.73046875 0.496875 0.06875 0.05
0 0.70703125 0.5703125 0.0703125 0.05625
0 0.684375 0.6234375 0.075 0.05625
0 0.7 0.671875 0.06875 0.053125
0 0.69765625 0.746875 0.075 0.059375
0 0.653125 0.7265625 0.065625 0.05625
0 0.67578125 0.78828125 0.075 0.0625
0 0.65390625 0.875 0.071875 0.0640625
0 0.62265625 0.0578125 0.0640625 0.046875
0 0.640625 0.115625 0.0703125 0.0515625
0 0.625 0.1796875 0.0640625 0.0515625
0 0.6453125 0.2515625 0.05625 0.0484375
0 0.65 0.290625 0.071875 0.05
0 0.65390625 0.33984375 0.06875 0.0515625
0 0.690625 0.39453125 0.06875 0.05
0 0.7015625 0.45078125 0.0671875 0.05
0 0.60703125 0.3375 0.05625 0.05
0 0.615625 0.38515625 0.0671875 0.0484375
0 0.64140625 0.428125 0.065625 0.05
0 0.64609375 0.4796875 0.06875 0.05
0 0.67734375 0.5265625 0.065625 0.0515625
0 0.63515625 0.57265625 0.071875 0.05625
0 0.61171875 0.625 0.071875 0.05625
0 0.6 0.68515625 0.0765625 0.059375
0 0.58125 0.76953125 0.0734375 0.059375
0 0.61484375 0.82421875 0.071875 0.0546875
0 0.60546875 0.86015625 0.059375 0.04375
0 0.59375 0.12109375 0.05625 0.046875
0 0.5328125 0.0546875 0.06875 0.05
0 0.559375 0.14375 0.06875 0.05
0 0.51875 0.14609375 0.05 0.0375
0 0.5546875 0.1890625 0.071875 0.05
0 0.50546875 0.18125 0.05625 0.053125
0 0.5859375 0.26640625 0.065625 0.0515625
0 0.5265625 0.246875 0.0671875 0.053125
0 0.48203125 0.23828125 0.059375 0.05
0 0.5546875 0.31640625 0.0640625 0.046875
0 0.534375 0.3484375 0.0671875 0.0515625
0 0.5484375 0.40859375 0.065625 0.0515625
0 0.5890625 0.45703125 0.0671875 0.05
0 0.58359375 0.50703125 0.0703125 0.0515625
0 0.546875 0.571875 0.071875 0.059375
0 0.5375 0.653125 0.0703125 0.059375
0 0.53828125 0.71640625 0.0703125 0.059375
0 0.50703125 0.7625 0.071875 0.059375
0 0.53203125 0.828125 0.071875 0.0625
0 0.49453125 0.8859375 0.075 0.0625
0 0.48359375 0.090625 0.065625 0.05
0 0.4671875 0.178125 0.05625 0.05
0 0.48359375 0.28515625 0.06875 0.0484375
0 0.4671875 0.3234375 0.0703125 0.0515625
0 0.49140625 0.3875 0.0671875 0.05
0 0.49296875 0.4375 0.065625 0.05
0 0.5234375 0.48203125 0.065625 0.0515625
0 0.5109375 0.53125 0.0671875 0.053125
0 0.509375 0.60234375 0.0703125 0.053125
0 0.4890625 0.65234375 0.059375 0.053125
0 0.48125 0.70859375 0.071875 0.059375
0 0.42578125 0.0890625 0.0609375 0.046875
0 0.41796875 0.12734375 0.0609375 0.05
0 0.3546875 0.0875 0.0625 0.0453125
0 0.37578125 0.1515625 0.0625 0.046875
0 0.42109375 0.21015625 0.0625 0.05
0 0.375 0.19609375 0.0609375 0.046875
0 0.4046875 0.24765625 0.065625 0.05
0 0.3828125 0.2953125 0.065625 0.05
0 0.42890625 0.315625 0.0546875 0.05
0 0.44921875 0.371875 0.059375 0.04375
0 0.39921875 0.35390625 0.0609375 0.046875
0 0.440625 0.4171875 0.065625 0.05
0 0.3875 0.396875 0.0640625 0.0484375
0 0.40625 0.45078125 0.059375 0.046875
0 0.4546875 0.4703125 0.065625 0.046875
0 0.46953125 0.5109375 0.0671875 0.05
0 0.4046875 0.4984375 0.059375 0.046875
0 0.46015625 0.5625 0.06875 0.053125
0 0.41171875 0.53828125 0.0640625 0.05
0 0.45 0.6125 0.065625 0.053125
0 0.4 0.58828125 0.065625 0.05
0 0.4046875 0.63984375 0.0625 0.05
0 0.43984375 0.6796875 0.065625 0.053125
0 0.40859375 0.7203125 0.0671875 0.053125
0 0.45078125 0.753125 0.0640625 0.05625
0 0.4 0.77578125 0.065625 0.053125
0 0.46640625 0.81484375 0.071875 0.059375
0 0.41484375 0.82421875 0.0625 0.0515625
0 0.43515625 0.87734375 0.065625 0.05625