0 0.828125 0.0859375 0.1265625 0.0734375
0 0.84609375 0.15703125 0.13125 0.075
0 0.8515625 0.2421875 0.1265625 0.071875
0 0.83828125 0.315625 0.128125 0.071875
0 0.8390625 0.3859375 0.1328125 0.075
0 0.81875 0.4609375 0.1296875 0.075
0 0.8328125 0.53125 0.1265625 0.071875
0 0.82578125 0.615625 0.134375 0.0625
0 0.78828125 0.69375 0.121875 0.071875
0 0.80078125 0.7609375 0.115625 0.065625
0 0.83203125 0.82109375 0.103125 0.0640625
0 0.796875 0.91484375 0.1265625 0.06875
0 0.6859375 0.0640625 0.11875 0.075
0 0.73984375 0.15546875 0.10625 0.065625
0 0.75234375 0.21484375 0.115625 0.06875
0 0.72578125 0.2796875 0.121875 0.071875
0 0.7171875 0.3515625 0.121875 0.06875
0 0.72265625 0.4375 0.115625 0.0640625
0 0.70703125 0.5046875 0.11875 0.071875
0 0.69609375 0.57734375 0.11875 0.06875
0 0.69609375 0.64765625 0.11875 0.071875
0 0.68046875 0.73359375 0.1125 0.06875
0 0.64765625 0.82421875 0.125 0.0734375
0 0.703125 0.859375 0.109375 0.0625
0 0.70234375 0.91484375 0.103125 0.0671875
0 0.559375 0.07890625 0.115625 0.071875
0 0.609375 0.16875 0.11875 0.071875
0 0.628125 0.23828125 0.115625 0.06875
0 0.5984375 0.32578125 0.115625 0.071875
0 0.64375 0.40234375 0.1 0.0625
0 0.5984375 0.46796875 0.115625 0.06875
0 0.64609375 0.53359375 0.1 0.059375
0 0.596875 0.68046875 0.1125 0.065625
0 0.578125 0.7578125 0.1125 0.06875
0 0.58125 0.83359375 0.103125 0.065625
0 0.58984375 0.89765625 0.103125 0.0640625
0 0.48515625 0.06015625 0.103125 0.065625
0 0.475 0.12890625 0.10625 0.06875
0 0.50625 0.21328125 0.10625 0.06875
0 0.53671875 0.28046875 0.109375 0.06875
0 0.49609375 0.36015625 0.1125 0.06875
0 0.5046875 0.4296875 0.10625 0.065625
0 0.5 0.49609375 0.10625 0.06875
0 0.4953125 0.565625 0.109375 0.065625
0 0.50703125 0.63515625 0.125 0.08125
0 0.49921875 0.70625 0.109375 0.0625
0 0.515625 0.771875 0.1 0.0578125
0 0.41640625 0.78828125 0.090625 0.0640625
0 0.46328125 0.85546875 0.10625 0.0671875
0 0.47265625 0.928125 0.103125 0.065625
0 0.39375 0.8796875 0.103125 0.0625
0 0.4421875 0.659375 0.115625 0.071875
0 0.3875 0.66796875 0.09375 0.0671875
0 0.37890625 0.10078125 0.103125 0.0671875
0 0.3984375 0.1828125 0.109375 0.06875
0 0.40625 0.25234375 0.103125 0.06875
0 0.428125 0.315625 0.10625 0.0671875
0 0.4171875 0.39375 0.103125 0.0640625
0 0.38359375 0.4640625 0.10625 0.0671875
0 0.39296875 0.53359375 0.1 0.065625
0 0.42109375 0.59453125 0.1 0.0625
0 0.2796875 0.06796875 0.103125 0.0671875
0 0.3046875 0.1578125 0.09375 0.06875
0 0.25 0.1390625 0.09375 0.0625
0 0.309375 0.225 0.096875 0.065625
0 0.24140625 0.2078125 0.09375 0.0625
0 0.33203125 0.29765625 0.1 0.065625
0 0.24296875 0.271875 0.09375 0.0625
0 0.2640625 0.33671875 0.090625 0.059375
0 0.3046875 0.36484375 0.1 0.0671875
0 0.32265625 0.43046875 0.096875 0.065625
0 0.3390625 0.4984375 0.096875 0.059375
0 0.28984375 0.46484375 0.08125 0.05625
0 0.290625 0.5203125 0.090625 0.0515625
0 0.22265625 0.39765625 0.09375 0.065625
0 0.271875 0.571875 0.103125 0.0640625
0 0.225 0.590625 0.096875 0.0609375
0 0.32109375 0.628125 0.1 0.059375
0 0.2046875 0.6546875 0.09375 0.0625
0 0.28671875 0.70234375 0.103125 0.0640625
0 0.28984375 0.765625 0.1 0.0640625
0 0.17734375 0.7359375 0.096875 0.0640625
0 0.2671875 0.84765625 0.1 0.065625
0 0.24296875 0.92734375 0.096875 0.0625
0 0.22109375 0.790625 0.096875 0.05625
0 0.190625 0.86171875 0.09375 0.0625
0 0.175 0.1 0.0875 0.0625
0 0.16796875 0.17890625 0.090625 0.0578125
0 0.1625 0.24375 0.084375 0.0609375
0 0.18046875 0.30703125 0.0875 0.0609375
0 0.0921875 0.3609375 0.09375 0.065625
0 0.15078125 0.43359375 0.09375 0.0609375
0 0.15625 0.4953125 0.090625 0.0625
0 0.0875 0.565625 0.09375 0.065625
0 0.08125 0.62890625 0.09375 0.0625
0 0.13671875 0.68671875 0.090625 0.05625
0 0.1359375 0.75078125 0.084375 0.0609375
0 0.1390625 0.80859375 0.090625 0.0578125
0 0.115625 0.87578125 0.090625 0.059375