0 0.828125 0.9140625 0.1265625 0.0734375
0 0.84609375 0.84296875 0.13125 0.075
0 0.8515625 0.7578125 0.1265625 0.0734375
0 0.83828125 0.684375 0.128125 0.071875
0 0.8390625 0.6140625 0.1328125 0.075
0 0.81875 0.5390625 0.1296875 0.075
0 0.8328125 0.46875 0.1265625 0.071875
0 0.82578125 0.384375 0.134375 0.0625
0 0.78828125 0.30625 0.121875 0.071875
0 0.80078125 0.2390625 0.115625 0.065625
0 0.83203125 0.17890625 0.103125 0.0625
0 0.796875 0.08515625 0.1265625 0.06875
0 0.6859375 0.9359375 0.11875 0.075
0 0.73984375 0.84453125 0.10625 0.065625
0 0.75234375 0.78515625 0.115625 0.06875
0 0.72578125 0.7203125 0.121875 0.071875
0 0.7171875 0.6484375 0.121875 0.06875
0 0.72265625 0.5625 0.115625 0.0640625
0 0.70703125 0.4953125 0.11875 0.071875
0 0.69609375 0.42265625 0.11875 0.06875
0 0.69609375 0.35234375 0.11875 0.071875
0 0.68046875 0.26640625 0.1125 0.06875
0 0.64765625 0.17578125 0.125 0.071875
0 0.703125 0.140625 0.109375 0.0625
0 0.70234375 0.08515625 0.103125 0.065625
0 0.559375 0.92109375 0.115625 0.071875
0 0.609375 0.83125 0.11875 0.071875
0 0.628125 0.76171875 0.115625 0.06875
0 0.5984375 0.67421875 0.115625 0.071875
0 0.64375 0.59765625 0.1 0.0625
0 0.5984375 0.53203125 0.115625 0.06875
0 0.64609375 0.46640625 0.1 0.059375
0 0.596875 0.31953125 0.1125 0.065625
0 0.578125 0.2421875 0.1125 0.06875
0 0.58125 0.16640625 0.103125 0.065625
0 0.58984375 0.10234375 0.103125 0.0625
0 0.48515625 0.93984375 0.103125 0.065625
0 0.475 0.87109375 0.10625 0.06875
0 0.50625 0.78671875 0.10625 0.06875
0 0.53671875 0.71953125 0.109375 0.06875
0 0.49609375 0.63984375 0.1125 0.06875
0 0.5046875 0.5703125 0.10625 0.065625
0 0.5 0.50390625 0.10625 0.06875
0 0.4953125 0.434375 0.109375 0.065625
0 0.50703125 0.36484375 0.125 0.08125
0 0.49921875 0.29375 0.109375 0.0625
0 0.515625 0.228125 0.1 0.0578125
0 0.41640625 0.21171875 0.090625 0.0640625
0 0.46328125 0.14453125 0.10625 0.0671875
0 0.47265625 0.071875 0.103125 0.065625
0 0.39375 0.1203125 0.103125 0.0625
0 0.4421875 0.340625 0.115625 0.071875
0 0.3875 0.33203125 0.09375 0.0671875
0 0.37890625 0.89921875 0.103125 0.0671875
0 0.3984375 0.8171875 0.109375 0.06875
0 0.40625 0.74765625 0.103125 0.06875
0 0.428125 0.684375 0.10625 0.0671875
0 0.4171875 0.60625 0.103125 0.0640625
0 0.38359375 0.5359375 0.10625 0.0671875
0 0.39296875 0.46640625 0.1 0.065625
0 0.42109375 0.40546875 0.1 0.0625
0 0.2796875 0.93203125 0.103125 0.0671875
0 0.3046875 0.8421875 0.09375 0.06875
0 0.25 0.8609375 0.09375 0.0625
0 0.309375 0.775 0.096875 0.065625
0 0.24140625 0.7921875 0.09375 0.0625
0 0.33203125 0.70234375 0.1 0.065625
0 0.24296875 0.728125 0.09375 0.0625
0 0.2640625 0.66328125 0.090625 0.059375
0 0.3046875 0.63515625 0.1 0.0671875
0 0.32265625 0.56953125 0.096875 0.065625
0 0.3390625 0.5015625 0.096875 0.059375
0 0.28984375 0.53515625 0.08125 0.05625
0 0.290625 0.4796875 0.090625 0.0515625
0 0.22265625 0.60234375 0.09375 0.065625
0 0.271875 0.428125 0.103125 0.0640625
0 0.225 0.409375 0.096875 0.0609375
0 0.32109375 0.371875 0.1 0.059375
0 0.2046875 0.3453125 0.09375 0.0625
0 0.28671875 0.29765625 0.103125 0.0640625
0 0.28984375 0.234375 0.1 0.0640625
0 0.17734375 0.2640625 0.096875 0.0640625
0 0.2671875 0.15234375 0.1 0.065625
0 0.24296875 0.07265625 0.096875 0.0625
0 0.22109375 0.209375 0.096875 0.05625
0 0.190625 0.13828125 0.09375 0.0625
0 0.175 0.9 0.0875 0.0625
0 0.16796875 0.82109375 0.090625 0.0578125
0 0.1625 0.75625 0.084375 0.0609375
0 0.18046875 0.69296875 0.0875 0.0609375
0 0.0921875 0.6390625 0.09375 0.0671875
0 0.15078125 0.56640625 0.09375 0.0609375
0 0.15625 0.5046875 0.090625 0.0625
0 0.0875 0.434375 0.09375 0.065625
0 0.08125 0.37109375 0.09375 0.0625
0 0.13671875 0.31328125 0.090625 0.05625
0 0.1359375 0.24921875 0.084375 0.0609375
0 0.1390625 0.19140625 0.090625 0.05625
0 0.115625 0.12421875 0.090625 0.059375