0 0.8625 0.478125 0.10625 0.071875
0 0.740625 0.6109375 0.103125 0.071875
0 0.75390625 0.5078125 0.103125 0.071875
0 0.71953125 0.4296875 0.096875 0.071875
0 0.71484375 0.3578125 0.1 0.071875
0 0.77890625 0.23984375 0.103125 0.078125
0 0.67421875 0.29375 0.096875 0.071875
0 0.69375 0.21015625 0.1 0.0765625
0 0.73046875 0.128125 0.103125 0.078125
0 0.6578125 0.0921875 0.09375 0.071875
0 0.6671875 0.6640625 0.096875 0.06875
0 0.6796875 0.54921875 0.09375 0.06875
0 0.62578125 0.81171875 0.090625 0.0671875
0 0.59921875 0.71953125 0.084375 0.0609375
0 0.60859375 0.64296875 0.071875 0.0578125
0 0.59453125 0.58359375 0.090625 0.06875
0 0.61796875 0.4859375 0.090625 0.06875
0 0.60703125 0.4046875 0.090625 0.06875
0 0.59765625 0.3390625 0.084375 0.065625
0 0.60078125 0.253125 0.09375 0.071875
0 0.60078125 0.1546875 0.1 0.0765625
0 0.58515625 0.07578125 0.08125 0.071875
0 0.5609375 0.87421875 0.075 0.05
0 0.54296875 0.83828125 0.078125 0.059375
0 0.53828125 0.7828125 0.078125 0.0625
0 0.49921875 0.73828125 0.084375 0.0640625
0 0.51015625 0.665625 0.078125 0.0625
0 0.52421875 0.609375 0.084375 0.0671875
0 0.540625 0.5234375 0.084375 0.06875
0 0.5390625 0.45 0.084375 0.06875
0 0.5296875 0.38359375 0.0875 0.065625
0 0.50546875 0.27734375 0.09375 0.0734375
0 0.51171875 0.196875 0.09375 0.0734375
0 0.50234375 0.1109375 0.096875 0.075
0 0.5203125 0.04765625 0.084375 0.0640625
0 0.49140625 0.90546875 0.075 0.05625
0 0.47578125 0.8453125 0.071875 0.046875
0 0.46328125 0.8171875 0.078125 0.0625
0 0.43046875 0.753125 0.06875 0.0625
0 0.42578125 0.7015625 0.08125 0.0625
0 0.45859375 0.6171875 0.071875 0.0578125
0 0.46015625 0.5609375 0.084375 0.0671875
0 0.48203125 0.4859375 0.084375 0.0640625
0 0.4625 0.4203125 0.084375 0.065625
0 0.46328125 0.34375 0.08125 0.065625
0 0.44140625 0.24375 0.0875 0.06875
0 0.44375 0.1859375 0.078125 0.0625
0 0.42734375 0.09375 0.0875 0.071875
0 0.43046875 0.03359375 0.071875 0.05625
0 0.41796875 0.8640625 0.06875 0.053125
0 0.40625 0.8125 0.065625 0.059375
0 0.38046875 0.75390625 0.059375 0.05625
0 0.37734375 0.70078125 0.059375 0.0546875
0 0.3796875 0.646875 0.075 0.059375
0 0.38046875 0.5859375 0.078125 0.0625
0 0.3984375 0.5234375 0.08125 0.065625
0 0.384375 0.4578125 0.08125 0.065625
0 0.39765625 0.378125 0.071875 0.065625
0 0.4125 0.3140625 0.078125 0.059375
0 0.37421875 0.2265625 0.08125 0.06875
0 0.36015625 0.9125 0.06875 0.0515625
0 0.35859375 0.8265625 0.06875 0.053125
0 0.32421875 0.7765625 0.071875 0.05625
0 0.33203125 0.71875 0.06875 0.053125
0 0.30625 0.6734375 0.071875 0.059375
0 0.30546875 0.609375 0.075 0.0609375
0 0.32109375 0.5265625 0.078125 0.0640625
0 0.32890625 0.421875 0.08125 0.0625
0 0.303125 0.3453125 0.08125 0.06875
0 0.31328125 0.2828125 0.078125 0.0625
0 0.315625 0.215625 0.075 0.0625
0 0.33671875 0.134375 0.084375 0.071875
0 0.321875 0.0484375 0.090625 0.075
0 0.29140625 0.91328125 0.0625 0.0546875
0 0.3046875 0.8671875 0.06875 0.053125
0 0.25859375 0.8125 0.065625 0.0546875
0 0.22890625 0.759375 0.078125 0.053125
0 0.23359375 0.70234375 0.071875 0.059375
0 0.18828125 0.9203125 0.071875 0.05625
0 0.14296875 0.84140625 0.0625 0.0546875
0 0.18984375 0.78046875 0.065625 0.0546875
0 0.1609375 0.7265625 0.06875 0.05625
0 0.23359375 0.6421875 0.06875 0.059375
0 0.1984375 0.65 0.05625 0.05625
0 0.21640625 0.5828125 0.078125 0.059375
0 0.26875 0.51484375 0.06875 0.0578125
0 0.17421875 0.5453125 0.071875 0.059375
0 0.175 0.4796875 0.078125 0.0609375
0 0.23515625 0.4484375 0.075 0.0625
0 0.14296875 0.409375 0.075 0.065625
0 0.234375 0.384375 0.075 0.0625
0 0.18359375 0.3515625 0.078125 0.0625
0 0.221875 0.3140625 0.08125 0.065625
0 0.1640625 0.2859375 0.071875 0.0625
0 0.25234375 0.25625 0.075 0.0625
0 0.19609375 0.225 0.071875 0.0625
0 0.275 0.10390625 0.078125 0.0671875
0 0.21796875 0.15703125 0.078125 0.0671875