0 0.1375 0.521875 0.10625 0.071875
0 0.259375 0.3890625 0.103125 0.071875
0 0.24609375 0.4921875 0.103125 0.071875
0 0.28046875 0.5703125 0.096875 0.071875
0 0.28515625 0.6421875 0.1 0.071875
0 0.22109375 0.76015625 0.103125 0.078125
0 0.32578125 0.70625 0.096875 0.071875
0 0.30625 0.78984375 0.1 0.0765625
0 0.26953125 0.871875 0.103125 0.078125
0 0.3421875 0.9078125 0.09375 0.0734375
0 0.3328125 0.3359375 0.096875 0.06875
0 0.3203125 0.45078125 0.09375 0.06875
0 0.37421875 0.18828125 0.090625 0.0671875
0 0.40078125 0.28046875 0.084375 0.0609375
0 0.39140625 0.35703125 0.071875 0.0578125
0 0.40546875 0.41640625 0.090625 0.06875
0 0.38203125 0.5140625 0.090625 0.06875
0 0.39296875 0.5953125 0.090625 0.06875
0 0.40234375 0.6609375 0.084375 0.065625
0 0.39921875 0.746875 0.09375 0.071875
0 0.39921875 0.8453125 0.1 0.0765625
0 0.41484375 0.92421875 0.08125 0.071875
0 0.4390625 0.12578125 0.075 0.05
0 0.45703125 0.16171875 0.078125 0.059375
0 0.46171875 0.2171875 0.078125 0.0625
0 0.50078125 0.26171875 0.084375 0.0640625
0 0.48984375 0.334375 0.078125 0.0625
0 0.47578125 0.390625 0.084375 0.0671875
0 0.459375 0.4765625 0.084375 0.06875
0 0.4609375 0.55 0.084375 0.06875
0 0.4703125 0.61640625 0.0875 0.065625
0 0.49453125 0.72265625 0.09375 0.0734375
0 0.48828125 0.803125 0.09375 0.0734375
0 0.49765625 0.8890625 0.096875 0.075
0 0.4796875 0.95234375 0.084375 0.0640625
0 0.50859375 0.09453125 0.075 0.05625
0 0.52421875 0.1546875 0.071875 0.046875
0 0.53671875 0.1828125 0.078125 0.0625
0 0.56953125 0.246875 0.06875 0.0625
0 0.57421875 0.2984375 0.08125 0.0625
0 0.54140625 0.3828125 0.071875 0.0578125
0 0.53984375 0.4390625 0.084375 0.0671875
0 0.51796875 0.5140625 0.084375 0.0640625
0 0.5375 0.5796875 0.084375 0.065625
0 0.53671875 0.65625 0.08125 0.065625
0 0.55859375 0.75625 0.0875 0.06875
0 0.55625 0.8140625 0.078125 0.0625
0 0.57265625 0.90625 0.0875 0.071875
0 0.56953125 0.96640625 0.071875 0.05625
0 0.58203125 0.1359375 0.06875 0.053125
0 0.59375 0.1875 0.065625 0.059375
0 0.61953125 0.24609375 0.059375 0.05625
0 0.62265625 0.29921875 0.059375 0.0546875
0 0.6203125 0.353125 0.075 0.059375
0 0.61953125 0.4140625 0.078125 0.0625
0 0.6015625 0.4765625 0.08125 0.065625
0 0.615625 0.5421875 0.08125 0.065625
0 0.60234375 0.621875 0.071875 0.065625
0 0.5875 0.6859375 0.078125 0.059375
0 0.62578125 0.7734375 0.08125 0.06875
0 0.63984375 0.0875 0.06875 0.0515625
0 0.64140625 0.1734375 0.06875 0.053125
0 0.67578125 0.2234375 0.071875 0.05625
0 0.66796875 0.28125 0.06875 0.053125
0 0.69375 0.3265625 0.071875 0.059375
0 0.69453125 0.390625 0.075 0.0609375
0 0.67890625 0.4734375 0.078125 0.0640625
0 0.67109375 0.578125 0.08125 0.0625
0 0.696875 0.6546875 0.08125 0.06875
0 0.68671875 0.7171875 0.078125 0.0625
0 0.684375 0.784375 0.075 0.0625
0 0.66328125 0.865625 0.084375 0.071875
0 0.678125 0.9515625 0.090625 0.075
0 0.70859375 0.08671875 0.0625 0.0546875
0 0.6953125 0.1328125 0.06875 0.053125
0 0.74140625 0.1875 0.065625 0.05625
0 0.77109375 0.240625 0.078125 0.053125
0 0.76640625 0.29765625 0.071875 0.059375
0 0.81171875 0.0796875 0.071875 0.05625
0 0.85703125 0.15859375 0.0625 0.0546875
0 0.81015625 0.21953125 0.065625 0.0546875
0 0.8390625 0.2734375 0.06875 0.05625
0 0.76640625 0.3578125 0.06875 0.059375
0 0.8015625 0.35 0.05625 0.05625
0 0.78359375 0.4171875 0.078125 0.059375
0 0.73125 0.48515625 0.06875 0.0578125
0 0.82578125 0.4546875 0.071875 0.059375
0 0.825 0.5203125 0.078125 0.0609375
0 0.76484375 0.5515625 0.075 0.0625
0 0.85703125 0.590625 0.075 0.065625
0 0.765625 0.615625 0.075 0.0625
0 0.81640625 0.6484375 0.078125 0.0625
0 0.778125 0.6859375 0.08125 0.065625
0 0.8359375 0.7140625 0.071875 0.0640625
0 0.74765625 0.74375 0.075 0.0625
0 0.80390625 0.775 0.071875 0.0625
0 0.725 0.89609375 0.078125 0.0671875
0 0.78203125 0.84296875 0.078125 0.0671875