0 0.71953125 0.20234375 0.075 0.05625
0 0.77734375 0.24609375 0.0734375 0.05625
0 0.8546875 0.27421875 0.071875 0.059375
0 0.89921875 0.32109375 0.06875 0.05625
0 0.94609375 0.36796875 0.071875 0.05625
0 0.9484375 0.4203125 0.071875 0.059375
0 0.64765625 0.2203125 0.0765625 0.0625
0 0.71015625 0.25625 0.078125 0.0609375
0 0.765625 0.3015625 0.075 0.0625
0 0.83828125 0.33359375 0.078125 0.0609375
0 0.890625 0.38046875 0.0734375 0.0625
0 0.89140625 0.4546875 0.071875 0.0640625
0 0.83203125 0.41328125 0.078125 0.0625
0 0.78203125 0.36171875 0.078125 0.065625
0 0.71953125 0.31875 0.08125 0.0625
0 0.65546875 0.27734375 0.08125 0.059375
0 0.59140625 0.23359375 0.08125 0.059375
0 0.51640625 0.1984375 0.0859375 0.05
0 0.51875 0.24453125 0.0875 0.065625
0 0.5859375 0.28984375 0.0875 0.0640625
0 0.6453125 0.340625 0.084375 0.0640625
0 0.70703125 0.38359375 0.084375 0.06875
0 0.76875 0.44140625 0.078125 0.0640625
0 0.8265625 0.48515625 0.0796875 0.0671875
0 0.3734375 0.2296875 0.08125 0.0625
0 0.296875 0.21796875 0.1 0.065625
0 0.2046875 0.26171875 0.103125 0.0625
0 0.4375 0.26328125 0.0890625 0.065625
0 0.50390625 0.3109375 0.0875 0.06875
0 0.61953125 0.40859375 0.08125 0.0640625
0 0.6796875 0.44921875 0.078125 0.0625
0 0.7546875 0.50546875 0.078125 0.06875
0 0.3421875 0.2953125 0.0890625 0.0625
0 0.41171875 0.33828125 0.090625 0.0640625
0 0.48203125 0.38125 0.084375 0.0625
0 0.5453125 0.428125 0.090625 0.065625
0 0.60546875 0.471875 0.078125 0.0609375
0 0.67265625 0.51328125 0.08125 0.06875
0 0.59609375 0.5359375 0.084375 0.06875
0 0.534375 0.48828125 0.084375 0.065625
0 0.4640625 0.44921875 0.0859375 0.065625
0 0.4 0.40234375 0.09375 0.0671875
0 0.32890625 0.35390625 0.0921875 0.06875
0 0.24765625 0.32265625 0.09375 0.06875
0 0.1546875 0.315625 0.10625 0.0703125
0 0.109375 0.40625 0.1171875 0.08125
0 0.31015625 0.41953125 0.0953125 0.0703125
0 0.22421875 0.38984375 0.103125 0.075
0 0.38125 0.46796875 0.096875 0.06875
0 0.4515625 0.5125 0.090625 0.071875
0 0.5140625 0.55625 0.0875 0.06875
0 0.20546875 0.4578125 0.1046875 0.071875
0 0.29296875 0.48984375 0.1015625 0.075
0 0.36484375 0.53828125 0.096875 0.071875
0 0.42578125 0.58671875 0.0953125 0.071875
0 0.5015625 0.621875 0.090625 0.0703125
0 0.1328125 0.50546875 0.1109375 0.078125
0 0.22734375 0.540625 0.103125 0.071875
0 0.35546875 0.63515625 0.0953125 0.071875
0 0.434375 0.6703125 0.096875 0.071875
0 0.13828125 0.58125 0.1046875 0.08125
0 0.23828125 0.61484375 0.10625 0.0765625
0 0.1515625 0.6578125 0.10625 0.078125
0 0.275 0.6765625 0.1 0.0734375
0 0.36015625 0.71484375 0.1 0.078125
0 0.27734375 0.7578125 0.1015625 0.078125
0 0.19296875 0.72265625 0.1078125 0.08125