0 0.79765625 0.28046875 0.05625 0.075
0 0.75390625 0.22265625 0.05625 0.0734375
0 0.72578125 0.1453125 0.059375 0.071875
0 0.67890625 0.10078125 0.05625 0.06875
0 0.63203125 0.05390625 0.05625 0.071875
0 0.5796875 0.0515625 0.059375 0.071875
0 0.7796875 0.35234375 0.0625 0.0765625
0 0.74375 0.28984375 0.0609375 0.078125
0 0.6984375 0.234375 0.0625 0.075
0 0.66640625 0.16171875 0.0609375 0.078125
0 0.61953125 0.109375 0.0625 0.0734375
0 0.5453125 0.10859375 0.0640625 0.071875
0 0.58671875 0.16796875 0.0625 0.078125
0 0.63828125 0.21796875 0.065625 0.078125
0 0.68125 0.28046875 0.0625 0.08125
0 0.72265625 0.34453125 0.059375 0.08125
0 0.76640625 0.40859375 0.059375 0.08125
0 0.8015625 0.48359375 0.05 0.0859375
0 0.75546875 0.48125 0.065625 0.0875
0 0.71015625 0.4140625 0.0640625 0.0875
0 0.659375 0.3546875 0.0640625 0.084375
0 0.61640625 0.29296875 0.06875 0.084375
0 0.55859375 0.23125 0.0640625 0.078125
0 0.51484375 0.1734375 0.0671875 0.0796875
0 0.7703125 0.6265625 0.0625 0.08125
0 0.78203125 0.703125 0.065625 0.1
0 0.73828125 0.7953125 0.0625 0.103125
0 0.73671875 0.5625 0.065625 0.0890625
0 0.6890625 0.49609375 0.06875 0.0875
0 0.59140625 0.38046875 0.0640625 0.08125
0 0.55078125 0.3203125 0.0625 0.078125
0 0.49453125 0.2453125 0.06875 0.078125
0 0.7046875 0.6578125 0.0625 0.0890625
0 0.66171875 0.58828125 0.0640625 0.090625
0 0.61875 0.51796875 0.0625 0.084375
0 0.571875 0.4546875 0.065625 0.090625
0 0.528125 0.39453125 0.0609375 0.078125
0 0.48671875 0.32734375 0.06875 0.08125
0 0.4640625 0.40390625 0.06875 0.084375
0 0.51171875 0.465625 0.065625 0.084375
0 0.55078125 0.5359375 0.065625 0.0859375
0 0.59765625 0.6 0.0671875 0.09375
0 0.64609375 0.67109375 0.06875 0.0921875
0 0.67734375 0.75234375 0.06875 0.09375
0 0.684375 0.8453125 0.0703125 0.10625
0 0.59375 0.890625 0.08125 0.1171875
0 0.58046875 0.68984375 0.0703125 0.0953125
0 0.61015625 0.77578125 0.075 0.103125
0 0.53203125 0.61875 0.06875 0.096875
0 0.4875 0.5484375 0.071875 0.090625
0 0.44375 0.4859375 0.06875 0.0875
0 0.5421875 0.79453125 0.071875 0.1046875
0 0.51015625 0.70703125 0.075 0.1015625
0 0.46171875 0.63515625 0.071875 0.096875
0 0.41328125 0.57421875 0.071875 0.0953125
0 0.378125 0.4984375 0.0703125 0.090625
0 0.49453125 0.8671875 0.078125 0.1109375
0 0.459375 0.77265625 0.071875 0.103125
0 0.36484375 0.64453125 0.071875 0.0953125
0 0.3296875 0.565625 0.071875 0.096875
0 0.41875 0.86171875 0.08125 0.1046875
0 0.38515625 0.76171875 0.0765625 0.10625
0 0.3421875 0.8484375 0.078125 0.10625
0 0.3234375 0.725 0.0734375 0.1
0 0.28515625 0.63984375 0.078125 0.1
0 0.2421875 0.72265625 0.078125 0.1015625
0 0.27734375 0.80703125 0.08125 0.1078125