0 0.10234375 0.9234375 0.0734375 0.059375
0 0.15703125 0.86015625 0.065625 0.05625
0 0.14765625 0.80859375 0.065625 0.053125
0 0.115625 0.759375 0.065625 0.053125
0 0.1703125 0.765625 0.071875 0.05625
0 0.17109375 0.7140625 0.06875 0.05
0 0.19140625 0.66953125 0.06875 0.0421875
0 0.19453125 0.61328125 0.0640625 0.0484375
0 0.15078125 0.5609375 0.0671875 0.05
0 0.20390625 0.52734375 0.0625 0.046875
0 0.21484375 0.47734375 0.0625 0.0453125
0 0.228125 0.42578125 0.05625 0.046875
0 0.140625 0.3859375 0.0625 0.04375
0 0.1515625 0.3359375 0.0625 0.0453125
0 0.171875 0.3109375 0.0703125 0.034375
0 0.20234375 0.221875 0.0640625 0.04375
0 0.2125 0.1875 0.0546875 0.034375
0 0.215625 0.12734375 0.059375 0.0390625
0 0.23671875 0.378125 0.0703125 0.0421875
0 0.23515625 0.34453125 0.065625 0.040625
0 0.25078125 0.31875 0.05625 0.0359375
0 0.26796875 0.28046875 0.053125 0.0375
0 0.26875 0.2359375 0.05 0.0375
0 0.275 0.18984375 0.03125 0.040625
0 0.26796875 0.13125 0.05 0.0375
0 0.2109375 0.89453125 0.0625 0.05
0 0.2640625 0.9140625 0.0671875 0.05
0 0.27890625 0.88125 0.075 0.0625
0 0.2484375 0.85625 0.0625 0.05
0 0.2296875 0.80859375 0.065625 0.0515625
0 0.2953125 0.81015625 0.0625 0.05
0 0.2625 0.76015625 0.0625 0.05
0 0.253125 0.709375 0.071875 0.0578125
0 0.26796875 0.66171875 0.0625 0.046875
0 0.2921875 0.61484375 0.06875 0.0484375
0 0.31796875 0.740625 0.0671875 0.053125
0 0.31796875 0.6890625 0.0640625 0.0484375
0 0.34453125 0.64296875 0.065625 0.0484375
0 0.25546875 0.5578125 0.0625 0.046875
0 0.34375 0.5953125 0.059375 0.0421875
0 0.2765625 0.52109375 0.05625 0.040625
0 0.2796875 0.46640625 0.0625 0.046875
0 0.29375 0.42421875 0.059375 0.040625
0 0.3171875 0.54375 0.065625 0.046875
0 0.31953125 0.4875 0.0625 0.046875
0 0.29609375 0.36796875 0.05625 0.04375
0 0.34765625 0.4453125 0.05625 0.04375
0 0.36171875 0.403125 0.05625 0.040625
0 0.29765625 0.3375 0.059375 0.034375
0 0.29921875 0.3046875 0.0421875 0.0375
0 0.35703125 0.328125 0.0640625 0.04375
0 0.328125 0.25 0.0671875 0.04375
0 0.31328125 0.23203125 0.059375 0.034375
0 0.30859375 0.18125 0.05625 0.0375
0 0.36640625 0.2171875 0.05 0.0390625
0 0.3703125 0.17421875 0.05625 0.0375
0 0.34140625 0.12734375 0.0625 0.04375
0 0.33984375 0.91953125 0.08125 0.0625
0 0.3796875 0.8609375 0.06875 0.053125
0 0.35234375 0.8078125 0.0609375 0.0578125
0 0.38046875 0.759375 0.075 0.0578125
0 0.37421875 0.71015625 0.059375 0.0484375
0 0.39453125 0.65859375 0.065625 0.05
0 0.396875 0.61015625 0.0625 0.0484375
0 0.3859375 0.553125 0.065625 0.046875
0 0.3703125 0.5125 0.0640625 0.040625
0 0.39765625 0.45234375 0.0625 0.046875
0 0.41796875 0.409375 0.0625 0.046875
0 0.41875 0.37421875 0.059375 0.0375
0 0.4234375 0.32890625 0.0546875 0.040625
0 0.390625 0.2859375 0.040625 0.05
0 0.41875 0.20546875 0.0625 0.0453125
0 0.42578125 0.16796875 0.0625 0.04375
0 0.40234375 0.11796875 0.059375 0.040625
0 0.4390625 0.08046875 0.059375 0.0390625
0 0.41328125 0.9109375 0.0671875 0.05625
0 0.45390625 0.8625 0.06875 0.0515625
0 0.421875 0.821875 0.071875 0.059375
0 0.45234375 0.759375 0.06875 0.05625
0 0.4421875 0.69765625 0.0640625 0.053125
0 0.45859375 0.646875 0.065625 0.0515625
0 0.46640625 0.5984375 0.05625 0.046875
0 0.4515625 0.5421875 0.065625 0.0484375
0 0.434375 0.49765625 0.065625 0.046875
0 0.46484375 0.4453125 0.06875 0.0484375
0 0.46484375 0.41015625 0.0375 0.0359375
0 0.47265625 0.340625 0.0640625 0.046875
0 0.46875 0.2703125 0.0578125 0.04375
0 0.47734375 0.225 0.05625 0.040625
0 0.48125 0.1828125 0.053125 0.0375
0 0.4640625 0.1546875 0.053125 0.0328125
0 0.48203125 0.92421875 0.06875 0.05625
0 0.51875 0.871875 0.065625 0.053125
0 0.49140625 0.82109375 0.065625 0.053125
0 0.5171875 0.7734375 0.065625 0.0546875
0 0.5 0.7203125 0.065625 0.05
0 0.5171875 0.66953125 0.06875 0.053125
0 0.5203125 0.61796875 0.0609375 0.046875
0 0.51796875 0.5578125 0.065625 0.046875
0 0.5015625 0.509375 0.0640625 0.046875
0 0.51875 0.475 0.059375 0.0421875
0 0.52421875 0.42890625 0.0609375 0.04375
0 0.51640625 0.38125 0.0640625 0.04375
0 0.53515625 0.328125 0.0625 0.0421875
0 0.5390625 0.2515625 0.0625 0.0421875
0 0.52734375 0.21953125 0.05625 0.0453125
0 0.53359375 0.18359375 0.059375 0.0375
0 0.51796875 0.159375 0.053125 0.034375
0 0.49765625 0.0828125 0.0578125 0.0390625
0 0.55546875 0.9203125 0.065625 0.05625
0 0.5859375 0.8703125 0.0640625 0.0515625
0 0.565625 0.8140625 0.0703125 0.053125
0 0.578125 0.759375 0.0671875 0.05
0 0.57421875 0.70859375 0.06875 0.05625
0 0.58046875 0.65234375 0.065625 0.0515625
0 0.59375 0.5921875 0.06875 0.05
0 0.58359375 0.53984375 0.065625 0.046875
0 0.5703125 0.496875 0.065625 0.046875
0 0.58515625 0.43515625 0.0625 0.046875
0 0.59140625 0.37578125 0.0671875 0.04375
0 0.6078125 0.31953125 0.0625 0.0453125
0 0.58515625 0.303125 0.05625 0.04375
0 0.59140625 0.2484375 0.0625 0.0421875
0 0.5796875 0.2265625 0.053125 0.03125
0 0.615625 0.13671875 0.059375 0.040625
0 0.5859375 0.12734375 0.053125 0.0375
0 0.55625 0.065625 0.0515625 0.0421875
0 0.6390625 0.93671875 0.065625 0.05625
0 0.6375 0.8375 0.065625 0.053125
0 0.6375 0.77421875 0.059375 0.0484375
0 0.63125 0.72734375 0.065625 0.0515625
0 0.6421875 0.67734375 0.0625 0.05
0 0.66015625 0.6265625 0.0625 0.05
0 0.63671875 0.584375 0.05 0.04375
0 0.6390625 0.53046875 0.0625 0.046875
0 0.6609375 0.478125 0.0625 0.05
0 0.6484375 0.4171875 0.0625 0.046875
0 0.6390625 0.3875 0.05625 0.0375
0 0.64453125 0.34140625 0.046875 0.040625
0 0.6359375 0.30546875 0.04375 0.03125
0 0.6296875 0.27578125 0.046875 0.0375
0 0.63515625 0.24375 0.05 0.0375
0 0.6390625 0.18203125 0.034375 0.034375
0 0.70703125 0.925 0.065625 0.0546875
0 0.6921875 0.87734375 0.071875 0.0546875
0 0.71640625 0.81171875 0.06875 0.05625
0 0.69609375 0.75546875 0.0625 0.0453125
0 0.68515625 0.70703125 0.0625 0.046875
0 0.68671875 0.6609375 0.059375 0.04375
0 0.703125 0.61640625 0.05625 0.04375
0 0.7140625 0.55234375 0.065625 0.05
0 0.68984375 0.51953125 0.05625 0.04375
0 0.71171875 0.446875 0.046875 0.059375
0 0.6890625 0.43046875 0.046875 0.0375
0 0.70390625 0.37734375 0.059375 0.04375
0 0.7 0.34296875 0.05625 0.0375
0 0.71796875 0.27109375 0.0609375 0.0421875
0 0.71015625 0.22421875 0.05625 0.040625
0 0.68359375 0.18359375 0.0578125 0.040625
0 0.721875 0.1125 0.053125 0.03125
0 0.6796875 0.22265625 0.034375 0.0328125
0 0.7640625 0.9015625 0.0625 0.053125
0 0.74140625 0.84765625 0.065625 0.0484375
0 0.8203125 0.915625 0.0625 0.053125
0 0.8015625 0.86328125 0.065625 0.0515625
0 0.76640625 0.8 0.0625 0.0515625
0 0.8171875 0.81015625 0.053125 0.046875
0 0.76953125 0.7453125 0.0640625 0.053125
0 0.81875 0.7609375 0.059375 0.05
0 0.778125 0.69296875 0.0640625 0.0515625
0 0.83515625 0.71171875 0.065625 0.053125
0 0.78984375 0.6359375 0.06875 0.053125
0 0.7578125 0.59296875 0.05625 0.04375
0 0.78125 0.534375 0.065625 0.046875
0 0.7375 0.5046875 0.059375 0.040625
0 0.81484375 0.471875 0.0609375 0.046875
0 0.79296875 0.41953125 0.075 0.053125
0 0.76484375 0.3921875 0.0625 0.040625
0 0.778125 0.328125 0.0625 0.0421875
0 0.7734375 0.290625 0.059375 0.040625
0 0.7734375 0.16796875 0.059375 0.040625
0 0.771875 0.1390625 0.0515625 0.0296875
0 0.82421875 0.66171875 0.0625 0.0484375
0 0.82109375 0.61328125 0.0625 0.0484375
0 0.853125 0.55234375 0.0671875 0.0515625
0 0.8171875 0.375 0.0640625 0.0390625
0 0.8125 0.3421875 0.04375 0.0375
0 0.81640625 0.28125 0.0578125 0.0375
0 0.80546875 0.25859375 0.059375 0.0328125
0 0.821875 0.19765625 0.05625 0.040625
0 0.94921875 0.946875 0.075 0.059375
0 0.9234375 0.87734375 0.0609375 0.0625
0 0.93671875 0.8171875 0.06875 0.05625
0 0.8890625 0.75703125 0.0640625 0.0515625
0 0.92109375 0.70234375 0.078125 0.040625
0 0.903125 0.65546875 0.065625 0.046875
0 0.89609375 0.60703125 0.0640625 0.0484375
0 0.9265625 0.54921875 0.0703125 0.05
0 0.89765625 0.503125 0.065625 0.05
0 0.8515625 0.484375 0.05 0.0390625
0 0.87265625 0.42734375 0.0609375 0.040625
0 0.87421875 0.38515625 0.05625 0.04375
0 0.9046875 0.30859375 0.0625 0.046875
0 0.8484375 0.31015625 0.05 0.0359375
0 0.86015625 0.26875 0.053125 0.0390625
0 0.8796875 0.1953125 0.059375 0.040625
0 0.8875 0.1375 0.0578125 0.0375
0 0.85 0.12109375 0.05625 0.0359375