0 0.746875 0.38125 0.0453125 0.05625
0 0.71875 0.42421875 0.04375 0.05625
0 0.72734375 0.50078125 0.0453125 0.059375
0 0.7140625 0.571875 0.04375 0.059375
0 0.696875 0.67109375 0.04375 0.05
0 0.6953125 0.74921875 0.040625 0.053125
0 0.6875 0.81171875 0.040625 0.053125
0 0.66328125 0.86171875 0.0421875 0.05625
0 0.6640625 0.89609375 0.040625 0.040625
0 0.70859375 0.28828125 0.0421875 0.05625
0 0.7015625 0.36171875 0.040625 0.046875
0 0.66796875 0.04921875 0.0375 0.053125
0 0.67421875 0.14921875 0.0421875 0.05625
0 0.653125 0.13984375 0.03125 0.046875
0 0.65546875 0.2375 0.0375 0.053125
0 0.69375 0.25234375 0.040625 0.046875
0 0.65703125 0.29453125 0.034375 0.046875
0 0.6703125 0.33203125 0.0375 0.053125
0 0.675 0.40234375 0.040625 0.053125
0 0.653125 0.4484375 0.0390625 0.053125
0 0.65390625 0.50390625 0.040625 0.05
0 0.684375 0.52890625 0.0375 0.05
0 0.68046875 0.58671875 0.040625 0.05625
0 0.6890625 0.61796875 0.034375 0.04375
0 0.653125 0.6296875 0.0390625 0.05
0 0.6625 0.71953125 0.040625 0.053125
0 0.6609375 0.759375 0.0375 0.046875
0 0.6515625 0.803125 0.0375 0.046875
0 0.625 0.9328125 0.0375 0.05
0 0.6171875 0.884375 0.0375 0.05
0 0.6203125 0.83203125 0.0375 0.053125
0 0.61875 0.78359375 0.0375 0.05
0 0.6203125 0.73359375 0.04375 0.053125
0 0.615625 0.67421875 0.0359375 0.053125
0 0.61328125 0.62421875 0.0390625 0.053125
0 0.61640625 0.5734375 0.040625 0.046875
0 0.6171875 0.5265625 0.040625 0.05
0 0.6140625 0.4796875 0.0359375 0.04375
0 0.6203125 0.42265625 0.0375 0.05625
0 0.61796875 0.36640625 0.0375 0.053125
0 0.63125 0.3234375 0.0375 0.053125
0 0.6265625 0.26484375 0.0390625 0.053125
0 0.6265625 0.20703125 0.040625 0.053125
0 0.62265625 0.11484375 0.034375 0.05
0 0.62734375 0.178125 0.04375 0.040625
0 0.62734375 0.06015625 0.034375 0.05
0 0.5921875 0.05703125 0.034375 0.046875
0 0.5859375 0.11484375 0.034375 0.04375
0 0.59296875 0.1609375 0.034375 0.04375
0 0.5859375 0.21015625 0.034375 0.040625
0 0.5875 0.24609375 0.0375 0.05
0 0.5875 0.29921875 0.0375 0.053125
0 0.58125 0.35234375 0.0375 0.053125
0 0.584375 0.40546875 0.0359375 0.04375
0 0.5828125 0.4515625 0.0375 0.046875
0 0.584375 0.49921875 0.040625 0.05
0 0.5859375 0.55078125 0.04375 0.053125
0 0.5578125 0.0453125 0.034375 0.05
0 0.5609375 0.14921875 0.03125 0.05
0 0.5515625 0.1984375 0.0375 0.04375
0 0.553125 0.23984375 0.034375 0.04375
0 0.5546875 0.2828125 0.034375 0.053125
0 0.54921875 0.33359375 0.034375 0.046875
0 0.553125 0.38046875 0.034375 0.05
0 0.54921875 0.42734375 0.0390625 0.05
0 0.55 0.47734375 0.034375 0.05
0 0.54921875 0.52734375 0.034375 0.05
0 0.54921875 0.575 0.0375 0.05
0 0.58125 0.5984375 0.0359375 0.046875
0 0.553125 0.62578125 0.034375 0.05
0 0.51875 0.659375 0.040625 0.053125
0 0.51875 0.603125 0.0359375 0.05
0 0.51796875 0.55234375 0.034375 0.05
0 0.51875 0.50234375 0.0359375 0.046875
0 0.5171875 0.45 0.0375 0.053125
0 0.5171875 0.39765625 0.0375 0.053125
0 0.5171875 0.35390625 0.0359375 0.046875
0 0.51875 0.30546875 0.0390625 0.05
0 0.521875 0.25625 0.0375 0.046875
0 0.521875 0.2140625 0.0375 0.04375
0 0.528125 0.16171875 0.034375 0.053125
0 0.52734375 0.10546875 0.0359375 0.053125
0 0.5203125 0.04921875 0.0375 0.05
0 0.4828125 0.05859375 0.034375 0.046875
0 0.49375 0.13828125 0.0375 0.046875
0 0.490625 0.18203125 0.040625 0.05
0 0.49140625 0.24609375 0.034375 0.04375
0 0.484375 0.28359375 0.0375 0.046875
0 0.48359375 0.32734375 0.0375 0.05
0 0.484375 0.3765625 0.0328125 0.05625
0 0.484375 0.42890625 0.0390625 0.05
0 0.478125 0.47421875 0.040625 0.053125
0 0.48359375 0.52578125 0.040625 0.05
0 0.484375 0.58203125 0.0375 0.05
0 0.446875 0.05546875 0.034375 0.046875
0 0.465625 0.11953125 0.0375 0.05
0 0.434375 0.140625 0.0328125 0.040625
0 0.4078125 0.05625 0.0375 0.046875
0 0.4578125 0.20078125 0.0375 0.046875
0 0.42578125 0.175 0.0375 0.05
0 0.45859375 0.26328125 0.034375 0.04375
0 0.4359375 0.2515625 0.028125 0.040625
0 0.41875 0.26953125 0.0359375 0.05625
0 0.45546875 0.30859375 0.0359375 0.04375
0 0.45078125 0.35390625 0.034375 0.05
0 0.421875 0.33125 0.0359375 0.046875
0 0.4203125 0.38046875 0.034375 0.05
0 0.45078125 0.40390625 0.0375 0.046875
0 0.42109375 0.43046875 0.034375 0.046875
0 0.45 0.45390625 0.0375 0.053125
0 0.42109375 0.47734375 0.0359375 0.046875
0 0.45 0.50234375 0.0375 0.05
0 0.41328125 0.52890625 0.0375 0.053125
0 0.4578125 0.5515625 0.0375 0.05
0 0.4203125 0.57890625 0.040625 0.053125
0 0.4546875 0.60625 0.034375 0.046875
0 0.31171875 0.01953125 0.040625 0.0375
0 0.365625 0.04609375 0.0375 0.05
0 0.39296875 0.09609375 0.0390625 0.053125
0 0.34296875 0.0828125 0.0375 0.05625
0 0.3125 0.10546875 0.0375 0.059375
0 0.284375 0.04609375 0.034375 0.053125
0 0.26484375 0.09765625 0.0359375 0.046875
0 0.2546875 0.0671875 0.0265625 0.04375
0 0.23203125 0.10703125 0.0328125 0.053125
0 0.23828125 0.1609375 0.0359375 0.05
0 0.2703125 0.15546875 0.040625 0.05
0 0.3171875 0.16328125 0.0375 0.05
0 0.353125 0.153125 0.0375 0.053125
0 0.3984375 0.16328125 0.0375 0.05
0 0.3859375 0.20234375 0.0375 0.04375
0 0.38984375 0.23984375 0.0375 0.053125
0 0.34140625 0.19765625 0.0375 0.046875
0 0.34375 0.23671875 0.040625 0.05625
0 0.3078125 0.21953125 0.0390625 0.05
0 0.2703125 0.20546875 0.0375 0.05
0 0.2328125 0.20859375 0.0375 0.05
0 0.228125 0.25859375 0.040625 0.05
0 0.2625 0.25859375 0.0375 0.053125
0 0.315625 0.26640625 0.04375 0.05625
0 0.3484375 0.296875 0.0375 0.05625
0 0.39609375 0.3078125 0.0328125 0.04375
0 0.3921875 0.35234375 0.0375 0.05
0 0.34375 0.34765625 0.0375 0.053125
0 0.3125 0.3171875 0.04375 0.05
0 0.27734375 0.3171875 0.034375 0.05
0 0.24140625 0.31484375 0.0359375 0.053125
0 0.2359375 0.3609375 0.040625 0.05
0 0.26796875 0.36640625 0.0375 0.05
0 0.3203125 0.36953125 0.0375 0.046875
0 0.38515625 0.40078125 0.0375 0.05
0 0.35 0.40390625 0.0375 0.053125
0 0.30625 0.41484375 0.0390625 0.053125
0 0.26328125 0.41484375 0.0390625 0.053125
0 0.23203125 0.41015625 0.0359375 0.05
0 0.225 0.45859375 0.0375 0.053125
0 0.34375 0.45390625 0.040625 0.05
0 0.3828125 0.4515625 0.0375 0.05
0 0.3875 0.50390625 0.0390625 0.05
0 0.35 0.55390625 0.040625 0.05
0 0.3421875 0.503125 0.0359375 0.05
0 0.3109375 0.4796875 0.034375 0.046875
0 0.2765625 0.47109375 0.034375 0.05
0 0.2296875 0.50859375 0.040625 0.053125
0 0.271875 0.525 0.040625 0.053125
0 0.30390625 0.5296875 0.0453125 0.05625
0 0.2984375 0.58203125 0.0375 0.05
0 0.2609375 0.57890625 0.0375 0.05625
0 0.23125 0.55859375 0.040625 0.053125
0 0.225 0.6109375 0.040625 0.05
0 0.265625 0.63203125 0.034375 0.05
0 0.30234375 0.6359375 0.04375 0.05625
0 0.3359375 0.60703125 0.0375 0.053125
0 0.3828125 0.584375 0.0375 0.053125
0 0.415625 0.62421875 0.040625 0.053125
0 0.3765625 0.63046875 0.034375 0.05
0 0.3375 0.6578125 0.040625 0.05625
0 0.303125 0.6875 0.040625 0.053125
0 0.2671875 0.68203125 0.0375 0.053125
0 0.2203125 0.66484375 0.0375 0.053125
0 0.21796875 0.71484375 0.040625 0.053125
0 0.22578125 0.775 0.0359375 0.05
0 0.25390625 0.7375 0.0390625 0.059375
0 0.3046875 0.73984375 0.0375 0.05
0 0.3375 0.71015625 0.0375 0.053125
0 0.3765625 0.68203125 0.034375 0.046875
0 0.41171875 0.68515625 0.0375 0.053125
0 0.24921875 0.803125 0.040625 0.0515625
0 0.2046875 0.83828125 0.040625 0.053125
0 0.2203125 0.89140625 0.0375 0.05
0 0.23125 0.93046875 0.040625 0.053125
0 0.259375 0.89453125 0.0390625 0.05625
0 0.2609375 0.8390625 0.0375 0.046875
0 0.2921875 0.846875 0.0375 0.053125
0 0.3015625 0.89375 0.0375 0.053125
0 0.3 0.7953125 0.0375 0.053125
0 0.3046875 0.946875 0.0375 0.05625
0 0.26484375 0.95625 0.0359375 0.059375
0 0.33125 0.86875 0.040625 0.0546875
0 0.33515625 0.81640625 0.0390625 0.053125
0 0.334375 0.76328125 0.0390625 0.053125
0 0.3765625 0.73671875 0.034375 0.05
0 0.36953125 0.79921875 0.0375 0.05
0 0.37421875 0.8484375 0.040625 0.05
0 0.3671875 0.91015625 0.0375 0.05
0 0.3453125 0.93671875 0.0375 0.053125
0 0.378125 0.96015625 0.040625 0.053125
0 0.41875 0.96484375 0.040625 0.0546875
0 0.41484375 0.890625 0.0390625 0.053125
0 0.4125 0.83671875 0.0375 0.05625
0 0.41484375 0.784375 0.0390625 0.05
0 0.4109375 0.73515625 0.040625 0.053125
0 0.45390625 0.91875 0.0375 0.046875
0 0.44765625 0.8734375 0.0390625 0.053125
0 0.446875 0.81796875 0.0375 0.05
0 0.446875 0.76796875 0.0375 0.05625
0 0.44765625 0.70859375 0.0375 0.053125
0 0.4484375 0.65703125 0.0390625 0.05
0 0.48671875 0.63125 0.0390625 0.046875
0 0.478125 0.68125 0.034375 0.05
0 0.4796875 0.7375 0.0375 0.053125
0 0.48125 0.78359375 0.040625 0.05625
0 0.4828125 0.84140625 0.0375 0.053125
0 0.48984375 0.90078125 0.0375 0.053125
0 0.48125 0.9578125 0.040625 0.053125
0 0.5125 0.71015625 0.040625 0.053125
0 0.515625 0.75859375 0.04375 0.05
0 0.51640625 0.8171875 0.0390625 0.05
0 0.521875 0.87109375 0.040625 0.05625
0 0.5171875 0.94296875 0.040625 0.05625
0 0.553125 0.671875 0.034375 0.046875
0 0.5484375 0.72109375 0.0375 0.046875
0 0.55 0.77265625 0.0359375 0.05
0 0.5546875 0.81953125 0.034375 0.05
0 0.5578125 0.91328125 0.0421875 0.053125
0 0.5546875 0.9546875 0.0390625 0.04375
0 0.58671875 0.9359375 0.0390625 0.05625
0 0.5875 0.86328125 0.0375 0.053125
0 0.58515625 0.8125 0.0390625 0.05
0 0.5875 0.76171875 0.0375 0.05
0 0.5859375 0.70390625 0.0375 0.053125
0 0.584375 0.65703125 0.040625 0.05