0 0.38125 0.253125 0.05625 0.0453125
0 0.42421875 0.28125 0.05625 0.04375
0 0.50078125 0.27265625 0.059375 0.0453125
0 0.571875 0.2859375 0.059375 0.04375
0 0.67109375 0.303125 0.05 0.04375
0 0.74921875 0.3046875 0.053125 0.040625
0 0.81171875 0.3125 0.053125 0.040625
0 0.86171875 0.33671875 0.05625 0.0421875
0 0.89609375 0.3359375 0.040625 0.040625
0 0.28828125 0.29140625 0.05625 0.0421875
0 0.36171875 0.2984375 0.046875 0.040625
0 0.04921875 0.33203125 0.053125 0.0375
0 0.14921875 0.32578125 0.05625 0.0421875
0 0.13984375 0.346875 0.046875 0.03125
0 0.2375 0.34453125 0.053125 0.0375
0 0.25234375 0.30625 0.046875 0.040625
0 0.29453125 0.34296875 0.046875 0.034375
0 0.33203125 0.3296875 0.053125 0.0375
0 0.40234375 0.325 0.053125 0.040625
0 0.4484375 0.346875 0.053125 0.0390625
0 0.50390625 0.34609375 0.05 0.040625
0 0.52890625 0.315625 0.05 0.0375
0 0.58671875 0.31953125 0.05625 0.040625
0 0.61796875 0.3109375 0.04375 0.034375
0 0.6296875 0.346875 0.05 0.0390625
0 0.71953125 0.3375 0.053125 0.040625
0 0.759375 0.3390625 0.046875 0.0375
0 0.803125 0.3484375 0.046875 0.0375
0 0.9328125 0.375 0.05 0.0375
0 0.884375 0.3828125 0.05 0.0375
0 0.83203125 0.3796875 0.053125 0.0375
0 0.78359375 0.38125 0.05 0.0375
0 0.73359375 0.3796875 0.053125 0.04375
0 0.67421875 0.384375 0.053125 0.0359375
0 0.62421875 0.38671875 0.053125 0.0390625
0 0.5734375 0.38359375 0.046875 0.040625
0 0.5265625 0.3828125 0.05 0.040625
0 0.4796875 0.3859375 0.04375 0.0359375
0 0.42265625 0.3796875 0.05625 0.0375
0 0.36640625 0.38203125 0.053125 0.0375
0 0.3234375 0.36875 0.053125 0.0375
0 0.26484375 0.3734375 0.053125 0.0390625
0 0.20703125 0.3734375 0.053125 0.040625
0 0.11484375 0.37734375 0.05 0.034375
0 0.178125 0.37265625 0.040625 0.04375
0 0.06015625 0.37265625 0.05 0.034375
0 0.05703125 0.4078125 0.046875 0.034375
0 0.11484375 0.4140625 0.04375 0.034375
0 0.1609375 0.40703125 0.04375 0.034375
0 0.21015625 0.4140625 0.040625 0.034375
0 0.24609375 0.4125 0.05 0.0375
0 0.29921875 0.4125 0.053125 0.0375
0 0.35234375 0.41875 0.053125 0.0375
0 0.40546875 0.415625 0.04375 0.0359375
0 0.4515625 0.4171875 0.046875 0.0375
0 0.49921875 0.415625 0.05 0.040625
0 0.55078125 0.4140625 0.053125 0.04375
0 0.0453125 0.4421875 0.05 0.034375
0 0.14921875 0.4390625 0.05 0.03125
0 0.1984375 0.4484375 0.04375 0.0375
0 0.23984375 0.446875 0.04375 0.034375
0 0.2828125 0.4453125 0.053125 0.034375
0 0.33359375 0.45078125 0.046875 0.034375
0 0.38046875 0.446875 0.05 0.034375
0 0.42734375 0.45078125 0.05 0.0390625
0 0.47734375 0.45 0.05 0.034375
0 0.52734375 0.45078125 0.05 0.034375
0 0.575 0.45078125 0.05 0.0375
0 0.5984375 0.41875 0.046875 0.0359375
0 0.62578125 0.446875 0.05 0.034375
0 0.659375 0.48125 0.053125 0.040625
0 0.603125 0.48125 0.05 0.0359375
0 0.55234375 0.48203125 0.05 0.034375
0 0.50234375 0.48125 0.046875 0.0359375
0 0.45 0.4828125 0.053125 0.0375
0 0.39765625 0.4828125 0.053125 0.0375
0 0.35390625 0.4828125 0.046875 0.0359375
0 0.30546875 0.48125 0.05 0.0390625
0 0.25625 0.478125 0.046875 0.0375
0 0.2140625 0.478125 0.04375 0.0375
0 0.16171875 0.471875 0.053125 0.034375
0 0.10546875 0.47265625 0.053125 0.0359375
0 0.04921875 0.4796875 0.05 0.0375
0 0.05859375 0.5171875 0.046875 0.034375
0 0.13828125 0.50625 0.046875 0.0375
0 0.18203125 0.509375 0.05 0.040625
0 0.24609375 0.50859375 0.04375 0.034375
0 0.28359375 0.515625 0.046875 0.0375
0 0.32734375 0.51640625 0.05 0.0375
0 0.3765625 0.515625 0.05625 0.0328125
0 0.42890625 0.515625 0.05 0.0390625
0 0.47421875 0.521875 0.053125 0.040625
0 0.52578125 0.51640625 0.05 0.040625
0 0.58203125 0.515625 0.05 0.0375
0 0.05546875 0.553125 0.046875 0.034375
0 0.11953125 0.534375 0.05 0.0375
0 0.140625 0.565625 0.040625 0.0328125
0 0.05625 0.5921875 0.046875 0.0375
0 0.20078125 0.5421875 0.046875 0.0375
0 0.175 0.57421875 0.05 0.0375
0 0.26328125 0.54140625 0.04375 0.034375
0 0.2515625 0.5640625 0.040625 0.028125
0 0.26953125 0.58125 0.05625 0.0359375
0 0.30859375 0.54453125 0.04375 0.0359375
0 0.35390625 0.54921875 0.05 0.034375
0 0.33125 0.578125 0.046875 0.0359375
0 0.38046875 0.5796875 0.05 0.034375
0 0.40390625 0.54921875 0.046875 0.0375
0 0.43046875 0.57890625 0.046875 0.034375
0 0.45390625 0.55 0.053125 0.0375
0 0.47734375 0.57890625 0.046875 0.0359375
0 0.50234375 0.55 0.05 0.0375
0 0.52890625 0.58671875 0.053125 0.0375
0 0.5515625 0.5421875 0.05 0.0375
0 0.57890625 0.5796875 0.053125 0.040625
0 0.60625 0.5453125 0.046875 0.034375
0 0.01953125 0.68828125 0.0375 0.040625
0 0.04609375 0.634375 0.05 0.0375
0 0.09609375 0.60703125 0.053125 0.0390625
0 0.0828125 0.65703125 0.05625 0.0375
0 0.10546875 0.6875 0.059375 0.0375
0 0.04609375 0.715625 0.053125 0.034375
0 0.09765625 0.73515625 0.046875 0.0359375
0 0.0671875 0.7453125 0.04375 0.0265625
0 0.10703125 0.76796875 0.053125 0.0328125
0 0.1609375 0.76171875 0.05 0.0359375
0 0.15546875 0.7296875 0.05 0.040625
0 0.16328125 0.6828125 0.05 0.0375
0 0.153125 0.646875 0.053125 0.0375
0 0.16328125 0.6015625 0.05 0.0375
0 0.20234375 0.6140625 0.04375 0.0375
0 0.23984375 0.61015625 0.053125 0.0375
0 0.19765625 0.65859375 0.046875 0.0375
0 0.23671875 0.65625 0.05625 0.040625
0 0.21953125 0.6921875 0.05 0.0390625
0 0.20546875 0.7296875 0.05 0.0375
0 0.20859375 0.7671875 0.05 0.0375
0 0.25859375 0.771875 0.05 0.040625
0 0.25859375 0.7375 0.053125 0.0375
0 0.26640625 0.684375 0.05625 0.04375
0 0.296875 0.6515625 0.05625 0.0375
0 0.3078125 0.60390625 0.04375 0.0328125
0 0.35234375 0.6078125 0.05 0.0375
0 0.34765625 0.65625 0.053125 0.0375
0 0.3171875 0.6875 0.05 0.04375
0 0.3171875 0.72265625 0.05 0.034375
0 0.31484375 0.75859375 0.053125 0.0359375
0 0.3609375 0.7640625 0.05 0.040625
0 0.36640625 0.73203125 0.05 0.0375
0 0.36953125 0.6796875 0.046875 0.0375
0 0.40078125 0.61484375 0.05 0.0375
0 0.40390625 0.65 0.053125 0.0375
0 0.41484375 0.69375 0.053125 0.0390625
0 0.41484375 0.73671875 0.053125 0.0390625
0 0.41015625 0.76796875 0.05 0.0359375
0 0.45859375 0.775 0.053125 0.0375
0 0.45390625 0.65625 0.05 0.040625
0 0.4515625 0.6171875 0.05 0.0375
0 0.50390625 0.6125 0.05 0.0390625
0 0.55390625 0.65 0.05 0.040625
0 0.503125 0.6578125 0.05 0.0359375
0 0.4796875 0.6890625 0.046875 0.034375
0 0.47109375 0.7234375 0.05 0.034375
0 0.50859375 0.7703125 0.053125 0.040625
0 0.525 0.728125 0.053125 0.040625
0 0.5296875 0.69609375 0.05625 0.0453125
0 0.58203125 0.7015625 0.05 0.0375
0 0.57890625 0.7390625 0.05625 0.0375
0 0.55859375 0.76875 0.053125 0.040625
0 0.6109375 0.775 0.05 0.040625
0 0.63203125 0.734375 0.05 0.034375
0 0.6359375 0.69765625 0.05625 0.04375
0 0.60703125 0.6640625 0.053125 0.0375
0 0.584375 0.6171875 0.053125 0.0375
0 0.62421875 0.584375 0.053125 0.040625
0 0.63046875 0.6234375 0.05 0.034375
0 0.6578125 0.6625 0.05625 0.040625
0 0.6875 0.696875 0.053125 0.040625
0 0.68203125 0.7328125 0.053125 0.0375
0 0.66484375 0.7796875 0.053125 0.0375
0 0.71484375 0.78203125 0.053125 0.040625
0 0.775 0.77421875 0.05 0.0359375
0 0.7375 0.74609375 0.059375 0.0390625
0 0.73984375 0.6953125 0.05 0.0375
0 0.71015625 0.6625 0.053125 0.0375
0 0.68203125 0.6234375 0.046875 0.034375
0 0.68515625 0.58828125 0.053125 0.0375
0 0.803125 0.75078125 0.053125 0.040625
0 0.83828125 0.7953125 0.053125 0.040625
0 0.89140625 0.7796875 0.05 0.0375
0 0.93046875 0.76875 0.053125 0.040625
0 0.89453125 0.740625 0.05625 0.0390625
0 0.8390625 0.7390625 0.046875 0.0375
0 0.846875 0.7078125 0.053125 0.0375
0 0.89375 0.6984375 0.053125 0.0375
0 0.7953125 0.7 0.053125 0.0375
0 0.946875 0.6953125 0.05625 0.0375
0 0.95625 0.73515625 0.059375 0.0359375
0 0.86875 0.66875 0.053125 0.040625
0 0.81640625 0.66484375 0.053125 0.0390625
0 0.76328125 0.665625 0.053125 0.0390625
0 0.73671875 0.6234375 0.05 0.034375
0 0.79921875 0.63046875 0.05 0.0375
0 0.8484375 0.62578125 0.05 0.040625
0 0.91015625 0.6328125 0.05 0.0375
0 0.93671875 0.6546875 0.053125 0.0375
0 0.96015625 0.621875 0.053125 0.040625
0 0.96484375 0.58125 0.053125 0.040625
0 0.890625 0.58515625 0.053125 0.0390625
0 0.83671875 0.5875 0.05625 0.0375
0 0.784375 0.58515625 0.05 0.0390625
0 0.73515625 0.5890625 0.053125 0.040625
0 0.91875 0.54609375 0.046875 0.0375
0 0.8734375 0.55234375 0.053125 0.0390625
0 0.81796875 0.553125 0.05 0.0375
0 0.76796875 0.553125 0.05625 0.0375
0 0.70859375 0.55234375 0.053125 0.0375
0 0.65703125 0.5515625 0.05 0.0390625
0 0.63125 0.51328125 0.046875 0.0390625
0 0.68125 0.521875 0.05 0.034375
0 0.7375 0.5203125 0.053125 0.0375
0 0.78359375 0.51875 0.05625 0.040625
0 0.84140625 0.5171875 0.053125 0.0375
0 0.90078125 0.51015625 0.053125 0.0375
0 0.9578125 0.51875 0.053125 0.040625
0 0.71015625 0.4875 0.053125 0.040625
0 0.75859375 0.484375 0.05 0.04375
0 0.8171875 0.48359375 0.05 0.0390625
0 0.87109375 0.478125 0.05625 0.040625
0 0.94296875 0.4828125 0.05625 0.040625
0 0.671875 0.446875 0.046875 0.034375
0 0.72109375 0.4515625 0.046875 0.0375
0 0.77265625 0.45 0.05 0.0359375
0 0.81953125 0.4453125 0.05 0.034375
0 0.91328125 0.4421875 0.053125 0.0421875
0 0.9546875 0.4453125 0.04375 0.0390625
0 0.9359375 0.41328125 0.05625 0.0390625
0 0.86328125 0.4125 0.053125 0.0375
0 0.8125 0.41484375 0.05 0.0390625
0 0.76171875 0.4125 0.05 0.0375
0 0.70390625 0.4140625 0.053125 0.0375
0 0.65703125 0.415625 0.05 0.040625