0 0.528125 0.1140625 0.0375 0.0296875
0 0.56484375 0.09375 0.0375 0.03125
0 0.6078125 0.0875 0.040625 0.03125
0 0.65234375 0.08828125 0.040625 0.03125
0 0.690625 0.08984375 0.0375 0.03125
0 0.73125 0.090625 0.040625 0.03125
0 0.7640625 0.10625 0.0375 0.028125
0 0.5515625 0.1359375 0.040625 0.03125
0 0.58671875 0.11953125 0.040625 0.03125
0 0.6296875 0.11640625 0.0390625 0.03125
0 0.67109375 0.11640625 0.040625 0.03125
0 0.76328125 0.10546875 0.040625 0.028125
0 0.73203125 0.134375 0.040625 0.03125
0 0.76640625 0.146875 0.040625 0.028125
0 0.69765625 0.15078125 0.034375 0.0265625
0 0.66796875 0.15 0.0421875 0.03125
0 0.60703125 0.14921875 0.0421875 0.03125
0 0.5703125 0.1640625 0.040625 0.03125
0 0.51875 0.159375 0.0390625 0.03125
0 0.53828125 0.1796875 0.040625 0.03125
0 0.50546875 0.196875 0.0390625 0.03125
0 0.46875 0.21015625 0.0359375 0.0296875
0 0.4578125 0.2421875 0.034375 0.03125
0 0.4546875 0.2703125 0.040625 0.028125
0 0.49453125 0.23125 0.0375 0.0296875
0 0.49296875 0.26171875 0.0375 0.028125
0 0.5296875 0.21953125 0.0375 0.028125
0 0.5609375 0.19609375 0.04375 0.0296875
0 0.59765625 0.18671875 0.0375 0.028125
0 0.6328125 0.17109375 0.0375 0.03125
0 0.665625 0.19453125 0.0375 0.03125
0 0.69609375 0.1796875 0.0375 0.028125
0 0.73125 0.1609375 0.0390625 0.03125
0 0.76640625 0.17734375 0.0375 0.028125
0 0.76328125 0.2078125 0.040625 0.0296875
0 0.7296875 0.19296875 0.0390625 0.03125
0 0.6953125 0.209375 0.040625 0.028125
0 0.66171875 0.22421875 0.040625 0.028125
0 0.66015625 0.25234375 0.0375 0.03125
0 0.62890625 0.2046875 0.040625 0.03125
0 0.5953125 0.21484375 0.040625 0.03125
0 0.56015625 0.228125 0.0421875 0.0328125
0 0.5265625 0.246875 0.0359375 0.028125
0 0.52578125 0.27578125 0.0375 0.028125
0 0.48984375 0.2859375 0.0375 0.03125
0 0.76171875 0.2375 0.04375 0.028125
0 0.72734375 0.225 0.0375 0.03125
0 0.7265625 0.253125 0.0375 0.028125
0 0.69296875 0.2390625 0.0375 0.028125
0 0.69296875 0.26875 0.040625 0.0296875
0 0.65625 0.2828125 0.0359375 0.0296875
0 0.6265625 0.23828125 0.0359375 0.028125
0 0.628125 0.26953125 0.0359375 0.028125
0 0.625 0.29609375 0.0359375 0.03125
0 0.59453125 0.24375 0.0390625 0.03125
0 0.5921875 0.27421875 0.034375 0.03125
0 0.559375 0.26171875 0.040625 0.034375
0 0.56015625 0.29296875 0.0390625 0.028125
0 0.52109375 0.30234375 0.0359375 0.0296875
0 0.48828125 0.31640625 0.0375 0.028125
0 0.453125 0.33125 0.040625 0.0296875
0 0.453125 0.3625 0.034375 0.028125
0 0.48828125 0.34765625 0.0390625 0.03125
0 0.5234375 0.33515625 0.0375 0.028125
0 0.56015625 0.321875 0.034375 0.0265625
0 0.5921875 0.30859375 0.0375 0.028125
0 0.7578125 0.26875 0.0359375 0.028125
0 0.75625 0.29765625 0.0375 0.0265625
0 0.72421875 0.284375 0.0375 0.028125
0 0.72421875 0.3109375 0.034375 0.028125
0 0.68984375 0.296875 0.0375 0.028125
0 0.6890625 0.32421875 0.040625 0.03125
0 0.6578125 0.3109375 0.0375 0.028125
0 0.65625 0.3375 0.0390625 0.028125
0 0.62265625 0.32578125 0.0359375 0.028125
0 0.62109375 0.35234375 0.0375 0.028125
0 0.58984375 0.3375 0.0375 0.028125
0 0.5890625 0.365625 0.0375 0.028125
0 0.55390625 0.34609375 0.040625 0.028125
0 0.55234375 0.37734375 0.0375 0.0296875
0 0.521875 0.3625 0.040625 0.028125
0 0.51953125 0.39296875 0.0375 0.03125
0 0.4875 0.4078125 0.0390625 0.028125
0 0.45625 0.390625 0.0359375 0.028125
0 0.4546875 0.421875 0.0375 0.0296875
0 0.42265625 0.40625 0.0375 0.028125
0 0.421875 0.43515625 0.0375 0.028125
0 0.421875 0.46484375 0.034375 0.028125
0 0.4515625 0.45 0.0375 0.03125
0 0.45546875 0.47890625 0.0375 0.028125
0 0.48828125 0.43671875 0.0390625 0.028125
0 0.48671875 0.4640625 0.0375 0.0296875
0 0.48671875 0.49453125 0.0390625 0.028125
0 0.4828125 0.52421875 0.0375 0.028125
0 0.51875 0.42109375 0.040625 0.03125
0 0.51953125 0.45234375 0.0375 0.028125
0 0.51875 0.4796875 0.0375 0.028125
0 0.51953125 0.509375 0.04375 0.0328125
0 0.515625 0.53984375 0.0375 0.0265625
0 0.55390625 0.4078125 0.0375 0.03125
0 0.553125 0.43671875 0.040625 0.0296875
0 0.5515625 0.46640625 0.040625 0.028125
0 0.55 0.49453125 0.0421875 0.0296875
0 0.55 0.52578125 0.040625 0.028125
0 0.58828125 0.39296875 0.0390625 0.028125
0 0.5859375 0.421875 0.0375 0.0296875
0 0.584375 0.4515625 0.034375 0.0265625
0 0.584375 0.4796875 0.0375 0.028125
0 0.584375 0.509375 0.0375 0.028125
0 0.62265625 0.38046875 0.0375 0.028125
0 0.6203125 0.409375 0.040625 0.028125
0 0.61875 0.43671875 0.0390625 0.028125
0 0.61796875 0.465625 0.0375 0.028125
0 0.61640625 0.49375 0.0375 0.0296875
0 0.61640625 0.52265625 0.0390625 0.028125
0 0.65546875 0.365625 0.0375 0.028125
0 0.6546875 0.39375 0.0359375 0.028125
0 0.6515625 0.42421875 0.040625 0.028125
0 0.65 0.45234375 0.0375 0.028125
0 0.6484375 0.48125 0.040625 0.028125
0 0.64921875 0.509375 0.040625 0.03125
0 0.68984375 0.35234375 0.0375 0.028125
0 0.6875 0.38125 0.0375 0.0296875
0 0.6859375 0.409375 0.0375 0.028125
0 0.68359375 0.43828125 0.0375 0.028125
0 0.6828125 0.4671875 0.040625 0.0265625
0 0.68203125 0.4953125 0.0375 0.028125
0 0.71953125 0.3390625 0.034375 0.03125
0 0.71796875 0.36875 0.0375 0.028125
0 0.71640625 0.39609375 0.0375 0.028125
0 0.71484375 0.42421875 0.0375 0.028125
0 0.71875 0.45390625 0.0375 0.028125
0 0.71875 0.4828125 0.040625 0.028125
0 0.75625 0.32421875 0.040625 0.028125
0 0.7546875 0.35390625 0.040625 0.03125
0 0.74921875 0.3828125 0.0375 0.028125
0 0.753125 0.4109375 0.040625 0.0296875
0 0.74921875 0.4390625 0.040625 0.028125
0 0.75078125 0.46796875 0.0375 0.028125
0 0.746875 0.4953125 0.040625 0.028125
0 0.74453125 0.52109375 0.0359375 0.028125
0 0.7140625 0.51015625 0.0390625 0.0265625
0 0.7125 0.5359375 0.0375 0.028125
0 0.68359375 0.5265625 0.0390625 0.028125
0 0.6796875 0.5515625 0.0375 0.028125
0 0.646875 0.5375 0.034375 0.0265625
0 0.646875 0.56328125 0.034375 0.028125
0 0.615625 0.55234375 0.0375 0.028125
0 0.615625 0.5796875 0.0359375 0.028125
0 0.58359375 0.5390625 0.0375 0.028125
0 0.58203125 0.5671875 0.0390625 0.028125
0 0.55078125 0.55 0.0375 0.028125
0 0.55 0.57734375 0.034375 0.0296875
0 0.51640625 0.56796875 0.0375 0.028125
0 0.5171875 0.5390625 0.0375 0.028125
0 0.746875 0.55078125 0.0390625 0.028125
0 0.74453125 0.578125 0.0375 0.025
0 0.74296875 0.603125 0.0390625 0.025
0 0.71171875 0.5640625 0.0375 0.028125
0 0.71171875 0.59140625 0.0375 0.025
0 0.71015625 0.61484375 0.0375 0.025
0 0.68125 0.57734375 0.0375 0.025
0 0.67890625 0.603125 0.0375 0.0265625
0 0.678125 0.628125 0.0375 0.025
0 0.646875 0.58984375 0.0359375 0.028125
0 0.646875 0.6171875 0.0375 0.028125
0 0.64609375 0.64375 0.034375 0.025
0 0.61484375 0.60390625 0.0390625 0.028125
0 0.61484375 0.634375 0.0375 0.028125
0 0.6140625 0.66328125 0.0375 0.028125
0 0.58359375 0.58984375 0.0375 0.025
0 0.58203125 0.62265625 0.0375 0.028125
0 0.58203125 0.65078125 0.0375 0.0265625
0 0.58203125 0.67578125 0.040625 0.028125
0 0.54921875 0.6046875 0.0359375 0.028125
0 0.55 0.6359375 0.0375 0.028125
0 0.54921875 0.66015625 0.0375 0.028125
0 0.5484375 0.6890625 0.0359375 0.028125
0 0.51953125 0.5890625 0.034375 0.0234375
0 0.5171875 0.61953125 0.040625 0.028125
0 0.5171875 0.646875 0.0375 0.028125
0 0.5203125 0.671875 0.0375 0.028125
0 0.51953125 0.69921875 0.0390625 0.028125
0 0.48515625 0.63125 0.034375 0.028125
0 0.484375 0.66328125 0.0375 0.028125
0 0.4859375 0.6875 0.0390625 0.028125
0 0.4875 0.71328125 0.034375 0.028125
0 0.74765625 0.63125 0.0375 0.025
0 0.7453125 0.6578125 0.0375 0.025
0 0.7125 0.64453125 0.0375 0.025
0 0.7109375 0.66796875 0.034375 0.025
0 0.67734375 0.65625 0.0375 0.025
0 0.67734375 0.67890625 0.0375 0.025
0 0.64609375 0.665625 0.034375 0.025
0 0.6453125 0.69296875 0.034375 0.0265625
0 0.6140625 0.6640625 0.0390625 0.0265625
0 0.615625 0.68984375 0.0390625 0.0265625
0 0.58203125 0.70546875 0.0375 0.025
0 0.58203125 0.73359375 0.0375 0.028125
0 0.55078125 0.715625 0.0375 0.025
0 0.55234375 0.7421875 0.0359375 0.0265625
0 0.5203125 0.7265625 0.0375 0.0265625
0 0.5171875 0.76015625 0.0375 0.025
0 0.51796875 0.78828125 0.034375 0.028125
0 0.5515625 0.78046875 0.0375 0.0265625
0 0.584375 0.75859375 0.0359375 0.025
0 0.584375 0.78984375 0.0375 0.028125
0 0.615625 0.71640625 0.0375 0.028125
0 0.61484375 0.73203125 0.0359375 0.0234375
0 0.6140625 0.77421875 0.0375 0.025
0 0.64453125 0.71796875 0.034375 0.025
0 0.64453125 0.746875 0.034375 0.025
0 0.64765625 0.7796875 0.034375 0.025
0 0.67734375 0.71015625 0.0375 0.025
0 0.67578125 0.734375 0.034375 0.025
0 0.67578125 0.7625 0.034375 0.025
0 0.71171875 0.69921875 0.034375 0.0234375
0 0.71015625 0.72421875 0.0375 0.0265625
0 0.70859375 0.75234375 0.0375 0.025
0 0.70390625 0.78203125 0.0359375 0.025
0 0.74453125 0.6890625 0.0390625 0.0265625
0 0.7453125 0.715625 0.0375 0.025
0 0.73984375 0.7390625 0.0375 0.025
0 0.7359375 0.76796875 0.0375 0.025