0 0.9890625 0.03125 0.021875 0.05
0 0.98671875 0.08515625 0.0265625 0.053125
0 0.9921875 0.14140625 0.015625 0.0453125
0 0.9390625 0.01796875 0.046875 0.0359375
0 0.96015625 0.04921875 0.04375 0.053125
0 0.9515625 0.09921875 0.0453125 0.0546875
0 0.9640625 0.1625 0.04375 0.05625
0 0.89453125 0.02265625 0.040625 0.0453125
0 0.91015625 0.06953125 0.0375 0.0546875
0 0.90546875 0.1234375 0.0375 0.053125
0 0.87890625 0.06640625 0.0375 0.046875
0 0.86171875 0.1203125 0.040625 0.046875
0 0.91953125 0.16640625 0.040625 0.05
0 0.8625 0.16484375 0.0609375 0.075
0 0.83125 0.0328125 0.059375 0.065625
0 0.80703125 0.13359375 0.0546875 0.071875
0 0.8 0.02421875 0.025 0.0484375
0 0.76953125 0.05 0.0515625 0.0625
0 0.74609375 0.0984375 0.053125 0.05625
0 0.75078125 0.140625 0.05625 0.065625
0 0.73203125 0.0140625 0.046875 0.028125
0 0.6921875 0.0421875 0.0484375 0.05625
0 0.65546875 0.01171875 0.0515625 0.0234375
0 0.65078125 0.06328125 0.05 0.065625
0 0.69296875 0.0421875 0.05 0.05625
0 0.696875 0.0921875 0.0515625 0.0609375
0 0.69609375 0.14453125 0.053125 0.0671875
0 0.653125 0.125 0.05 0.059375
0 0.6046875 0.06796875 0.046875 0.065625
0 0.559375 0.0234375 0.0453125 0.046875
0 0.5203125 0.01171875 0.040625 0.0234375
0 0.5234375 0.05703125 0.0375 0.059375
0 0.55546875 0.07265625 0.05 0.065625
0 0.52421875 0.1171875 0.040625 0.0546875
0 0.52109375 0.16484375 0.0484375 0.059375
0 0.56484375 0.17890625 0.046875 0.059375
0 0.61171875 0.15625 0.046875 0.0609375
0 0.60546875 0.21484375 0.046875 0.059375
0 0.65234375 0.1984375 0.0453125 0.059375
0 0.6921875 0.21953125 0.05 0.059375
0 0.7375 0.24375 0.05625 0.0625
0 0.784375 0.22421875 0.0515625 0.0671875
0 0.83984375 0.25390625 0.05625 0.0671875
0 0.9 0.22109375 0.05625 0.065625
0 0.8859375 0.29609375 0.059375 0.065625
0 0.94765625 0.2625 0.0609375 0.0734375
0 0.97578125 0.20703125 0.04375 0.0546875
0 0.9265625 0.221875 0.03125 0.0515625
0 0.984375 0.2546875 0.03125 0.0515625
0 0.9921875 0.3671875 0.015625 0.046875
0 0.95625 0.35546875 0.03125 0.05
0 0.97578125 0.4015625 0.0359375 0.05
0 0.9296875 0.34375 0.0546875 0.0640625
0 0.92578125 0.40859375 0.0625 0.0703125
0 0.8796875 0.3625 0.05625 0.0703125
0 0.8859375 0.428125 0.0625 0.0734375
0 0.828125 0.3296875 0.0546875 0.06875
0 0.82421875 0.3953125 0.05625 0.0671875
0 0.784375 0.29375 0.05625 0.0671875
0 0.77734375 0.35859375 0.0515625 0.065625
0 0.73984375 0.3109375 0.05625 0.06875
0 0.7453125 0.3984375 0.05625 0.071875
0 0.6921875 0.27578125 0.053125 0.071875
0 0.7 0.3546875 0.053125 0.06875
0 0.6453125 0.25703125 0.05 0.0625
0 0.64765625 0.32421875 0.05 0.065625
0 0.6046875 0.296875 0.046875 0.065625
0 0.56640625 0.25390625 0.0453125 0.0625
0 0.53984375 0.3125 0.04375 0.0625
0 0.58359375 0.35625 0.0453125 0.059375
0 0.53671875 0.38046875 0.0453125 0.0625
0 0.6234375 0.3859375 0.046875 0.0625
0 0.665625 0.40859375 0.053125 0.065625
0 0.7078125 0.44765625 0.053125 0.065625
0 0.78359375 0.440625 0.0515625 0.06875
0 0.75078125 0.49140625 0.0625 0.071875
0 0.69921875 0.5171875 0.053125 0.06875
0 0.66171875 0.47109375 0.0484375 0.059375
0 0.65390625 0.5484375 0.0515625 0.06875
0 0.6171875 0.446875 0.046875 0.0640625
0 0.615625 0.51015625 0.0484375 0.0625
0 0.61328125 0.57578125 0.04375 0.0625
0 0.5765625 0.41328125 0.0484375 0.0625
0 0.53125 0.44609375 0.04375 0.0640625
0 0.57265625 0.475 0.05 0.0640625
0 0.5375 0.50703125 0.04375 0.059375
0 0.5765625 0.5421875 0.046875 0.059375
0 0.534375 0.5734375 0.046875 0.0609375
0 0.53671875 0.6421875 0.0453125 0.0578125
0 0.57734375 0.60703125 0.0453125 0.0625
0 0.821875 0.4796875 0.0515625 0.06875
0 0.7984375 0.53671875 0.059375 0.075
0 0.74296875 0.55703125 0.053125 0.0640625
0 0.7 0.59921875 0.053125 0.071875
0 0.6515625 0.61484375 0.05625 0.065625
0 0.61953125 0.64140625 0.046875 0.0625
0 0.78125 0.6 0.053125 0.0671875
0 0.83359375 0.57265625 0.0546875 0.06875
0 0.871875 0.52109375 0.05625 0.06875
0 0.92734375 0.47734375 0.0625 0.071875
0 0.97734375 0.453125 0.0421875 0.05
0 0.959375 0.5125 0.040625 0.0484375
0 0.97109375 0.55859375 0.0359375 0.046875
0 0.934375 0.56171875 0.034375 0.046875
0 0.8765625 0.60078125 0.05 0.0625
0 0.96875 0.61171875 0.040625 0.046875
0 0.92890625 0.6046875 0.034375 0.04375
0 0.95078125 0.65 0.0390625 0.046875
0 0.984375 0.66328125 0.03125 0.0421875
0 0.99140625 0.6046875 0.00625 0.075
0 0.97890625 0.7125 0.0421875 0.05
0 0.95 0.7453125 0.040625 0.046875
0 0.92890625 0.6859375 0.03125 0.04375
0 0.8921875 0.6890625 0.0609375 0.06875
0 0.90859375 0.74296875 0.0375 0.046875
0 0.8640625 0.72734375 0.03125 0.04375
0 0.83359375 0.64609375 0.05625 0.071875
0 0.83359375 0.7140625 0.053125 0.065625
0 0.78984375 0.68984375 0.05625 0.06875
0 0.740625 0.6375 0.05625 0.06875
0 0.709375 0.6765625 0.046875 0.059375
0 0.65703125 0.68359375 0.0515625 0.0625
0 0.6171875 0.71015625 0.046875 0.065625
0 0.57265625 0.68203125 0.046875 0.0625
0 0.58203125 0.74140625 0.046875 0.0625
0 0.53984375 0.70625 0.04375 0.0609375
0 0.53984375 0.76796875 0.0453125 0.059375
0 0.53671875 0.83203125 0.046875 0.06875
0 0.58125 0.80234375 0.046875 0.059375
0 0.56875 0.8796875 0.0453125 0.065625
0 0.6109375 0.9078125 0.046875 0.0671875
0 0.6140625 0.8484375 0.046875 0.059375
0 0.62421875 0.7765625 0.046875 0.0640625
0 0.6625 0.9203125 0.04375 0.0609375
0 0.659375 0.8640625 0.0484375 0.065625
0 0.66953125 0.7875 0.046875 0.0671875
0 0.70390625 0.77109375 0.0546875 0.06875
0 0.7125 0.86328125 0.059375 0.071875
0 0.7078125 0.9171875 0.053125 0.0609375
0 0.75859375 0.9234375 0.0578125 0.06875
0 0.74765625 0.80390625 0.053125 0.0625
0 0.7546875 0.7515625 0.05625 0.075
0 0.796875 0.878125 0.059375 0.071875
0 0.8078125 0.796875 0.059375 0.071875
0 0.84140625 0.7734375 0.028125 0.0421875
0 0.8546875 0.8109375 0.034375 0.0453125
0 0.83828125 0.859375 0.0359375 0.04375
0 0.86171875 0.89296875 0.0375 0.046875
0 0.8796875 0.85 0.034375 0.046875
0 0.89296875 0.81171875 0.0375 0.04375
0 0.91171875 0.7734375 0.0375 0.0375
0 0.875 0.76328125 0.0375 0.040625
0 0.8578125 0.98203125 0.034375 0.034375
0 0.89453125 0.96640625 0.040625 0.046875
0 0.89453125 0.88984375 0.040625 0.0453125
0 0.921875 0.8625 0.0375 0.0515625
0 0.9859375 0.75859375 0.028125 0.0453125
0 0.97109375 0.8015625 0.0421875 0.0453125
0 0.98125 0.8375 0.0375 0.046875
0 0.96796875 0.87734375 0.040625 0.0453125
0 0.9828125 0.909375 0.034375 0.04375
0 0.9484375 0.98515625 0.04375 0.0296875
0 0.984375 0.9828125 0.03125 0.0328125
0 0.9359375 0.89296875 0.0375 0.0421875