0 0.0109375 0.96875 0.021875 0.05
0 0.01328125 0.91484375 0.0265625 0.0546875
0 0.0078125 0.85859375 0.015625 0.0453125
0 0.0609375 0.98203125 0.046875 0.0359375
0 0.03984375 0.95078125 0.04375 0.053125
0 0.0484375 0.90078125 0.0453125 0.0546875
0 0.0359375 0.8375 0.04375 0.05625
0 0.10546875 0.97734375 0.040625 0.0453125
0 0.08984375 0.93046875 0.0375 0.0546875
0 0.09453125 0.8765625 0.0375 0.053125
0 0.12109375 0.93359375 0.0375 0.046875
0 0.13828125 0.8796875 0.040625 0.046875
0 0.08046875 0.83359375 0.040625 0.05
0 0.1375 0.83515625 0.0609375 0.0765625
0 0.16875 0.9671875 0.059375 0.065625
0 0.19296875 0.86640625 0.0546875 0.071875
0 0.2 0.97578125 0.025 0.0484375
0 0.23046875 0.95 0.0515625 0.0625
0 0.25390625 0.9015625 0.053125 0.05625
0 0.24921875 0.859375 0.05625 0.065625
0 0.26796875 0.9859375 0.046875 0.028125
0 0.3078125 0.9578125 0.0484375 0.05625
0 0.34453125 0.98828125 0.0515625 0.0234375
0 0.34921875 0.93671875 0.05 0.065625
0 0.30703125 0.9578125 0.05 0.05625
0 0.303125 0.9078125 0.0515625 0.0609375
0 0.30390625 0.85546875 0.053125 0.0671875
0 0.346875 0.875 0.05 0.0609375
0 0.3953125 0.93203125 0.046875 0.065625
0 0.440625 0.9765625 0.0453125 0.046875
0 0.4796875 0.98828125 0.040625 0.0234375
0 0.4765625 0.94296875 0.0375 0.059375
0 0.44453125 0.92734375 0.05 0.065625
0 0.47578125 0.8828125 0.040625 0.0546875
0 0.47890625 0.83515625 0.0484375 0.059375
0 0.43515625 0.82109375 0.046875 0.059375
0 0.38828125 0.84375 0.046875 0.0609375
0 0.39453125 0.78515625 0.046875 0.059375
0 0.34765625 0.8015625 0.0453125 0.059375
0 0.3078125 0.78046875 0.05 0.059375
0 0.2625 0.75625 0.05625 0.0625
0 0.215625 0.77578125 0.0515625 0.0671875
0 0.16015625 0.74609375 0.05625 0.0671875
0 0.1 0.77890625 0.05625 0.065625
0 0.1140625 0.70390625 0.059375 0.0671875
0 0.05234375 0.7375 0.0609375 0.0734375
0 0.02421875 0.79296875 0.04375 0.0546875
0 0.0734375 0.778125 0.03125 0.0515625
0 0.015625 0.7453125 0.03125 0.0515625
0 0.0078125 0.6328125 0.015625 0.046875
0 0.04375 0.64453125 0.03125 0.05
0 0.02421875 0.5984375 0.0359375 0.05
0 0.0703125 0.65625 0.0546875 0.0640625
0 0.07421875 0.59140625 0.0625 0.0703125
0 0.1203125 0.6375 0.05625 0.0703125
0 0.1140625 0.571875 0.0625 0.0734375
0 0.171875 0.6703125 0.0546875 0.06875
0 0.17578125 0.6046875 0.05625 0.0671875
0 0.215625 0.70625 0.05625 0.0671875
0 0.22265625 0.64140625 0.0515625 0.065625
0 0.26015625 0.6890625 0.05625 0.06875
0 0.2546875 0.6015625 0.05625 0.071875
0 0.3078125 0.72421875 0.053125 0.071875
0 0.3 0.6453125 0.053125 0.06875
0 0.3546875 0.74296875 0.05 0.0625
0 0.35234375 0.67578125 0.05 0.065625
0 0.3953125 0.703125 0.046875 0.065625
0 0.43359375 0.74609375 0.0453125 0.0625
0 0.46015625 0.6875 0.04375 0.0625
0 0.41640625 0.64375 0.0453125 0.059375
0 0.46328125 0.61953125 0.0453125 0.0625
0 0.3765625 0.6140625 0.046875 0.0625
0 0.334375 0.59140625 0.053125 0.065625
0 0.2921875 0.55234375 0.053125 0.065625
0 0.21640625 0.559375 0.0515625 0.06875
0 0.24921875 0.50859375 0.0625 0.071875
0 0.30078125 0.4828125 0.053125 0.06875
0 0.33828125 0.52890625 0.0484375 0.059375
0 0.34609375 0.4515625 0.0515625 0.06875
0 0.3828125 0.553125 0.046875 0.0640625
0 0.384375 0.48984375 0.0484375 0.0625
0 0.38671875 0.42421875 0.04375 0.0625
0 0.4234375 0.58671875 0.0484375 0.0625
0 0.46875 0.55390625 0.04375 0.0640625
0 0.42734375 0.525 0.05 0.0640625
0 0.4625 0.49296875 0.04375 0.059375
0 0.4234375 0.4578125 0.046875 0.059375
0 0.465625 0.4265625 0.046875 0.0609375
0 0.46328125 0.3578125 0.0453125 0.0578125
0 0.42265625 0.39296875 0.0453125 0.0625
0 0.178125 0.5203125 0.0515625 0.06875
0 0.2015625 0.46328125 0.059375 0.075
0 0.25703125 0.44296875 0.053125 0.0640625
0 0.3 0.40078125 0.053125 0.071875
0 0.3484375 0.38515625 0.05625 0.065625
0 0.38046875 0.35859375 0.046875 0.0625
0 0.21875 0.4 0.053125 0.0671875
0 0.16640625 0.42734375 0.0546875 0.06875
0 0.128125 0.47890625 0.05625 0.06875
0 0.07265625 0.52265625 0.0625 0.071875
0 0.02265625 0.546875 0.0421875 0.05
0 0.040625 0.4875 0.040625 0.0484375
0 0.02890625 0.44140625 0.0359375 0.046875
0 0.065625 0.43828125 0.034375 0.046875
0 0.1234375 0.39921875 0.05 0.0625
0 0.03125 0.38828125 0.040625 0.046875
0 0.07109375 0.3953125 0.034375 0.04375
0 0.04921875 0.35 0.0390625 0.046875
0 0.015625 0.33671875 0.03125 0.0421875
0 0.00859375 0.3953125 0.00625 0.075
0 0.02109375 0.2875 0.0421875 0.05
0 0.05 0.2546875 0.040625 0.046875
0 0.07109375 0.3140625 0.03125 0.04375
0 0.1078125 0.3109375 0.0609375 0.06875
0 0.09140625 0.25703125 0.0375 0.046875
0 0.1359375 0.27265625 0.03125 0.04375
0 0.16640625 0.35390625 0.05625 0.071875
0 0.16640625 0.2859375 0.053125 0.065625
0 0.21015625 0.31015625 0.05625 0.06875
0 0.259375 0.3625 0.05625 0.06875
0 0.290625 0.3234375 0.046875 0.059375
0 0.34296875 0.31640625 0.0515625 0.0625
0 0.3828125 0.28984375 0.046875 0.065625
0 0.42734375 0.31796875 0.046875 0.0625
0 0.41796875 0.25859375 0.046875 0.0625
0 0.46015625 0.29375 0.04375 0.0609375
0 0.46015625 0.23203125 0.0453125 0.059375
0 0.46328125 0.16796875 0.046875 0.06875
0 0.41875 0.19765625 0.046875 0.059375
0 0.43125 0.1203125 0.0453125 0.065625
0 0.3890625 0.0921875 0.046875 0.065625
0 0.3859375 0.1515625 0.046875 0.059375
0 0.37578125 0.2234375 0.046875 0.0640625
0 0.3375 0.0796875 0.04375 0.059375
0 0.340625 0.1359375 0.0484375 0.065625
0 0.33046875 0.2125 0.046875 0.065625
0 0.29609375 0.22890625 0.0546875 0.06875
0 0.2875 0.13671875 0.059375 0.071875
0 0.2921875 0.0828125 0.053125 0.0609375
0 0.24140625 0.0765625 0.0578125 0.06875
0 0.25234375 0.19609375 0.053125 0.0625
0 0.2453125 0.2484375 0.05625 0.075
0 0.203125 0.121875 0.059375 0.071875
0 0.1921875 0.203125 0.059375 0.071875
0 0.15859375 0.2265625 0.028125 0.0421875
0 0.1453125 0.1890625 0.034375 0.0453125
0 0.16171875 0.140625 0.0359375 0.04375
0 0.13828125 0.10703125 0.0375 0.046875
0 0.1203125 0.15 0.034375 0.046875
0 0.10703125 0.18828125 0.0375 0.04375
0 0.08828125 0.2265625 0.0375 0.0375
0 0.125 0.23671875 0.0375 0.040625
0 0.1421875 0.01796875 0.034375 0.034375
0 0.10546875 0.03359375 0.040625 0.046875
0 0.10546875 0.11015625 0.040625 0.0453125
0 0.078125 0.1375 0.0375 0.0515625
0 0.0140625 0.24140625 0.028125 0.0453125
0 0.02890625 0.1984375 0.0421875 0.046875
0 0.01875 0.1625 0.0375 0.046875
0 0.03203125 0.12265625 0.040625 0.0453125
0 0.0171875 0.090625 0.034375 0.04375
0 0.0515625 0.01484375 0.04375 0.0296875
0 0.015625 0.0171875 0.03125 0.0328125
0 0.0640625 0.10703125 0.0375 0.0421875