0 0.03359375 0.57265625 0.0671875 0.05
0 0.02265625 0.51015625 0.0453125 0.053125
0 0.12890625 0.59296875 0.096875 0.0484375
0 0.1375 0.54375 0.0921875 0.040625
0 0.11796875 0.50625 0.1078125 0.0515625
0 0.16484375 0.478125 0.0921875 0.0375
0 0.2078125 0.68125 0.0921875 0.0453125
0 0.20390625 0.6203125 0.0875 0.0421875
0 0.20703125 0.56953125 0.1 0.04375
0 0.209375 0.51640625 0.0984375 0.0453125
0 0.18359375 0.4296875 0.1046875 0.046875
0 0.23828125 0.3875 0.10625 0.0453125
0 0.29609375 0.69296875 0.0875 0.0421875
0 0.3109375 0.64140625 0.090625 0.04375
0 0.28515625 0.59453125 0.0875 0.0421875
0 0.29765625 0.5515625 0.090625 0.0453125
0 0.2921875 0.4796875 0.0953125 0.04375
0 0.3234375 0.4296875 0.1015625 0.0484375
0 0.2984375 0.39453125 0.06875 0.03125
0 0.33046875 0.3265625 0.1 0.04375
0 0.37578125 0.72734375 0.09375 0.0421875
0 0.38515625 0.678125 0.0859375 0.04375
0 0.36171875 0.6078125 0.0890625 0.0375
0 0.36796875 0.57421875 0.09375 0.04375
0 0.3546875 0.51015625 0.0921875 0.0421875
0 0.3765625 0.4671875 0.0875 0.04375
0 0.396875 0.4171875 0.096875 0.046875
0 0.41796875 0.346875 0.09375 0.0421875
0 0.37421875 0.29453125 0.090625 0.04375
0 0.421875 0.26015625 0.09375 0.040625
0 0.4515625 0.315625 0.0890625 0.046875
0 0.43828125 0.38984375 0.08125 0.04375
0 0.43671875 0.45 0.078125 0.0375
0 0.44609375 0.4921875 0.084375 0.04375
0 0.41640625 0.53515625 0.0828125 0.040625
0 0.4390625 0.58203125 0.090625 0.040625
0 0.44921875 0.6328125 0.0875 0.046875
0 0.446875 0.7 0.078125 0.0421875
0 0.4359375 0.740625 0.0875 0.0375
0 0.52578125 0.784375 0.0796875 0.040625
0 0.51796875 0.740625 0.08125 0.040625
0 0.52578125 0.69921875 0.0828125 0.040625
0 0.51640625 0.65859375 0.08125 0.0421875
0 0.52734375 0.609375 0.078125 0.04375
0 0.50234375 0.55234375 0.08125 0.0390625
0 0.55234375 0.515625 0.084375 0.040625
0 0.54765625 0.471875 0.090625 0.04375
0 0.5515625 0.44296875 0.0765625 0.0328125
0 0.503125 0.4234375 0.078125 0.0375
0 0.56171875 0.390625 0.08125 0.040625
0 0.5109375 0.35859375 0.08125 0.04375
0 0.528125 0.31875 0.090625 0.04375
0 0.5671875 0.28828125 0.084375 0.040625
0 0.5421875 0.24375 0.096875 0.0390625
0 0.475 0.21875 0.090625 0.040625
0 0.5328125 0.1921875 0.08125 0.040625
0 0.61484375 0.17734375 0.0859375 0.040625
0 0.66015625 0.21640625 0.0796875 0.040625
0 0.69296875 0.25234375 0.084375 0.04375
0 0.65390625 0.30859375 0.0828125 0.0421875
0 0.59765625 0.3515625 0.08125 0.04375
0 0.690625 0.36640625 0.0875 0.04375
0 0.73671875 0.3265625 0.11875 0.028125
0 0.6296875 0.41796875 0.08125 0.040625
0 0.671875 0.40703125 0.071875 0.0375
0 0.7734375 0.3765625 0.0875 0.0375
0 0.78203125 0.41640625 0.075 0.0375
0 0.7640625 0.440625 0.078125 0.0421875
0 0.66328125 0.4578125 0.078125 0.0421875
0 0.5921875 0.48359375 0.071875 0.0375
0 0.7 0.51015625 0.0875 0.040625
0 0.7171875 0.4859375 0.0765625 0.034375
0 0.63125 0.55234375 0.08125 0.0375
0 0.5796875 0.575 0.0796875 0.040625
0 0.6953125 0.571875 0.0828125 0.0375
0 0.7578125 0.5328125 0.08125 0.04375
0 0.65078125 0.6046875 0.0875 0.0421875
0 0.59453125 0.6359375 0.08125 0.040625
0 0.584375 0.671875 0.084375 0.0375
0 0.72109375 0.61875 0.0765625 0.040625
0 0.7859375 0.5953125 0.071875 0.040625
0 0.77109375 0.553125 0.0734375 0.03125
0 0.69296875 0.65625 0.084375 0.040625
0 0.725 0.6625 0.0578125 0.040625
0 0.653125 0.68515625 0.078125 0.0375
0 0.57734375 0.70546875 0.0625 0.0359375
0 0.64296875 0.72421875 0.0734375 0.0375
0 0.578125 0.74375 0.065625 0.04375
0 0.66328125 0.77421875 0.08125 0.040625
0 0.62109375 0.81796875 0.08125 0.040625
0 0.68046875 0.81484375 0.065625 0.0375
0 0.71640625 0.778125 0.06875 0.0359375
0 0.725 0.74453125 0.075 0.040625
0 0.7234375 0.7046875 0.078125 0.0375
0 0.76640625 0.67265625 0.0671875 0.0359375
0 0.79765625 0.63828125 0.075 0.040625
0 0.73515625 0.83515625 0.071875 0.0375
0 0.790625 0.87578125 0.0671875 0.0359375
0 0.7796875 0.84296875 0.06875 0.0359375
0 0.80703125 0.8109375 0.071875 0.0375
0 0.7875 0.7546875 0.075 0.0375
0 0.84921875 0.7703125 0.0765625 0.0390625
0 0.8796875 0.90078125 0.071875 0.0375
0 0.940625 0.86875 0.08125 0.0296875
0 0.9703125 0.84140625 0.05625 0.0390625
0 0.84375 0.8484375 0.0796875 0.0375
0 0.85390625 0.8171875 0.06875 0.0390625
0 0.9625 0.80390625 0.0734375 0.0390625
0 0.946875 0.7578125 0.06875 0.0375
0 0.86328125 0.734375 0.075 0.0390625
0 0.95078125 0.71640625 0.071875 0.0375
0 0.815625 0.72421875 0.078125 0.040625
0 0.840625 0.68984375 0.071875 0.0359375
0 0.84765625 0.653125 0.075 0.040625
0 0.93828125 0.634375 0.075 0.0375
0 0.9265625 0.59296875 0.0765625 0.0375
0 0.92734375 0.546875 0.075 0.040625
0 0.8265625 0.6078125 0.06875 0.034375
0 0.83046875 0.571875 0.0734375 0.0390625
0 0.846875 0.5265625 0.075 0.040625
0 0.78984375 0.509375 0.0765625 0.0359375
0 0.80234375 0.46953125 0.078125 0.040625
0 0.8953125 0.490625 0.08125 0.040625
0 0.928125 0.50703125 0.0765625 0.040625
0 0.9265625 0.465625 0.075 0.0390625
0 0.88515625 0.440625 0.0734375 0.040625
0 0.94765625 0.41796875 0.075 0.0421875
0 0.8484375 0.39296875 0.078125 0.040625
0 0.8203125 0.3484375 0.0734375 0.0375
0 0.925 0.36640625 0.0765625 0.0375
0 0.91484375 0.32578125 0.075 0.0375
0 0.903125 0.28515625 0.0890625 0.040625
0 0.95703125 0.25625 0.075 0.040625
0 0.89296875 0.22421875 0.084375 0.04375
0 0.93515625 0.215625 0.06875 0.040625
0 0.809375 0.2625 0.08125 0.0453125
0 0.77265625 0.31796875 0.0734375 0.0375
0 0.71953125 0.23984375 0.0609375 0.0359375
0 0.6921875 0.1921875 0.0875 0.0375
0 0.67734375 0.1453125 0.078125 0.046875
0 0.78828125 0.209375 0.08125 0.04375
0 0.7890625 0.1546875 0.0796875 0.0390625
0 0.77734375 0.11796875 0.08125 0.040625
0 0.8484375 0.18359375 0.08125 0.040625
0 0.934375 0.1625 0.075 0.040625
0 0.87578125 0.1296875 0.08125 0.0421875
0 0.95234375 0.109375 0.071875 0.040625
0 0.91328125 0.075 0.075 0.03125
0 0.96171875 0.990625 0.0734375 0.01875