0 0.93828125 0.15859375 0.075 0.0578125
0 0.94296875 0.215625 0.078125 0.053125
0 0.94140625 0.2703125 0.078125 0.05625
0 0.94296875 0.325 0.078125 0.05625
0 0.94453125 0.38125 0.075 0.059375
0 0.9375 0.440625 0.08125 0.059375
0 0.92734375 0.50546875 0.078125 0.0609375
0 0.915625 0.5640625 0.0796875 0.059375
0 0.9375 0.625 0.08125 0.0609375
0 0.91015625 0.6875 0.078125 0.0625
0 0.9140625 0.75078125 0.078125 0.0578125
0 0.92734375 0.80625 0.075 0.059375
0 0.8796875 0.85625 0.078125 0.0578125
0 0.83125 0.9015625 0.078125 0.059375
0 0.7859375 0.9578125 0.084375 0.059375
0 0.690625 0.9578125 0.08125 0.0640625
0 0.7296875 0.8890625 0.078125 0.059375
0 0.70078125 0.846875 0.08125 0.0640625
0 0.790625 0.85 0.0796875 0.05625
0 0.83203125 0.79375 0.06875 0.059375
0 0.759375 0.803125 0.078125 0.059375
0 0.83671875 0.7140625 0.078125 0.059375
0 0.76015625 0.74375 0.08125 0.0609375
0 0.77734375 0.678125 0.08125 0.0609375
0 0.8640625 0.65 0.084375 0.0609375
0 0.8546875 0.58828125 0.084375 0.059375
0 0.85234375 0.5296875 0.078125 0.059375
0 0.79609375 0.6171875 0.078125 0.0625
0 0.78203125 0.5546875 0.075 0.05625
0 0.78671875 0.4953125 0.08125 0.05625
0 0.840625 0.4703125 0.075 0.05625
0 0.86796875 0.40703125 0.08125 0.0578125
0 0.7890625 0.434375 0.078125 0.059375
0 0.79921875 0.37578125 0.0796875 0.059375
0 0.8828125 0.34453125 0.084375 0.0578125
0 0.84921875 0.3015625 0.078125 0.053125
0 0.7828125 0.3203125 0.071875 0.05625
0 0.80234375 0.24609375 0.0828125 0.0609375
0 0.87265625 0.234375 0.075 0.059375
0 0.8609375 0.178125 0.0796875 0.05625
0 0.86796875 0.1234375 0.06875 0.0515625
0 0.81875 0.0671875 0.078125 0.05625
0 0.81171875 0.13359375 0.071875 0.0546875
0 0.79375 0.19296875 0.075 0.0546875
0 0.7484375 0.075 0.0796875 0.0546875
0 0.73984375 0.1296875 0.08125 0.053125
0 0.7265625 0.21875 0.078125 0.05625
0 0.7359375 0.271875 0.084375 0.059375
0 0.72265625 0.3390625 0.0875 0.05625
0 0.73125 0.3984375 0.084375 0.0609375
0 0.7265625 0.46171875 0.08125 0.0578125
0 0.7109375 0.5203125 0.08125 0.059375
0 0.70703125 0.578125 0.08125 0.059375
0 0.69609375 0.6390625 0.078125 0.059375
0 0.68828125 0.7109375 0.08125 0.0609375
0 0.68671875 0.78125 0.0828125 0.059375
0 0.5859375 0.9203125 0.084375 0.0625
0 0.62734375 0.8703125 0.08125 0.0609375
0 0.60859375 0.79921875 0.08125 0.059375
0 0.61328125 0.734375 0.078125 0.059375
0 0.62578125 0.675 0.075 0.0625
0 0.6375 0.6125 0.0828125 0.0625
0 0.6375 0.5453125 0.0828125 0.0625
0 0.6578125 0.484375 0.084375 0.0625
0 0.6390625 0.42578125 0.0828125 0.0578125
0 0.6515625 0.36640625 0.084375 0.059375
0 0.6609375 0.30078125 0.0828125 0.059375
0 0.6421875 0.24140625 0.0828125 0.0578125
0 0.671875 0.1640625 0.08125 0.059375
0 0.6734375 0.096875 0.08125 0.0546875
0 0.61328125 0.11640625 0.08125 0.0578125
0 0.6078125 0.1828125 0.0796875 0.0625
0 0.57890625 0.2640625 0.08125 0.059375
0 0.54140625 0.21171875 0.0796875 0.0546875
0 0.53984375 0.14765625 0.078125 0.0609375
0 0.4796875 0.1640625 0.0828125 0.059375
0 0.453125 0.234375 0.078125 0.0609375
0 0.41015625 0.29765625 0.08125 0.059375
0 0.5 0.28515625 0.0828125 0.059375
0 0.5171875 0.35234375 0.0828125 0.059375
0 0.434375 0.3671875 0.0828125 0.059375
0 0.5078125 0.4234375 0.071875 0.05625
0 0.5765625 0.3921875 0.0796875 0.05625
0 0.5796875 0.45390625 0.0828125 0.05625
0 0.5609375 0.5140625 0.0859375 0.059375
0 0.49375 0.4796875 0.084375 0.05625
0 0.3625 0.4546875 0.0828125 0.059375
0 0.4125 0.56875 0.08125 0.059375
0 0.484375 0.5375 0.084375 0.0625
0 0.5640625 0.578125 0.0890625 0.0625
0 0.4953125 0.615625 0.08125 0.05625
0 0.440625 0.6640625 0.084375 0.0625
0 0.534375 0.690625 0.0828125 0.0625
0 0.4328125 0.7375 0.0875 0.065625
0 0.44140625 0.796875 0.0859375 0.0625
0 0.5265625 0.8 0.084375 0.0625
0 0.54140625 0.865625 0.0796875 0.059375
0 0.46171875 0.85 0.08125 0.059375