0 0.93828125 0.84140625 0.075 0.0578125
0 0.94296875 0.784375 0.078125 0.0546875
0 0.94140625 0.7296875 0.078125 0.05625
0 0.94296875 0.675 0.078125 0.05625
0 0.94453125 0.61875 0.075 0.059375
0 0.9375 0.559375 0.08125 0.059375
0 0.92734375 0.49453125 0.078125 0.0609375
0 0.915625 0.4359375 0.0796875 0.059375
0 0.9375 0.375 0.08125 0.0625
0 0.91015625 0.3125 0.078125 0.0625
0 0.9140625 0.24921875 0.078125 0.0578125
0 0.92734375 0.19375 0.075 0.059375
0 0.8796875 0.14375 0.078125 0.0578125
0 0.83125 0.0984375 0.078125 0.059375
0 0.7859375 0.0421875 0.084375 0.059375
0 0.690625 0.0421875 0.08125 0.0640625
0 0.7296875 0.1109375 0.078125 0.059375
0 0.70078125 0.153125 0.08125 0.0640625
0 0.790625 0.15 0.0796875 0.05625
0 0.83203125 0.20625 0.06875 0.059375
0 0.759375 0.196875 0.078125 0.059375
0 0.83671875 0.2859375 0.078125 0.059375
0 0.76015625 0.25625 0.08125 0.0609375
0 0.77734375 0.321875 0.08125 0.0609375
0 0.8640625 0.35 0.084375 0.059375
0 0.8546875 0.41171875 0.084375 0.059375
0 0.85234375 0.4703125 0.078125 0.059375
0 0.79609375 0.3828125 0.078125 0.0625
0 0.78203125 0.4453125 0.075 0.05625
0 0.78671875 0.5046875 0.08125 0.05625
0 0.840625 0.5296875 0.075 0.05625
0 0.86796875 0.59296875 0.08125 0.0578125
0 0.7890625 0.565625 0.078125 0.059375
0 0.79921875 0.62421875 0.0796875 0.059375
0 0.8828125 0.65546875 0.084375 0.0578125
0 0.84921875 0.6984375 0.078125 0.053125
0 0.7828125 0.6796875 0.071875 0.05625
0 0.80234375 0.75390625 0.0828125 0.0609375
0 0.87265625 0.765625 0.075 0.059375
0 0.8609375 0.821875 0.0796875 0.0578125
0 0.86796875 0.8765625 0.06875 0.0515625
0 0.81875 0.9328125 0.078125 0.05625
0 0.81171875 0.86640625 0.071875 0.0546875
0 0.79375 0.80703125 0.075 0.0546875
0 0.7484375 0.925 0.0796875 0.0546875
0 0.73984375 0.8703125 0.08125 0.053125
0 0.7265625 0.78125 0.078125 0.0546875
0 0.7359375 0.728125 0.084375 0.059375
0 0.72265625 0.6609375 0.0875 0.05625
0 0.73125 0.6015625 0.084375 0.0609375
0 0.7265625 0.53828125 0.08125 0.0578125
0 0.7109375 0.4796875 0.08125 0.059375
0 0.70703125 0.421875 0.08125 0.059375
0 0.69609375 0.3609375 0.078125 0.059375
0 0.68828125 0.2890625 0.08125 0.0609375
0 0.68671875 0.21875 0.0828125 0.059375
0 0.5859375 0.0796875 0.084375 0.0625
0 0.62734375 0.1296875 0.08125 0.0609375
0 0.60859375 0.20078125 0.08125 0.059375
0 0.61328125 0.265625 0.078125 0.059375
0 0.62578125 0.325 0.075 0.0625
0 0.6375 0.3875 0.0828125 0.0625
0 0.6375 0.4546875 0.0828125 0.0625
0 0.6578125 0.515625 0.084375 0.0625
0 0.6390625 0.57421875 0.0828125 0.0578125
0 0.6515625 0.63359375 0.084375 0.059375
0 0.6609375 0.69921875 0.0828125 0.059375
0 0.6421875 0.75859375 0.0828125 0.0578125
0 0.671875 0.8359375 0.08125 0.059375
0 0.6734375 0.903125 0.08125 0.0546875
0 0.61328125 0.88359375 0.08125 0.0578125
0 0.6078125 0.8171875 0.0796875 0.0625
0 0.57890625 0.7359375 0.08125 0.059375
0 0.54140625 0.78828125 0.0796875 0.0546875
0 0.53984375 0.85234375 0.078125 0.0609375
0 0.4796875 0.8359375 0.0828125 0.059375
0 0.453125 0.765625 0.078125 0.0609375
0 0.41015625 0.70234375 0.08125 0.059375
0 0.5 0.71484375 0.0828125 0.059375
0 0.5171875 0.64765625 0.0828125 0.059375
0 0.434375 0.6328125 0.0828125 0.059375
0 0.5078125 0.5765625 0.071875 0.05625
0 0.5765625 0.6078125 0.0796875 0.05625
0 0.5796875 0.54609375 0.0828125 0.05625
0 0.5609375 0.4859375 0.0859375 0.059375
0 0.49375 0.5203125 0.084375 0.05625
0 0.3625 0.5453125 0.0828125 0.059375
0 0.4125 0.43125 0.08125 0.059375
0 0.484375 0.4625 0.084375 0.0625
0 0.5640625 0.421875 0.0890625 0.0625
0 0.4953125 0.384375 0.08125 0.05625
0 0.440625 0.3359375 0.084375 0.0625
0 0.534375 0.309375 0.0828125 0.0625
0 0.4328125 0.2625 0.0875 0.065625
0 0.44140625 0.203125 0.0859375 0.0625
0 0.5265625 0.2 0.084375 0.0625
0 0.54140625 0.134375 0.0796875 0.059375
0 0.46171875 0.15 0.08125 0.059375