0 0.16953125 0.8625 0.065625 0.0484375
0 0.18359375 0.80625 0.05625 0.0453125
0 0.11640625 0.825 0.0625 0.046875
0 0.09765625 0.7875 0.05625 0.0421875
0 0.1109375 0.7296875 0.0625 0.05
0 0.12578125 0.65703125 0.05625 0.0421875
0 0.16640625 0.65 0.0625 0.0453125
0 0.12265625 0.6015625 0.05625 0.04375
0 0.1078125 0.5625 0.065625 0.05
0 0.10390625 0.4859375 0.0625 0.05
0 0.11640625 0.403125 0.059375 0.046875
0 0.1125 0.29296875 0.065625 0.0546875
0 0.1359375 0.23203125 0.065625 0.059375
0 0.13671875 0.11875 0.059375 0.05
0 0.20703125 0.0953125 0.05625 0.05
0 0.19765625 0.1890625 0.05625 0.0453125
0 0.20234375 0.2734375 0.0625 0.0484375
0 0.17421875 0.35546875 0.06875 0.0578125
0 0.19921875 0.4515625 0.065625 0.0515625
0 0.23046875 0.4953125 0.071875 0.05625
0 0.17734375 0.51875 0.059375 0.046875
0 0.19921875 0.584375 0.08125 0.059375
0 0.26875 0.62578125 0.05 0.046875
0 0.22578125 0.69296875 0.053125 0.040625
0 0.2140625 0.7234375 0.046875 0.0390625
0 0.2515625 0.7625 0.053125 0.04375
0 0.26953125 0.8015625 0.05625 0.0484375
0 0.3265625 0.85703125 0.0625 0.0484375
0 0.36796875 0.8453125 0.059375 0.0453125
0 0.33515625 0.778125 0.05625 0.040625
0 0.31953125 0.7390625 0.053125 0.0453125
0 0.32421875 0.6578125 0.06875 0.053125
0 0.36015625 0.584375 0.059375 0.04375
0 0.28828125 0.5515625 0.065625 0.05
0 0.32265625 0.53515625 0.059375 0.046875
0 0.31328125 0.446875 0.06875 0.05625
0 0.26640625 0.403125 0.065625 0.05625
0 0.27109375 0.3328125 0.06875 0.046875
0 0.34375 0.371875 0.059375 0.0453125
0 0.3796875 0.3046875 0.05625 0.046875
0 0.31171875 0.2828125 0.05 0.046875
0 0.2640625 0.203125 0.0625 0.05
0 0.28203125 0.134375 0.065625 0.05625
0 0.3703125 0.09921875 0.078125 0.0609375
0 0.375 0.21015625 0.05625 0.0484375
0 0.42734375 0.25 0.06875 0.0578125
0 0.44453125 0.18125 0.075 0.05625
0 0.47578125 0.1140625 0.065625 0.05
0 0.4859375 0.303125 0.05625 0.04375
0 0.4453125 0.35 0.0625 0.053125
0 0.47109375 0.3953125 0.06875 0.0578125
0 0.40546875 0.415625 0.05625 0.05
0 0.38984375 0.484375 0.059375 0.0484375
0 0.45703125 0.48828125 0.071875 0.059375
0 0.4375 0.534375 0.0625 0.046875
0 0.48046875 0.5875 0.065625 0.0515625
0 0.41640625 0.63515625 0.065625 0.0515625
0 0.39375 0.696875 0.053125 0.0421875
0 0.48125 0.67265625 0.0625 0.0484375
0 0.459375 0.75234375 0.053125 0.0421875
0 0.39609375 0.7625 0.06875 0.05
0 0.4453125 0.80625 0.06875 0.05
0 0.446875 0.846875 0.053125 0.040625
0 0.515625 0.8453125 0.059375 0.053125
0 0.56015625 0.84765625 0.075 0.0546875
0 0.60703125 0.884375 0.065625 0.0515625
0 0.534375 0.7609375 0.078125 0.05
0 0.56171875 0.6953125 0.06875 0.05
0 0.54921875 0.6375 0.059375 0.04375
0 0.5296875 0.540625 0.059375 0.04375
0 0.53125 0.44609375 0.065625 0.053125
0 0.57890625 0.5 0.075 0.0546875
0 0.55859375 0.37109375 0.0625 0.0484375
0 0.55390625 0.2640625 0.0625 0.0484375
0 0.51484375 0.225 0.075 0.05625
0 0.57578125 0.1484375 0.065625 0.046875
0 0.60625 0.1921875 0.078125 0.0625
0 0.6484375 0.2609375 0.065625 0.053125
0 0.61640625 0.32578125 0.065625 0.0484375
0 0.6390625 0.3953125 0.08125 0.0671875
0 0.64296875 0.45390625 0.075 0.053125
0 0.65078125 0.1015625 0.08125 0.065625
0 0.703125 0.18984375 0.075 0.0640625
0 0.75703125 0.1125 0.08125 0.06875
0 0.75703125 0.2328125 0.065625 0.053125
0 0.7359375 0.315625 0.084375 0.0609375
0 0.73203125 0.3734375 0.0625 0.053125
0 0.8015625 0.409375 0.078125 0.05625
0 0.76015625 0.46875 0.065625 0.046875
0 0.71171875 0.5234375 0.06875 0.05
0 0.64296875 0.5453125 0.06875 0.053125
0 0.60078125 0.603125 0.0625 0.046875
0 0.63203125 0.6484375 0.053125 0.04375
0 0.7015625 0.61015625 0.065625 0.04375
0 0.76796875 0.625 0.075 0.053125
0 0.70703125 0.6671875 0.05625 0.0421875
0 0.7125 0.74765625 0.06875 0.0484375
0 0.63359375 0.7125 0.059375 0.04375
0 0.63984375 0.7625 0.05625 0.040625
0 0.66640625 0.821875 0.05625 0.0390625
0 0.74140625 0.9 0.0625 0.0421875
0 0.78515625 0.8328125 0.065625 0.0484375