0 0.0296875 0.63359375 0.05625 0.046875
0 0.04921875 0.5328125 0.059375 0.053125
0 0.0578125 0.5828125 0.040625 0.05
0 0.02890625 0.48515625 0.05625 0.05
0 0.0234375 0.28125 0.04375 0.040625
0 0.01953125 0.37421875 0.0375 0.0328125
0 0.01171875 0.40546875 0.021875 0.0453125
0 0.10390625 0.6453125 0.078125 0.0625
0 0.11796875 0.70625 0.071875 0.059375
0 0.09921875 0.584375 0.075 0.0609375
0 0.11015625 0.5234375 0.075 0.059375
0 0.09140625 0.4640625 0.071875 0.0625
0 0.13671875 0.41328125 0.06875 0.05625
0 0.18984375 0.371875 0.071875 0.059375
0 0.2125 0.44140625 0.071875 0.0609375
0 0.17109375 0.48984375 0.071875 0.059375
0 0.16484375 0.55 0.075 0.059375
0 0.17578125 0.6109375 0.078125 0.059375
0 0.1859375 0.6703125 0.075 0.059375
0 0.19140625 0.73203125 0.078125 0.0625
0 0.203125 0.79765625 0.075 0.0609375
0 0.25546875 0.8453125 0.06875 0.065625
0 0.25703125 0.76640625 0.078125 0.0640625
0 0.23984375 0.70078125 0.078125 0.0640625
0 0.240625 0.6359375 0.08125 0.059375
0 0.2328125 0.5765625 0.071875 0.059375
0 0.23984375 0.515625 0.06875 0.05625
0 0.271875 0.4640625 0.078125 0.0625
0 0.25546875 0.4015625 0.075 0.059375
0 0.25546875 0.3421875 0.071875 0.05625
0 0.31015625 0.30234375 0.08125 0.059375
0 0.31796875 0.365625 0.078125 0.0625
0 0.33359375 0.4328125 0.078125 0.059375
0 0.30390625 0.5375 0.075 0.059375
0 0.29921875 0.6 0.075 0.0609375
0 0.3015625 0.6671875 0.08125 0.0640625
0 0.303125 0.7390625 0.08125 0.065625
0 0.321875 0.8 0.075 0.0625
0 0.328125 0.86875 0.078125 0.0703125
0 0.41015625 0.8890625 0.075 0.0625
0 0.3921875 0.8265625 0.078125 0.065625
0 0.38203125 0.76171875 0.078125 0.06875
0 0.3796875 0.69375 0.078125 0.065625
0 0.3640625 0.6265625 0.08125 0.065625
0 0.378125 0.5625 0.06875 0.065625
0 0.36328125 0.4984375 0.075 0.0609375
0 0.3828125 0.27421875 0.075 0.0625
0 0.39296875 0.3359375 0.08125 0.0625
0 0.39765625 0.3953125 0.08125 0.0625
0 0.4109375 0.45859375 0.08125 0.0609375
0 0.4203125 0.52578125 0.084375 0.0640625
0 0.434375 0.590625 0.08125 0.065625
0 0.43671875 0.65625 0.084375 0.0640625
0 0.45546875 0.7203125 0.08125 0.0625
0 0.4609375 0.7859375 0.084375 0.06875
0 0.47421875 0.853125 0.08125 0.065625
0 0.48515625 0.91875 0.084375 0.06875
0 0.4578125 0.2953125 0.078125 0.0640625
0 0.4640625 0.35625 0.08125 0.0625
0 0.47265625 0.41796875 0.08125 0.065625
0 0.48515625 0.484375 0.084375 0.06875
0 0.50234375 0.55078125 0.078125 0.0640625
0 0.5140625 0.615625 0.084375 0.0625
0 0.51640625 0.6859375 0.084375 0.06875
0 0.53046875 0.7515625 0.084375 0.0625
0 0.54140625 0.81796875 0.0875 0.0671875
0 0.55703125 0.88671875 0.084375 0.06875
0 0.6203125 0.8609375 0.096875 0.075
0 0.61328125 0.784375 0.0875 0.065625
0 0.59765625 0.7171875 0.0875 0.06875
0 0.590625 0.6421875 0.08125 0.0640625
0 0.57578125 0.5796875 0.0875 0.0640625
0 0.56328125 0.5125 0.0875 0.065625
0 0.553125 0.44375 0.084375 0.0625
0 0.53984375 0.378125 0.08125 0.065625
0 0.5328125 0.31328125 0.08125 0.0640625
0 0.6125 0.3359375 0.078125 0.065625
0 0.62421875 0.403125 0.0875 0.06875
0 0.6328125 0.471875 0.084375 0.06875
0 0.64453125 0.540625 0.0875 0.065625
0 0.6578125 0.60703125 0.08125 0.0640625
0 0.66796875 0.671875 0.090625 0.0671875
0 0.68359375 0.746875 0.090625 0.0703125
0 0.69375 0.81953125 0.1 0.0734375
0 0.69453125 0.36171875 0.0875 0.0671875
0 0.70546875 0.43125 0.090625 0.0671875
0 0.71796875 0.4984375 0.090625 0.06875
0 0.728125 0.5671875 0.090625 0.065625
0 0.74140625 0.6328125 0.09375 0.06875
0 0.75234375 0.70234375 0.096875 0.0703125
0 0.77421875 0.784375 0.103125 0.078125
0 0.77734375 0.3859375 0.1 0.071875
0 0.78984375 0.45546875 0.1 0.0671875
0 0.80390625 0.5234375 0.1 0.06875
0 0.82109375 0.5953125 0.1 0.071875
0 0.8296875 0.6640625 0.096875 0.06875
0 0.84609375 0.734375 0.096875 0.0703125