0 0.36640625 0.9703125 0.046875 0.05625
0 0.4671875 0.95078125 0.053125 0.059375
0 0.4171875 0.9421875 0.05 0.040625
0 0.51484375 0.97109375 0.05 0.05625
0 0.71875 0.9765625 0.040625 0.04375
0 0.62578125 0.98046875 0.0328125 0.0375
0 0.59453125 0.98828125 0.0453125 0.021875
0 0.3546875 0.89609375 0.0625 0.078125
0 0.29375 0.88203125 0.059375 0.071875
0 0.415625 0.90078125 0.0625 0.075
0 0.4765625 0.88984375 0.059375 0.075
0 0.5359375 0.90859375 0.0625 0.071875
0 0.58671875 0.86328125 0.05625 0.06875
0 0.628125 0.81015625 0.059375 0.071875
0 0.55859375 0.7875 0.0609375 0.071875
0 0.51015625 0.82890625 0.059375 0.071875
0 0.45 0.83515625 0.059375 0.075
0 0.3890625 0.82421875 0.059375 0.078125
0 0.3296875 0.8140625 0.059375 0.075
0 0.26796875 0.80859375 0.0625 0.078125
0 0.20234375 0.796875 0.0609375 0.075
0 0.1546875 0.74453125 0.065625 0.06875
0 0.23359375 0.74296875 0.0640625 0.078125
0 0.29921875 0.76015625 0.0640625 0.078125
0 0.3640625 0.759375 0.059375 0.08125
0 0.4234375 0.7671875 0.059375 0.071875
0 0.484375 0.76015625 0.05625 0.06875
0 0.5359375 0.728125 0.0625 0.078125
0 0.5984375 0.74453125 0.059375 0.075
0 0.6578125 0.74453125 0.05625 0.071875
0 0.69765625 0.68984375 0.059375 0.08125
0 0.634375 0.68203125 0.0625 0.078125
0 0.5671875 0.66640625 0.059375 0.078125
0 0.4625 0.69609375 0.059375 0.075
0 0.4 0.70078125 0.0609375 0.075
0 0.3328125 0.6984375 0.0640625 0.08125
0 0.2609375 0.696875 0.065625 0.08125
0 0.2 0.678125 0.0625 0.075
0 0.13125 0.671875 0.06875 0.078125
0 0.1109375 0.58984375 0.0625 0.075
0 0.1734375 0.6078125 0.065625 0.078125
0 0.23828125 0.61796875 0.06875 0.078125
0 0.30625 0.6203125 0.065625 0.078125
0 0.3734375 0.6359375 0.065625 0.08125
0 0.4375 0.621875 0.065625 0.06875
0 0.5015625 0.63671875 0.0609375 0.075
0 0.72578125 0.6171875 0.0625 0.075
0 0.6640625 0.60703125 0.0625 0.08125
0 0.6046875 0.60234375 0.0625 0.08125
0 0.54140625 0.5890625 0.0609375 0.08125
0 0.47421875 0.5796875 0.0640625 0.084375
0 0.409375 0.565625 0.065625 0.08125
0 0.34375 0.56328125 0.0640625 0.084375
0 0.2796875 0.54453125 0.0625 0.08125
0 0.2140625 0.5390625 0.06875 0.084375
0 0.146875 0.52578125 0.065625 0.08125
0 0.08125 0.51484375 0.06875 0.084375
0 0.7046875 0.5421875 0.0640625 0.078125
0 0.64375 0.5359375 0.0625 0.08125
0 0.58203125 0.52734375 0.065625 0.08125
0 0.515625 0.51484375 0.06875 0.084375
0 0.44921875 0.49765625 0.0640625 0.078125
0 0.384375 0.4859375 0.0625 0.084375
0 0.3140625 0.48359375 0.06875 0.084375
0 0.2484375 0.46953125 0.0625 0.084375
0 0.18203125 0.45859375 0.0671875 0.0875
0 0.11328125 0.44296875 0.06875 0.084375
0 0.1390625 0.3796875 0.075 0.096875
0 0.215625 0.38671875 0.065625 0.0875
0 0.2828125 0.40234375 0.06875 0.0875
0 0.3578125 0.409375 0.0640625 0.08125
0 0.4203125 0.42421875 0.0640625 0.0875
0 0.4875 0.43671875 0.065625 0.0875
0 0.55625 0.446875 0.0625 0.084375
0 0.621875 0.46015625 0.065625 0.08125
0 0.68671875 0.4671875 0.0640625 0.08125
0 0.6640625 0.3875 0.065625 0.078125
0 0.596875 0.37578125 0.06875 0.0875
0 0.528125 0.3671875 0.06875 0.084375
0 0.459375 0.35546875 0.065625 0.0875
0 0.39296875 0.3421875 0.0640625 0.08125
0 0.328125 0.33203125 0.0671875 0.090625
0 0.253125 0.31640625 0.0703125 0.090625
0 0.18046875 0.30625 0.0734375 0.1
0 0.63828125 0.30546875 0.0671875 0.0875
0 0.56875 0.29453125 0.0671875 0.090625
0 0.5015625 0.28203125 0.06875 0.090625
0 0.4328125 0.271875 0.065625 0.090625
0 0.3671875 0.25859375 0.06875 0.09375
0 0.29765625 0.24765625 0.0703125 0.096875
0 0.215625 0.22578125 0.078125 0.103125
0 0.6140625 0.22265625 0.071875 0.1
0 0.54453125 0.21015625 0.0671875 0.1
0 0.4765625 0.19609375 0.06875 0.1
0 0.4046875 0.17890625 0.071875 0.1
0 0.3359375 0.1703125 0.06875 0.096875
0 0.265625 0.15390625 0.0703125 0.096875