0 0.9703125 0.63359375 0.05625 0.046875
0 0.95078125 0.5328125 0.059375 0.053125
0 0.9421875 0.5828125 0.040625 0.05
0 0.97109375 0.48515625 0.05625 0.05
0 0.9765625 0.28125 0.04375 0.040625
0 0.98046875 0.37421875 0.0375 0.0328125
0 0.98828125 0.40546875 0.021875 0.0453125
0 0.89609375 0.6453125 0.078125 0.0625
0 0.88203125 0.70625 0.071875 0.059375
0 0.90078125 0.584375 0.075 0.0609375
0 0.88984375 0.5234375 0.075 0.059375
0 0.90859375 0.4640625 0.071875 0.0625
0 0.86328125 0.41328125 0.06875 0.05625
0 0.81015625 0.371875 0.071875 0.059375
0 0.7875 0.44140625 0.071875 0.0609375
0 0.82890625 0.48984375 0.071875 0.059375
0 0.83515625 0.55 0.075 0.059375
0 0.82421875 0.6109375 0.078125 0.059375
0 0.8140625 0.6703125 0.075 0.059375
0 0.80859375 0.73203125 0.078125 0.0625
0 0.796875 0.79765625 0.075 0.0609375
0 0.74453125 0.8453125 0.06875 0.065625
0 0.74296875 0.76640625 0.078125 0.0640625
0 0.76015625 0.70078125 0.078125 0.0640625
0 0.759375 0.6359375 0.08125 0.059375
0 0.7671875 0.5765625 0.071875 0.059375
0 0.76015625 0.515625 0.06875 0.05625
0 0.728125 0.4640625 0.078125 0.0625
0 0.74453125 0.4015625 0.075 0.059375
0 0.74453125 0.3421875 0.071875 0.05625
0 0.68984375 0.30234375 0.08125 0.059375
0 0.68203125 0.365625 0.078125 0.0625
0 0.66640625 0.4328125 0.078125 0.059375
0 0.69609375 0.5375 0.075 0.059375
0 0.70078125 0.6 0.075 0.0609375
0 0.6984375 0.6671875 0.08125 0.0640625
0 0.696875 0.7390625 0.08125 0.065625
0 0.678125 0.8 0.075 0.0625
0 0.671875 0.86875 0.078125 0.0703125
0 0.58984375 0.8890625 0.075 0.0625
0 0.6078125 0.8265625 0.078125 0.065625
0 0.61796875 0.76171875 0.078125 0.06875
0 0.6203125 0.69375 0.078125 0.065625
0 0.6359375 0.6265625 0.08125 0.065625
0 0.621875 0.5625 0.06875 0.065625
0 0.63671875 0.4984375 0.075 0.0609375
0 0.6171875 0.27421875 0.075 0.0625
0 0.60703125 0.3359375 0.08125 0.0625
0 0.60234375 0.3953125 0.08125 0.0625
0 0.5890625 0.45859375 0.08125 0.0609375
0 0.5796875 0.52578125 0.084375 0.0640625
0 0.565625 0.590625 0.08125 0.065625
0 0.56328125 0.65625 0.084375 0.0640625
0 0.54453125 0.7203125 0.08125 0.0625
0 0.5390625 0.7859375 0.084375 0.06875
0 0.52578125 0.853125 0.08125 0.065625
0 0.51484375 0.91875 0.084375 0.06875
0 0.5421875 0.2953125 0.078125 0.0640625
0 0.5359375 0.35625 0.08125 0.0625
0 0.52734375 0.41796875 0.08125 0.065625
0 0.51484375 0.484375 0.084375 0.06875
0 0.49765625 0.55078125 0.078125 0.0640625
0 0.4859375 0.615625 0.084375 0.0625
0 0.48359375 0.6859375 0.084375 0.06875
0 0.46953125 0.7515625 0.084375 0.0625
0 0.45859375 0.81796875 0.0875 0.0671875
0 0.44296875 0.88671875 0.084375 0.06875
0 0.3796875 0.8609375 0.096875 0.075
0 0.38671875 0.784375 0.0875 0.065625
0 0.40234375 0.7171875 0.0875 0.06875
0 0.409375 0.6421875 0.08125 0.0640625
0 0.42421875 0.5796875 0.0875 0.0640625
0 0.43671875 0.5125 0.0875 0.065625
0 0.446875 0.44375 0.084375 0.0625
0 0.46015625 0.378125 0.08125 0.065625
0 0.4671875 0.31328125 0.08125 0.0640625
0 0.3875 0.3359375 0.078125 0.065625
0 0.37578125 0.403125 0.0875 0.06875
0 0.3671875 0.471875 0.084375 0.06875
0 0.35546875 0.540625 0.0875 0.065625
0 0.3421875 0.60703125 0.08125 0.0640625
0 0.33203125 0.671875 0.090625 0.0671875
0 0.31640625 0.746875 0.090625 0.0703125
0 0.30625 0.81953125 0.1 0.0734375
0 0.30546875 0.36171875 0.0875 0.0671875
0 0.29453125 0.43125 0.090625 0.0671875
0 0.28203125 0.4984375 0.090625 0.06875
0 0.271875 0.5671875 0.090625 0.065625
0 0.25859375 0.6328125 0.09375 0.06875
0 0.24765625 0.70234375 0.096875 0.0703125
0 0.22578125 0.784375 0.103125 0.078125
0 0.22265625 0.3859375 0.1 0.071875
0 0.21015625 0.45546875 0.1 0.0671875
0 0.19609375 0.5234375 0.1 0.06875
0 0.17890625 0.5953125 0.1 0.071875
0 0.1703125 0.6640625 0.096875 0.06875
0 0.15390625 0.734375 0.096875 0.0703125