0 0.57734375 0.86328125 0.0328125 0.0265625
0 0.58984375 0.84296875 0.034375 0.028125
0 0.58515625 0.80390625 0.0328125 0.028125
0 0.58828125 0.775 0.034375 0.0265625
0 0.596875 0.74609375 0.034375 0.0265625
0 0.59765625 0.7171875 0.034375 0.025
0 0.60703125 0.69140625 0.03125 0.028125
0 0.6078125 0.6625 0.034375 0.028125
0 0.6125 0.6359375 0.03125 0.025
0 0.59765625 0.61171875 0.0328125 0.028125
0 0.56953125 0.58203125 0.0375 0.028125
0 0.56015625 0.61171875 0.034375 0.028125
0 0.57578125 0.6375 0.034375 0.028125
0 0.5453125 0.6515625 0.034375 0.028125
0 0.56953125 0.665625 0.0359375 0.028125
0 0.54765625 0.68515625 0.034375 0.028125
0 0.58046875 0.703125 0.034375 0.028125
0 0.54296875 0.71484375 0.0375 0.028125
0 0.56484375 0.72734375 0.03125 0.021875
0 0.5375 0.7421875 0.03125 0.028125
0 0.56953125 0.76015625 0.034375 0.028125
0 0.52265625 0.7640625 0.053125 0.03125
0 0.56171875 0.796875 0.034375 0.028125
0 0.525 0.8078125 0.034375 0.03125
0 0.55234375 0.81953125 0.0359375 0.0234375
0 0.51484375 0.8328125 0.034375 0.028125
0 0.53984375 0.83984375 0.03125 0.01875
0 0.54140625 0.8703125 0.034375 0.028125
0 0.51484375 0.875 0.0375 0.0296875
0 0.4828125 0.8546875 0.0375 0.028125
0 0.46875 0.88046875 0.034375 0.028125
0 0.43984375 0.90546875 0.04375 0.03125
0 0.4 0.88515625 0.034375 0.028125
0 0.4046875 0.859375 0.0375 0.0296875
0 0.44296875 0.85 0.03125 0.0171875
0 0.44375 0.8359375 0.0375 0.03125
0 0.47890625 0.8109375 0.034375 0.0203125
0 0.4953125 0.79140625 0.0375 0.028125
0 0.49375 0.74296875 0.0328125 0.025
0 0.50703125 0.725 0.0375 0.0265625
0 0.5046875 0.69296875 0.034375 0.0234375
0 0.51484375 0.66953125 0.034375 0.028125
0 0.52734375 0.6234375 0.03125 0.028125
0 0.53515625 0.59453125 0.0375 0.028125
0 0.5421875 0.56171875 0.0375 0.028125
0 0.509375 0.55 0.0375 0.025
0 0.50859375 0.58046875 0.0375 0.028125
0 0.50390625 0.609375 0.0375 0.025
0 0.4953125 0.63828125 0.0359375 0.028125
0 0.465625 0.6546875 0.0390625 0.0265625
0 0.478125 0.68671875 0.0390625 0.028125
0 0.471875 0.7109375 0.034375 0.025
0 0.46875 0.7484375 0.0375 0.0296875
0 0.4578125 0.765625 0.021875 0.0125
0 0.45625 0.7984375 0.0375 0.028125
0 0.415625 0.78359375 0.0375 0.028125
0 0.384375 0.82890625 0.034375 0.0296875
0 0.36328125 0.86484375 0.0375 0.03125
0 0.34296875 0.83828125 0.0375 0.03125
0 0.32421875 0.8015625 0.0375 0.0265625
0 0.34140625 0.7796875 0.0375 0.028125
0 0.38203125 0.784375 0.0375 0.0296875
0 0.36640625 0.7515625 0.0375 0.0265625
0 0.39921875 0.7375 0.0375 0.028125
0 0.4328125 0.75859375 0.0375 0.0265625
0 0.43203125 0.7203125 0.034375 0.028125
0 0.4390625 0.69375 0.034375 0.028125
0 0.4265625 0.6625 0.034375 0.0234375
0 0.40078125 0.64140625 0.034375 0.0296875
0 0.4390625 0.6375 0.0375 0.028125
0 0.4671875 0.61796875 0.0390625 0.0265625
0 0.46640625 0.5890625 0.034375 0.025
0 0.4765625 0.56328125 0.0375 0.028125
0 0.4796875 0.5328125 0.0375 0.0265625
0 0.44296875 0.54453125 0.0375 0.028125
0 0.44296875 0.57578125 0.0359375 0.028125
0 0.4328125 0.60234375 0.040625 0.0265625
0 0.40390625 0.584375 0.0375 0.0296875
0 0.3953125 0.61015625 0.034375 0.028125
0 0.40546875 0.5453125 0.0375 0.028125
0 0.4265625 0.5203125 0.0375 0.0296875
0 0.384375 0.51796875 0.0359375 0.028125
0 0.3546875 0.5375 0.0375 0.028125
0 0.37265625 0.56484375 0.040625 0.028125
0 0.32734375 0.5578125 0.0375 0.028125
0 0.3046875 0.584375 0.0390625 0.0296875
0 0.31953125 0.60859375 0.034375 0.028125
0 0.359375 0.62265625 0.040625 0.0296875
0 0.36171875 0.64765625 0.040625 0.028125
0 0.32265625 0.64140625 0.0359375 0.03125
0 0.28203125 0.63046875 0.0390625 0.028125
0 0.34375 0.675 0.0375 0.03125
0 0.38359375 0.6765625 0.0359375 0.028125
0 0.4 0.69296875 0.034375 0.028125
0 0.37578125 0.71796875 0.0453125 0.021875
0 0.36171875 0.69609375 0.0375 0.028125
0 0.328125 0.71640625 0.0375 0.03125
0 0.3296875 0.74453125 0.0375 0.028125
0 0.28984375 0.74140625 0.040625 0.03125
0 0.303125 0.76875 0.040625 0.03125
0 0.6203125 0.55234375 0.03125 0.025
0 0.63671875 0.5234375 0.03125 0.025
0 0.659375 0.49609375 0.0328125 0.028125
0 0.64453125 0.4640625 0.03125 0.021875
0 0.64609375 0.43828125 0.034375 0.021875
0 0.65703125 0.4125 0.034375 0.025
0 0.678125 0.38046875 0.034375 0.025
0 0.67265625 0.3578125 0.0375 0.025
0 0.684375 0.328125 0.034375 0.0265625
0 0.67421875 0.30859375 0.028125 0.021875
0 0.671875 0.28671875 0.0296875 0.025
0 0.66171875 0.253125 0.0328125 0.025
0 0.69375 0.24765625 0.034375 0.025
0 0.69296875 0.225 0.03125 0.025
0 0.69140625 0.1890625 0.034375 0.025
0 0.646875 0.20234375 0.034375 0.03125
0 0.63828125 0.1796875 0.034375 0.025
0 0.63359375 0.23046875 0.0328125 0.0265625
0 0.621875 0.2578125 0.034375 0.0265625
0 0.646875 0.27890625 0.0296875 0.025
0 0.6109375 0.2890625 0.034375 0.025
0 0.6421875 0.31015625 0.028125 0.0234375
0 0.63984375 0.334375 0.034375 0.0265625
0 0.62890625 0.36015625 0.0359375 0.0265625
0 0.62734375 0.38671875 0.03125 0.021875
0 0.61640625 0.41484375 0.0265625 0.025
0 0.6078125 0.44140625 0.028125 0.021875
0 0.609375 0.46640625 0.03125 0.0265625
0 0.6 0.49140625 0.0359375 0.0265625
0 0.59765625 0.521875 0.03125 0.0265625
0 0.590625 0.54921875 0.0359375 0.025
0 0.55546875 0.53515625 0.0375 0.028125
0 0.56796875 0.50859375 0.034375 0.025
0 0.57109375 0.48203125 0.0375 0.0265625
0 0.584375 0.45390625 0.034375 0.028125
0 0.59609375 0.421875 0.0375 0.028125
0 0.590625 0.39609375 0.034375 0.025
0 0.59140625 0.36640625 0.03125 0.028125
0 0.59765625 0.34375 0.0328125 0.025
0 0.6 0.3125 0.034375 0.0265625
0 0.5765625 0.29375 0.0328125 0.025
0 0.59140625 0.265625 0.034375 0.03125
0 0.5953125 0.23671875 0.034375 0.03125
0 0.6140625 0.1875 0.0359375 0.0265625
0 0.6078125 0.15625 0.034375 0.025
0 0.57734375 0.165625 0.034375 0.028125
0 0.5765625 0.14140625 0.034375 0.025
0 0.54375 0.13359375 0.034375 0.025
0 0.53984375 0.1578125 0.0375 0.028125
0 0.5421875 0.1875 0.0359375 0.03125
0 0.56953125 0.2015625 0.03125 0.025
0 0.54296875 0.221875 0.034375 0.028125
0 0.55546875 0.25546875 0.03125 0.0265625
0 0.55078125 0.27578125 0.034375 0.028125
0 0.53828125 0.309375 0.0328125 0.0234375
0 0.5625 0.33203125 0.028125 0.025
0 0.559375 0.35546875 0.03125 0.028125
0 0.52265625 0.34609375 0.0328125 0.0265625
0 0.5296875 0.3703125 0.0359375 0.0265625
0 0.559375 0.38203125 0.03125 0.0265625
0 0.55546875 0.41015625 0.028125 0.028125
0 0.52421875 0.40546875 0.034375 0.0265625
0 0.52421875 0.43203125 0.034375 0.028125
0 0.55234375 0.4390625 0.0328125 0.025
0 0.540625 0.4625 0.0359375 0.028125
0 0.54140625 0.49296875 0.034375 0.0265625
0 0.51796875 0.5171875 0.0359375 0.028125
0 0.49765625 0.47109375 0.0359375 0.028125
0 0.49375 0.5015625 0.0390625 0.0265625
0 0.459375 0.475 0.03125 0.028125
0 0.45390625 0.44296875 0.0359375 0.025
0 0.42578125 0.41875 0.0359375 0.025
0 0.45625 0.403125 0.0375 0.028125
0 0.4828125 0.42578125 0.03125 0.025
0 0.490625 0.39921875 0.034375 0.028125
0 0.49921875 0.35625 0.034375 0.025
0 0.4609375 0.375 0.0375 0.028125
0 0.42109375 0.38984375 0.034375 0.028125
0 0.39765625 0.36796875 0.0375 0.028125
0 0.39921875 0.3359375 0.0375 0.028125
0 0.4375 0.35078125 0.040625 0.028125
0 0.4546875 0.334375 0.034375 0.0265625
0 0.5 0.32421875 0.034375 0.028125
0 0.50546875 0.29609375 0.034375 0.028125
0 0.46796875 0.29921875 0.040625 0.0296875
0 0.42890625 0.3109375 0.0390625 0.03125
0 0.4265625 0.28203125 0.0375 0.028125
0 0.4671875 0.271875 0.040625 0.028125
0 0.50625 0.26953125 0.034375 0.0265625
0 0.5234375 0.2421875 0.0375 0.028125
0 0.478125 0.2421875 0.0390625 0.0296875
0 0.43125 0.2484375 0.0375 0.0296875
0 0.43515625 0.21875 0.0375 0.028125
0 0.4703125 0.21640625 0.0375 0.028125
0 0.434375 0.178125 0.034375 0.028125
0 0.475 0.1796875 0.0328125 0.0265625
0 0.4765625 0.1515625 0.0375 0.028125
0 0.50625 0.1453125 0.0328125 0.028125
0 0.50390625 0.18125 0.0296875 0.0265625