0 0.2421875 0.70546875 0.053125 0.078125
0 0.23984375 0.628125 0.05 0.078125
0 0.2328125 0.55703125 0.05 0.071875
0 0.25 0.48828125 0.0515625 0.065625
0 0.2578125 0.4234375 0.0484375 0.06875
0 0.2703125 0.35703125 0.0453125 0.0625
0 0.29609375 0.74296875 0.05625 0.08125
0 0.3 0.66015625 0.05 0.078125
0 0.28359375 0.5796875 0.05 0.06875
0 0.3109375 0.5046875 0.053125 0.071875
0 0.3140625 0.43828125 0.0515625 0.06875
0 0.309375 0.359375 0.053125 0.071875
0 0.325 0.30390625 0.0484375 0.059375
0 0.3546875 0.24375 0.046875 0.065625
0 0.36171875 0.31484375 0.05 0.065625
0 0.3578125 0.39375 0.05 0.06875
0 0.35234375 0.4640625 0.0515625 0.071875
0 0.35 0.5390625 0.05 0.075
0 0.340625 0.61171875 0.05 0.075
0 0.340625 0.69375 0.053125 0.08125
0 0.33125 0.796875 0.053125 0.084375
0 0.3796875 0.74453125 0.053125 0.08125
0 0.375 0.84609375 0.059375 0.0875
0 0.4203125 0.88828125 0.0625 0.090625
0 0.3875 0.64765625 0.053125 0.078125
0 0.38984375 0.56875 0.05625 0.071875
0 0.3890625 0.49296875 0.053125 0.071875
0 0.40234375 0.4234375 0.053125 0.071875
0 0.41484375 0.35703125 0.0515625 0.071875
0 0.4078125 0.27734375 0.05 0.06875
0 0.4 0.20390625 0.053125 0.065625
0 0.44296875 0.16015625 0.05625 0.071875
0 0.4515625 0.23828125 0.05 0.06875
0 0.4453125 0.30546875 0.05625 0.065625
0 0.446875 0.3828125 0.05 0.075
0 0.4453125 0.4578125 0.05625 0.075
0 0.44140625 0.52890625 0.05625 0.078125
0 0.43203125 0.60546875 0.059375 0.08125
0 0.421875 0.69140625 0.059375 0.08125
0 0.43125 0.7953125 0.05625 0.09375
0 0.48125 0.92421875 0.059375 0.090625
0 0.4703125 0.83515625 0.059375 0.090625
0 0.4703125 0.73984375 0.05625 0.084375
0 0.4796875 0.6546875 0.05625 0.0875
0 0.4859375 0.5703125 0.0546875 0.078125
0 0.484375 0.48828125 0.05625 0.08125
0 0.4796875 0.4 0.05625 0.078125
0 0.4953125 0.33984375 0.046875 0.0625
0 0.496875 0.2703125 0.0515625 0.06875
0 0.503125 0.215625 0.053125 0.0625
0 0.50390625 0.13671875 0.053125 0.06875
0 0.55859375 0.15546875 0.05625 0.065625
0 0.546875 0.22109375 0.059375 0.06875
0 0.54921875 0.28984375 0.0578125 0.071875
0 0.5328125 0.35546875 0.05625 0.08125
0 0.5390625 0.45859375 0.0578125 0.075
0 0.5359375 0.53203125 0.0578125 0.084375
0 0.5296875 0.61953125 0.059375 0.0875
0 0.525 0.70390625 0.0625 0.0875
0 0.52890625 0.79921875 0.0640625 0.090625
0 0.5375 0.90625 0.06875 0.1
0 0.5953125 0.87265625 0.06875 0.096875
0 0.5875 0.77578125 0.06875 0.096875
0 0.57890625 0.66640625 0.0671875 0.09375
0 0.5828125 0.5734375 0.065625 0.084375
0 0.5875 0.48984375 0.0640625 0.075
0 0.58046875 0.39765625 0.0671875 0.084375
0 0.590625 0.32578125 0.059375 0.071875
0 0.59609375 0.2359375 0.053125 0.075
0 0.6046875 0.171875 0.05625 0.065625
0 0.6546875 0.20078125 0.0625 0.071875
0 0.6421875 0.2765625 0.059375 0.075
0 0.6421875 0.36953125 0.065625 0.075
0 0.640625 0.44296875 0.059375 0.08125
0 0.640625 0.53359375 0.065625 0.0875
0 0.63828125 0.62109375 0.0640625 0.0875
0 0.6375 0.71640625 0.065625 0.09375
0 0.653125 0.81796875 0.06875 0.1
0 0.703125 0.75625 0.06875 0.0984375
0 0.6984375 0.66640625 0.071875 0.0875
0 0.7 0.57578125 0.065625 0.0875
0 0.6984375 0.48984375 0.071875 0.084375
0 0.6984375 0.403125 0.06875 0.078125
0 0.6984375 0.32734375 0.065625 0.078125
0 0.696875 0.24453125 0.0625 0.075
0 0.7546875 0.275 0.071875 0.078125
0 0.759375 0.359375 0.06875 0.084375
0 0.759375 0.44296875 0.06875 0.075
0 0.7625 0.52578125 0.071875 0.084375
0 0.7625 0.61328125 0.0703125 0.096875
0 0.7640625 0.70546875 0.075 0.0875
0 0.20234375 0.68828125 0.0359375 0.053125
0 0.175 0.65390625 0.034375 0.05625
0 0.159375 0.60859375 0.0375 0.053125
0 0.13984375 0.5640625 0.0359375 0.05
0 0.12265625 0.5546875 0.0296875 0.05
0 0.2265625 0.73046875 0.03125 0.05
0 0.225 0.7859375 0.034375 0.053125
0 0.1859375 0.75078125 0.0375 0.059375
0 0.21328125 0.84140625 0.0359375 0.053125
0 0.18125 0.8078125 0.034375 0.05
0 0.1546875 0.7640625 0.034375 0.05625
0 0.1703125 0.70625 0.034375 0.053125
0 0.13125 0.72421875 0.034375 0.05625
0 0.146875 0.66015625 0.034375 0.053125
0 0.11640625 0.6875 0.034375 0.05
0 0.1203125 0.61328125 0.034375 0.05
0 0.0984375 0.603125 0.03125 0.046875
0 0.0890625 0.56640625 0.0296875 0.046875
0 0.1875 0.9015625 0.034375 0.059375
0 0.1828125 0.96171875 0.0375 0.05625
0 0.1359375 0.97421875 0.0375 0.0515625
0 0.1484375 0.92109375 0.034375 0.05625
0 0.165625 0.86484375 0.034375 0.059375
0 0.1421875 0.82109375 0.034375 0.059375
0 0.1296875 0.87734375 0.0328125 0.05625
0 0.1140625 0.93828125 0.034375 0.059375
0 0.1 0.9890625 0.034375 0.021875
0 0.0796875 0.953125 0.034375 0.059375
0 0.0640625 0.990625 0.0328125 0.01875
0 0.090625 0.89296875 0.03125 0.059375
0 0.1046875 0.834375 0.034375 0.059375
0 0.0921875 0.79140625 0.034375 0.05625
0 0.12265625 0.77890625 0.0328125 0.05625
0 0.0984375 0.7390625 0.034375 0.05625
0 0.07578125 0.70390625 0.034375 0.053125
0 0.0875 0.6515625 0.03125 0.05
0 0.0765625 0.6171875 0.025 0.053125
0 0.0578125 0.58125 0.03125 0.0515625
0 0.04375 0.9640625 0.03125 0.0578125
0 0.01796875 0.97109375 0.0328125 0.0578125
0 0.0296875 0.91953125 0.0296875 0.0578125
0 0.009375 0.92578125 0.0171875 0.046875
0 0.0609375 0.909375 0.03125 0.059375
0 0.01953125 0.87421875 0.03125 0.053125
0 0.04296875 0.865625 0.034375 0.05625
0 0.075 0.8484375 0.03125 0.059375
0 0.0578125 0.8078125 0.03125 0.0578125
0 0.028125 0.825 0.03125 0.05625
0 0.009375 0.83671875 0.0171875 0.053125
0 0.06875 0.75390625 0.0296875 0.053125
0 0.0390625 0.76953125 0.03125 0.053125
0 0.0171875 0.78671875 0.028125 0.05625
0 0.0296875 0.73515625 0.03125 0.053125
0 0.009375 0.7453125 0.015625 0.05
0 0.0546875 0.7203125 0.025 0.053125
0 0.06015625 0.66953125 0.0296875 0.053125
0 0.03828125 0.68515625 0.0265625 0.053125
0 0.0140625 0.70078125 0.0265625 0.05
0 0.0078125 0.6640625 0.0140625 0.04375
0 0.009375 0.615625 0.0171875 0.05
0 0.0328125 0.60078125 0.028125 0.05
0 0.0265625 0.65234375 0.028125 0.05
0 0.04921875 0.63046875 0.0328125 0.05
0 0.1203125 0.53125 0.0296875 0.040625
0 0.1765625 0.5328125 0.028125 0.04375
0 0.20390625 0.51484375 0.0265625 0.046875
0 0.2265625 0.49921875 0.015625 0.046875
0 0.23203125 0.45390625 0.0203125 0.046875
0 0.2453125 0.403125 0.025 0.04375
0 0.29375 0.3015625 0.025 0.04375
0 0.30625 0.259375 0.028125 0.040625
0 0.3203125 0.21484375 0.0296875 0.040625
0 0.29921875 0.18359375 0.0296875 0.040625
0 0.2859375 0.23125 0.028125 0.04375
0 0.2734375 0.27421875 0.028125 0.04375
0 0.2671875 0.3234375 0.034375 0.046875
0 0.2390625 0.3390625 0.028125 0.04375
0 0.2484375 0.3640625 0.01875 0.046875
0 0.2265625 0.3796875 0.03125 0.04375
0 0.21484375 0.421875 0.0296875 0.04375
0 0.209375 0.46953125 0.0296875 0.04375
0 0.18125 0.48671875 0.028125 0.04375
0 0.190625 0.44140625 0.028125 0.040625
0 0.15625 0.50390625 0.025 0.046875
0 0.1640625 0.4578125 0.025 0.040625
0 0.128125 0.4890625 0.028125 0.04375
0 0.0953125 0.51171875 0.028125 0.04375
0 0.0765625 0.484375 0.028125 0.04375
0 0.06796875 0.45703125 0.0265625 0.040625
0 0.0671875 0.42578125 0.025 0.0375
0 0.0953125 0.43828125 0.025 0.040625
0 0.121875 0.46875 0.028125 0.034375
0 0.1296875 0.421875 0.028125 0.040625
0 0.17265625 0.41640625 0.028125 0.04375
0 0.15 0.4546875 0.025 0.04375
0 0.15625 0.40546875 0.025 0.040625
0 0.13828125 0.37109375 0.025 0.040625
0 0.103125 0.384375 0.025 0.040625
0 0.0921875 0.40859375 0.0234375 0.0375
0 0.0796875 0.38984375 0.028125 0.0375
0 0.0796875 0.346875 0.025 0.040625
0 0.0875 0.30625 0.0265625 0.040625
0 0.0984375 0.26328125 0.028125 0.034375
0 0.109375 0.22890625 0.025 0.040625
0 0.1109375 0.34375 0.025 0.040625
0 0.125 0.30703125 0.028125 0.0375
0 0.14296875 0.28125 0.025 0.040625
0 0.134375 0.2671875 0.025 0.0375
0 0.1703125 0.3046875 0.025 0.0375
0 0.15390625 0.33671875 0.025 0.040625
0 0.1640625 0.35078125 0.025 0.040625
0 0.18125 0.37578125 0.028125 0.040625
0 0.2015625 0.40234375 0.025 0.04375
0 0.21171875 0.36015625 0.028125 0.040625
0 0.1984375 0.33671875 0.028125 0.04375
0 0.2296875 0.32421875 0.028125 0.04375
0 0.221875 0.26953125 0.028125 0.046875
0 0.2015625 0.29296875 0.028125 0.0375
0 0.190625 0.27890625 0.021875 0.034375
0 0.165625 0.25078125 0.025 0.040625
0 0.13828125 0.2203125 0.028125 0.0375
0 0.1328125 0.20859375 0.028125 0.034375
0 0.1515625 0.18515625 0.0265625 0.040625
0 0.178125 0.16484375 0.028125 0.0375
0 0.178125 0.215625 0.028125 0.046875
0 0.1890625 0.228125 0.025 0.040625
0 0.20546875 0.24921875 0.025 0.040625
0 0.203125 0.19609375 0.025 0.0375
0 0.21875 0.2140625 0.028125 0.0375
0 0.2390625 0.23671875 0.025 0.0375
0 0.2578125 0.25546875 0.03125 0.040625
0 0.27109375 0.2046875 0.028125 0.04375
0 0.2484375 0.19765625 0.028125 0.0375
0 0.2265625 0.17734375 0.025 0.0375
0 0.20625 0.15078125 0.028125 0.034375
0 0.28125 0.15859375 0.028125 0.040625
0 0.253125 0.15078125 0.028125 0.04375
0 0.23359375 0.13828125 0.0265625 0.040625
0 0.1625 0.0859375 0.0234375 0.03125
0 0.171875 0.10546875 0.021875 0.028125
0 0.18828125 0.12421875 0.0234375 0.03125
0 0.2046875 0.134375 0.0265625 0.034375
0 0.209375 0.1 0.025 0.034375
0 0.1921875 0.08515625 0.021875 0.03125
0 0.18046875 0.06484375 0.0234375 0.034375
0 0.16640625 0.05703125 0.025 0.034375
0 0.171875 0.02421875 0.025 0.034375
0 0.1859375 0.03359375 0.021875 0.034375
0 0.203125 0.0453125 0.021875 0.034375
0 0.2203125 0.06015625 0.021875 0.0375
0 0.23203125 0.08984375 0.025 0.034375
0 0.25390625 0.10546875 0.0234375 0.0375
0 0.28046875 0.12734375 0.0265625 0.03125
0 0.30390625 0.10625 0.0265625 0.0375
0 0.2828125 0.09296875 0.021875 0.0375
0 0.265625 0.071875 0.025 0.034375
0 0.24453125 0.059375 0.025 0.034375
0 0.23125 0.028125 0.025 0.03125
0 0.21015625 0.015625 0.021875 0.028125
0 0.1921875 0.00859375 0.015625 0.015625
0 0.23125 0.00703125 0.01875 0.0125
0 0.253125 0.0265625 0.025 0.034375
0 0.27109375 0.03984375 0.025 0.034375
0 0.290625 0.05390625 0.0234375 0.034375
0 0.30234375 0.06796875 0.025 0.0375
0 0.3265625 0.08359375 0.025 0.034375
0 0.34765625 0.05625 0.0265625 0.034375
0 0.328125 0.04609375 0.025 0.03125
0 0.3078125 0.02421875 0.025 0.034375
0 0.2921875 0.01640625 0.021875 0.03125
0 0.275 0.01171875 0.021875 0.021875
0 0.33359375 0.01171875 0.0234375 0.021875
0 0.353125 0.025 0.025 0.034375
0 0.3734375 0.03203125 0.028125 0.034375
0 0.38046875 0.01015625 0.0265625 0.01875
0 0.41875 0.04140625 0.034375 0.04375
0 0.41796875 0.00859375 0.0296875 0.015625
0 0.45 0.01484375 0.0359375 0.028125
0 0.44375 0.08046875 0.028125 0.053125
0 0.4640625 0.08203125 0.034375 0.05
0 0.4734375 0.02734375 0.034375 0.05
0 0.496875 0.05234375 0.034375 0.05
0 0.5125 0.10078125 0.0375 0.05
0 0.546875 0.096875 0.0375 0.053125
0 0.54375 0.05 0.040625 0.05
0 0.54140625 0.01328125 0.0359375 0.025
0 0.50703125 0.00703125 0.0296875 0.0125
0 0.5828125 0.1046875 0.04375 0.05
0 0.58046875 0.05859375 0.0421875 0.05
0 0.578125 0.015625 0.040625 0.028125
0 0.6203125 0.07734375 0.040625 0.05
0 0.6171875 0.03203125 0.04375 0.05
0 0.65625 0.04453125 0.0421875 0.05
0 0.65234375 0.01171875 0.040625 0.021875
0 0.690625 0.0203125 0.04375 0.0375
0 0.7328125 0.00859375 0.0375 0.015625