0 0.70546875 0.7578125 0.078125 0.053125
0 0.628125 0.76015625 0.078125 0.05
0 0.55703125 0.7671875 0.071875 0.05
0 0.48828125 0.75 0.065625 0.0515625
0 0.4234375 0.7421875 0.06875 0.0484375
0 0.35703125 0.7296875 0.0625 0.0453125
0 0.74296875 0.70390625 0.08125 0.05625
0 0.66015625 0.7 0.078125 0.05
0 0.5796875 0.71640625 0.06875 0.05
0 0.5046875 0.6890625 0.071875 0.053125
0 0.43828125 0.6859375 0.06875 0.0515625
0 0.359375 0.690625 0.071875 0.053125
0 0.30390625 0.675 0.059375 0.0484375
0 0.24375 0.6453125 0.065625 0.046875
0 0.31484375 0.63828125 0.065625 0.05
0 0.39375 0.6421875 0.06875 0.05
0 0.4640625 0.64765625 0.071875 0.0515625
0 0.5390625 0.65 0.075 0.05
0 0.61171875 0.659375 0.075 0.05
0 0.69375 0.659375 0.08125 0.053125
0 0.796875 0.66875 0.084375 0.053125
0 0.74453125 0.6203125 0.08125 0.053125
0 0.84609375 0.625 0.0875 0.059375
0 0.88828125 0.5796875 0.090625 0.0625
0 0.64765625 0.6125 0.078125 0.053125
0 0.56875 0.61015625 0.071875 0.05625
0 0.49296875 0.6109375 0.071875 0.053125
0 0.4234375 0.59765625 0.071875 0.053125
0 0.35703125 0.58515625 0.071875 0.0515625
0 0.27734375 0.5921875 0.06875 0.05
0 0.20390625 0.6 0.065625 0.053125
0 0.16015625 0.55703125 0.071875 0.05625
0 0.23828125 0.5484375 0.06875 0.05
0 0.30546875 0.5546875 0.065625 0.05625
0 0.3828125 0.553125 0.075 0.05
0 0.4578125 0.5546875 0.075 0.05625
0 0.52890625 0.55859375 0.078125 0.05625
0 0.60546875 0.56796875 0.08125 0.059375
0 0.69140625 0.578125 0.08125 0.059375
0 0.7953125 0.56875 0.09375 0.05625
0 0.92421875 0.51875 0.090625 0.059375
0 0.83515625 0.5296875 0.090625 0.059375
0 0.73984375 0.5296875 0.084375 0.05625
0 0.6546875 0.5203125 0.0875 0.05625
0 0.5703125 0.5140625 0.078125 0.0546875
0 0.48828125 0.515625 0.08125 0.05625
0 0.4 0.5203125 0.078125 0.05625
0 0.33984375 0.5046875 0.0625 0.046875
0 0.2703125 0.503125 0.06875 0.0515625
0 0.215625 0.496875 0.0625 0.053125
0 0.13671875 0.49609375 0.06875 0.053125
0 0.15546875 0.44140625 0.065625 0.05625
0 0.22109375 0.453125 0.06875 0.059375
0 0.28984375 0.45078125 0.071875 0.0578125
0 0.35546875 0.4671875 0.08125 0.05625
0 0.45859375 0.4609375 0.075 0.0578125
0 0.53203125 0.4640625 0.084375 0.0578125
0 0.61953125 0.4703125 0.0875 0.059375
0 0.70390625 0.475 0.0875 0.0625
0 0.79921875 0.47109375 0.090625 0.0640625
0 0.90625 0.4625 0.1 0.06875
0 0.87265625 0.4046875 0.096875 0.06875
0 0.77578125 0.4125 0.096875 0.06875
0 0.66640625 0.42109375 0.09375 0.0671875
0 0.5734375 0.4171875 0.084375 0.065625
0 0.48984375 0.4125 0.075 0.0640625
0 0.39765625 0.41953125 0.084375 0.0671875
0 0.32578125 0.409375 0.071875 0.059375
0 0.2359375 0.40390625 0.075 0.053125
0 0.171875 0.3953125 0.065625 0.05625
0 0.20078125 0.3453125 0.071875 0.0625
0 0.2765625 0.3578125 0.075 0.059375
0 0.36953125 0.3578125 0.075 0.065625
0 0.44296875 0.359375 0.08125 0.059375
0 0.53359375 0.359375 0.0875 0.065625
0 0.62109375 0.36171875 0.0875 0.0640625
0 0.71640625 0.3625 0.09375 0.065625
0 0.81796875 0.346875 0.1 0.06875
0 0.75625 0.296875 0.096875 0.06875
0 0.66640625 0.3015625 0.0875 0.071875
0 0.57578125 0.3 0.0875 0.065625
0 0.48984375 0.3015625 0.084375 0.071875
0 0.403125 0.3015625 0.078125 0.06875
0 0.32734375 0.3015625 0.078125 0.065625
0 0.24453125 0.303125 0.075 0.0625
0 0.275 0.2453125 0.078125 0.071875
0 0.359375 0.240625 0.084375 0.06875
0 0.44296875 0.240625 0.075 0.06875
0 0.52578125 0.2375 0.084375 0.071875
0 0.61328125 0.2375 0.096875 0.0703125
0 0.70546875 0.2359375 0.0875 0.075
0 0.68828125 0.79765625 0.053125 0.0359375
0 0.65390625 0.825 0.05625 0.034375
0 0.60859375 0.840625 0.053125 0.0375
0 0.5640625 0.86015625 0.05 0.0359375
0 0.5546875 0.87734375 0.05 0.0296875
0 0.73046875 0.7734375 0.05 0.03125
0 0.7859375 0.775 0.053125 0.034375
0 0.75078125 0.8140625 0.059375 0.0375
0 0.84140625 0.78671875 0.053125 0.0359375
0 0.8078125 0.81875 0.05 0.034375
0 0.7640625 0.8453125 0.05625 0.034375
0 0.70625 0.8296875 0.053125 0.034375
0 0.72421875 0.86875 0.05625 0.034375
0 0.66015625 0.853125 0.053125 0.034375
0 0.6875 0.88359375 0.05 0.034375
0 0.61328125 0.8796875 0.05 0.034375
0 0.603125 0.9015625 0.046875 0.03125
0 0.56640625 0.9109375 0.046875 0.0296875
0 0.9015625 0.8125 0.059375 0.034375
0 0.96171875 0.8171875 0.05625 0.0375
0 0.97421875 0.8640625 0.0515625 0.0375
0 0.92109375 0.8515625 0.05625 0.034375
0 0.86484375 0.834375 0.059375 0.034375
0 0.82109375 0.8578125 0.059375 0.034375
0 0.87734375 0.8703125 0.05625 0.0328125
0 0.93828125 0.8859375 0.059375 0.034375
0 0.9890625 0.9 0.021875 0.034375
0 0.953125 0.9203125 0.059375 0.034375
0 0.990625 0.9359375 0.01875 0.0328125
0 0.89296875 0.909375 0.059375 0.03125
0 0.834375 0.8953125 0.059375 0.034375
0 0.79140625 0.9078125 0.05625 0.034375
0 0.77890625 0.87734375 0.05625 0.0328125
0 0.7390625 0.9015625 0.05625 0.034375
0 0.70390625 0.92421875 0.053125 0.034375
0 0.6515625 0.9125 0.05 0.03125
0 0.6171875 0.9234375 0.053125 0.025
0 0.58125 0.9421875 0.053125 0.03125
0 0.9640625 0.95625 0.05625 0.03125
0 0.97109375 0.98203125 0.0578125 0.0328125
0 0.91953125 0.9703125 0.059375 0.0296875
0 0.92578125 0.990625 0.046875 0.0171875
0 0.909375 0.9390625 0.059375 0.03125
0 0.87421875 0.98046875 0.053125 0.03125
0 0.865625 0.95703125 0.05625 0.034375
0 0.8484375 0.925 0.059375 0.03125
0 0.8078125 0.9421875 0.05625 0.03125
0 0.825 0.971875 0.05625 0.03125
0 0.83671875 0.990625 0.053125 0.0171875
0 0.75390625 0.93125 0.053125 0.0296875
0 0.76953125 0.9609375 0.053125 0.03125
0 0.78671875 0.9828125 0.05625 0.028125
0 0.73515625 0.9703125 0.053125 0.03125
0 0.7453125 0.990625 0.05 0.015625
0 0.7203125 0.9453125 0.053125 0.025
0 0.66953125 0.93984375 0.053125 0.0296875
0 0.68515625 0.96171875 0.053125 0.0265625
0 0.70078125 0.9859375 0.05 0.0265625
0 0.6640625 0.9921875 0.04375 0.0140625
0 0.615625 0.990625 0.05 0.0171875
0 0.60078125 0.9671875 0.05 0.028125
0 0.65234375 0.9734375 0.05 0.028125
0 0.63046875 0.95078125 0.05 0.0328125
0 0.53125 0.8796875 0.040625 0.0296875
0 0.5328125 0.8234375 0.04375 0.028125
0 0.51484375 0.79609375 0.046875 0.0265625
0 0.49921875 0.7734375 0.046875 0.015625
0 0.45390625 0.76796875 0.046875 0.0203125
0 0.403125 0.7546875 0.04375 0.025
0 0.3015625 0.70625 0.04375 0.025
0 0.259375 0.69375 0.040625 0.028125
0 0.21484375 0.6796875 0.040625 0.0296875
0 0.18359375 0.70078125 0.040625 0.0296875
0 0.23125 0.7140625 0.04375 0.028125
0 0.27421875 0.7265625 0.04375 0.028125
0 0.3234375 0.7328125 0.046875 0.034375
0 0.3390625 0.7609375 0.04375 0.028125
0 0.3640625 0.7515625 0.046875 0.01875
0 0.3796875 0.7734375 0.04375 0.03125
0 0.421875 0.78515625 0.04375 0.0296875
0 0.46953125 0.790625 0.04375 0.0296875
0 0.48671875 0.81875 0.04375 0.028125
0 0.44140625 0.809375 0.040625 0.028125
0 0.50390625 0.84375 0.046875 0.025
0 0.4578125 0.8359375 0.040625 0.025
0 0.4890625 0.871875 0.04375 0.028125
0 0.51171875 0.9046875 0.04375 0.028125
0 0.484375 0.9234375 0.04375 0.028125
0 0.45703125 0.93203125 0.040625 0.0265625
0 0.42578125 0.9328125 0.0375 0.025
0 0.43828125 0.9046875 0.040625 0.025
0 0.46875 0.878125 0.034375 0.028125
0 0.421875 0.8703125 0.040625 0.028125
0 0.41640625 0.82734375 0.04375 0.028125
0 0.4546875 0.85 0.04375 0.025
0 0.40546875 0.84375 0.040625 0.025
0 0.37109375 0.86171875 0.040625 0.025
0 0.384375 0.896875 0.040625 0.025
0 0.40859375 0.9078125 0.0375 0.0234375
0 0.38984375 0.9203125 0.0375 0.028125
0 0.346875 0.9203125 0.040625 0.025
0 0.30625 0.9125 0.040625 0.0265625
0 0.26328125 0.9015625 0.034375 0.028125
0 0.22890625 0.890625 0.040625 0.025
0 0.34375 0.8890625 0.040625 0.025
0 0.30703125 0.875 0.0375 0.028125
0 0.28125 0.85703125 0.040625 0.025
0 0.2671875 0.865625 0.0375 0.025
0 0.3046875 0.8296875 0.0375 0.025
0 0.33671875 0.84609375 0.040625 0.025
0 0.35078125 0.8359375 0.040625 0.025
0 0.37578125 0.81875 0.040625 0.028125
0 0.40234375 0.7984375 0.04375 0.025
0 0.36015625 0.78828125 0.040625 0.028125
0 0.33671875 0.8015625 0.04375 0.028125
0 0.32421875 0.7703125 0.04375 0.028125
0 0.26953125 0.778125 0.046875 0.028125
0 0.29296875 0.7984375 0.0375 0.028125
0 0.27890625 0.809375 0.034375 0.021875
0 0.25078125 0.834375 0.040625 0.025
0 0.2203125 0.86171875 0.0375 0.028125
0 0.20859375 0.8671875 0.034375 0.028125
0 0.18515625 0.8484375 0.040625 0.0265625
0 0.16484375 0.821875 0.0375 0.028125
0 0.215625 0.821875 0.046875 0.028125
0 0.228125 0.8109375 0.040625 0.025
0 0.24921875 0.79453125 0.040625 0.025
0 0.19609375 0.796875 0.0375 0.025
0 0.2140625 0.78125 0.0375 0.028125
0 0.23671875 0.7609375 0.0375 0.025
0 0.25546875 0.7421875 0.040625 0.03125
0 0.2046875 0.72890625 0.04375 0.028125
0 0.19765625 0.7515625 0.0375 0.028125
0 0.17734375 0.7734375 0.0375 0.025
0 0.15078125 0.79375 0.034375 0.028125
0 0.15859375 0.71875 0.040625 0.028125
0 0.15078125 0.746875 0.04375 0.028125
0 0.13828125 0.76640625 0.040625 0.0265625
0 0.0859375 0.8375 0.03125 0.0234375
0 0.10546875 0.828125 0.028125 0.021875
0 0.12421875 0.81171875 0.03125 0.0234375
0 0.134375 0.7953125 0.034375 0.0265625
0 0.1 0.790625 0.034375 0.025
0 0.08515625 0.8078125 0.03125 0.021875
0 0.06484375 0.81953125 0.034375 0.0234375
0 0.05703125 0.83359375 0.034375 0.025
0 0.02421875 0.828125 0.034375 0.025
0 0.03359375 0.8140625 0.034375 0.021875
0 0.0453125 0.796875 0.034375 0.021875
0 0.06015625 0.7796875 0.0375 0.021875
0 0.08984375 0.76796875 0.034375 0.025
0 0.10546875 0.74609375 0.0375 0.0234375
0 0.12734375 0.71953125 0.03125 0.0265625
0 0.10625 0.69609375 0.0375 0.0265625
0 0.09296875 0.7171875 0.0375 0.021875
0 0.071875 0.734375 0.034375 0.025
0 0.059375 0.75546875 0.034375 0.025
0 0.028125 0.76875 0.03125 0.025
0 0.015625 0.78984375 0.028125 0.021875
0 0.00859375 0.8078125 0.015625 0.015625
0 0.00703125 0.76875 0.0125 0.01875
0 0.0265625 0.746875 0.034375 0.025
0 0.03984375 0.72890625 0.034375 0.025
0 0.05390625 0.709375 0.034375 0.0234375
0 0.06796875 0.69765625 0.0375 0.025
0 0.08359375 0.6734375 0.034375 0.025
0 0.05625 0.65234375 0.034375 0.0265625
0 0.04609375 0.671875 0.03125 0.025
0 0.02421875 0.6921875 0.034375 0.025
0 0.01640625 0.7078125 0.03125 0.021875
0 0.01171875 0.725 0.021875 0.021875
0 0.01171875 0.66640625 0.021875 0.0234375
0 0.025 0.646875 0.034375 0.025
0 0.03203125 0.6265625 0.034375 0.028125
0 0.01015625 0.61953125 0.01875 0.0265625
0 0.04140625 0.58125 0.04375 0.034375
0 0.00859375 0.58203125 0.015625 0.0296875
0 0.01484375 0.55 0.028125 0.0359375
0 0.08046875 0.55625 0.053125 0.028125
0 0.08203125 0.5359375 0.05 0.034375
0 0.02734375 0.5265625 0.05 0.034375
0 0.05234375 0.503125 0.05 0.034375
0 0.10078125 0.4875 0.05 0.0375
0 0.096875 0.453125 0.053125 0.0375
0 0.05 0.45625 0.05 0.040625
0 0.01328125 0.45859375 0.025 0.0359375
0 0.00703125 0.49296875 0.0125 0.0296875
0 0.1046875 0.4171875 0.05 0.04375
0 0.05859375 0.41953125 0.05 0.0421875
0 0.015625 0.421875 0.028125 0.040625
0 0.07734375 0.3796875 0.05 0.040625
0 0.03203125 0.3828125 0.05 0.04375
0 0.04453125 0.34375 0.05 0.0421875
0 0.01171875 0.34765625 0.021875 0.040625
0 0.0203125 0.309375 0.0375 0.04375
0 0.00859375 0.2671875 0.015625 0.0375