0 0.25859375 0.11328125 0.059375 0.084375
0 0.31640625 0.115625 0.05625 0.08125
0 0.35625 0.0515625 0.0609375 0.084375
0 0.4171875 0.0453125 0.0546875 0.0890625
0 0.46953125 0.0375 0.0625 0.075
0 0.534375 0.03125 0.0671875 0.0609375
0 0.60078125 0.05 0.06875 0.096875
0 0.57578125 0.134375 0.06875 0.096875
0 0.49609375 0.09921875 0.065625 0.0953125
0 0.4375 0.1125 0.0609375 0.090625
0 0.38515625 0.1296875 0.0578125 0.084375
0 0.33359375 0.19765625 0.05625 0.08125
0 0.2875 0.20078125 0.05625 0.08125
0 0.2515625 0.2640625 0.053125 0.084375
0 0.30390625 0.26875 0.05625 0.08125
0 0.359375 0.2734375 0.05625 0.084375
0 0.41875 0.27109375 0.0640625 0.0890625
0 0.40859375 0.20625 0.05625 0.0796875
0 0.4578125 0.19609375 0.0625 0.09375
0 0.51875 0.18984375 0.0625 0.090625
0 0.61171875 0.2234375 0.0671875 0.09375
0 0.6765625 0.17734375 0.06875 0.09375
0 0.66328125 0.0765625 0.071875 0.0890625
0 0.73828125 0.109375 0.071875 0.0953125
0 0.79375 0.17734375 0.0734375 0.09375
0 0.81171875 0.27109375 0.078125 0.09375
0 0.8921875 0.271875 0.078125 0.0953125
0 0.9265625 0.3640625 0.078125 0.090625
0 0.96015625 0.475 0.0796875 0.103125
0 0.940625 0.5703125 0.08125 0.103125
0 0.9171875 0.68359375 0.078125 0.09375
0 0.88984375 0.76953125 0.0734375 0.09375
0 0.85546875 0.84765625 0.0734375 0.09375
0 0.80859375 0.925 0.075 0.09375
0 0.72109375 0.91875 0.06875 0.0890625
0 0.75625 0.85078125 0.071875 0.090625
0 0.8078125 0.784375 0.0765625 0.0921875
0 0.84140625 0.69765625 0.075 0.0953125
0 0.865625 0.61328125 0.0765625 0.0921875
0 0.88203125 0.44375 0.0796875 0.0953125
0 0.8484375 0.36015625 0.075 0.1
0 0.8359375 0.528125 0.0765625 0.096875
0 0.765625 0.69453125 0.0734375 0.09375
0 0.7921875 0.60546875 0.0734375 0.09375
0 0.76484375 0.52109375 0.0734375 0.096875
0 0.80546875 0.4390625 0.0765625 0.096875
0 0.73125 0.4390625 0.078125 0.1015625
0 0.771875 0.35546875 0.078125 0.1
0 0.73828125 0.25 0.0765625 0.1
0 0.696875 0.35390625 0.08125 0.0984375
0 0.71875 0.60390625 0.071875 0.103125
0 0.69140625 0.51953125 0.071875 0.0953125
0 0.65703125 0.43359375 0.071875 0.0953125
0 0.625 0.35078125 0.0671875 0.09375
0 0.66328125 0.271875 0.078125 0.1
0 0.72578125 0.75625 0.071875 0.09375
0 0.69140625 0.6875 0.071875 0.0875
0 0.6859375 0.8453125 0.06875 0.0890625
0 0.64296875 0.92265625 0.0703125 0.09375
0 0.621875 0.8296875 0.0671875 0.090625
0 0.65546875 0.7625 0.06875 0.09375
0 0.625 0.68046875 0.06875 0.0875
0 0.64609375 0.60625 0.071875 0.090625
0 0.61875 0.521875 0.071875 0.090625
0 0.5859375 0.44375 0.075 0.090625
0 0.5546875 0.36484375 0.06875 0.0890625
0 0.54765625 0.27109375 0.06875 0.0890625
0 0.57578125 0.9046875 0.065625 0.090625
0 0.55625 0.81328125 0.059375 0.0828125
0 0.50859375 0.85078125 0.0609375 0.0796875
0 0.59140625 0.75078125 0.0671875 0.084375
0 0.5578125 0.6734375 0.0640625 0.08125
0 0.578125 0.59765625 0.0640625 0.0875
0 0.5484375 0.51875 0.065625 0.0890625
0 0.51328125 0.59140625 0.0625 0.084375
0 0.49453125 0.6671875 0.0625 0.084375
0 0.4671875 0.72734375 0.0625 0.0875
0 0.525 0.74140625 0.0625 0.09375
0 0.4546875 0.809375 0.0625 0.0859375
0 0.40625 0.72578125 0.05625 0.084375
0 0.4328125 0.65859375 0.059375 0.0859375
0 0.45234375 0.58515625 0.0625 0.0859375
0 0.48125 0.51484375 0.0640625 0.0875
0 0.515625 0.4390625 0.0625 0.0875
0 0.4875 0.3625 0.0625 0.0875
0 0.4515625 0.4375 0.065625 0.084375
0 0.41875 0.509375 0.05625 0.0875
0 0.39609375 0.57734375 0.05625 0.08125
0 0.3734375 0.64921875 0.0578125 0.084375
0 0.48515625 0.27890625 0.0625 0.084375
0 0.42734375 0.3609375 0.0625 0.0875
0 0.390625 0.43203125 0.059375 0.0875
0 0.3546875 0.5046875 0.0578125 0.0859375
0 0.340625 0.56875 0.05625 0.075
0 0.2859375 0.4984375 0.0609375 0.0875
0 0.33046875 0.42734375 0.05625 0.084375
0 0.3609375 0.35546875 0.0609375 0.0828125
0 0.30859375 0.35078125 0.0578125 0.08125
0 0.2609375 0.4203125 0.05625 0.084375
0 0.25234375 0.34375 0.053125 0.075