0 0.88671875 0.74140625 0.084375 0.059375
0 0.884375 0.68359375 0.08125 0.05625
0 0.9484375 0.64375 0.084375 0.0609375
0 0.9546875 0.5828125 0.0890625 0.0546875
0 0.9625 0.53046875 0.075 0.0625
0 0.96875 0.465625 0.0609375 0.0671875
0 0.95 0.39921875 0.096875 0.06875
0 0.865625 0.42421875 0.096875 0.06875
0 0.90078125 0.50390625 0.0953125 0.065625
0 0.8875 0.5625 0.090625 0.0609375
0 0.8703125 0.61484375 0.084375 0.0578125
0 0.80234375 0.66640625 0.08125 0.05625
0 0.79921875 0.7125 0.08125 0.05625
0 0.7359375 0.7484375 0.084375 0.053125
0 0.73125 0.69609375 0.08125 0.05625
0 0.7265625 0.640625 0.084375 0.05625
0 0.72890625 0.58125 0.0890625 0.0640625
0 0.79375 0.59140625 0.0796875 0.05625
0 0.80390625 0.5421875 0.09375 0.0625
0 0.81015625 0.48125 0.090625 0.0625
0 0.7765625 0.38828125 0.09375 0.0671875
0 0.82265625 0.3234375 0.09375 0.06875
0 0.9234375 0.33671875 0.0890625 0.071875
0 0.890625 0.26171875 0.0953125 0.071875
0 0.82265625 0.20625 0.09375 0.0734375
0 0.72890625 0.18828125 0.09375 0.078125
0 0.728125 0.1078125 0.0953125 0.078125
0 0.6359375 0.0734375 0.090625 0.078125
0 0.525 0.03984375 0.103125 0.0796875
0 0.4296875 0.059375 0.103125 0.08125
0 0.31640625 0.0828125 0.09375 0.078125
0 0.23046875 0.11015625 0.09375 0.0734375
0 0.15234375 0.14453125 0.09375 0.0734375
0 0.075 0.19140625 0.09375 0.075
0 0.08125 0.27890625 0.0890625 0.06875
0 0.14921875 0.24375 0.090625 0.071875
0 0.215625 0.1921875 0.090625 0.0765625
0 0.30234375 0.15859375 0.0953125 0.075
0 0.38671875 0.134375 0.0921875 0.0765625
0 0.55625 0.11796875 0.0953125 0.0796875
0 0.63984375 0.1515625 0.1 0.075
0 0.471875 0.1640625 0.096875 0.0765625
0 0.30546875 0.234375 0.09375 0.0734375
0 0.39453125 0.2078125 0.09375 0.0734375
0 0.47890625 0.23515625 0.096875 0.0734375
0 0.5609375 0.19453125 0.096875 0.0765625
0 0.5609375 0.26875 0.1015625 0.078125
0 0.64453125 0.228125 0.1 0.078125
0 0.75 0.26171875 0.1 0.0765625
0 0.64609375 0.303125 0.0984375 0.08125
0 0.39609375 0.28125 0.103125 0.071875
0 0.48046875 0.30859375 0.0953125 0.071875
0 0.56640625 0.34296875 0.0953125 0.071875
0 0.64921875 0.375 0.09375 0.0671875
0 0.728125 0.33671875 0.1 0.078125
0 0.24375 0.27421875 0.09375 0.071875
0 0.3125 0.30859375 0.0875 0.071875
0 0.1546875 0.3140625 0.0890625 0.06875
0 0.07734375 0.35703125 0.09375 0.0703125
0 0.1703125 0.378125 0.090625 0.0671875
0 0.2375 0.34453125 0.09375 0.06875
0 0.31953125 0.375 0.0875 0.06875
0 0.39375 0.35390625 0.090625 0.071875
0 0.478125 0.38125 0.090625 0.071875
0 0.55625 0.4140625 0.090625 0.075
0 0.63515625 0.4453125 0.0890625 0.06875
0 0.72890625 0.45234375 0.0890625 0.06875
0 0.0953125 0.42421875 0.090625 0.065625
0 0.18671875 0.44375 0.0828125 0.059375
0 0.14921875 0.49140625 0.0796875 0.0609375
0 0.24921875 0.40859375 0.084375 0.0671875
0 0.3265625 0.4421875 0.08125 0.0640625
0 0.40234375 0.421875 0.0875 0.0640625
0 0.48125 0.4515625 0.0890625 0.065625
0 0.40859375 0.48671875 0.084375 0.0625
0 0.3328125 0.50546875 0.084375 0.0625
0 0.27265625 0.5328125 0.0875 0.0625
0 0.25859375 0.475 0.09375 0.0625
0 0.190625 0.5453125 0.0859375 0.0625
0 0.27421875 0.59375 0.084375 0.05625
0 0.34140625 0.5671875 0.0859375 0.059375
0 0.41484375 0.54765625 0.0859375 0.0625
0 0.48515625 0.51875 0.0875 0.0640625
0 0.5609375 0.484375 0.0875 0.0625
0 0.6375 0.5125 0.0875 0.0625
0 0.5625 0.5484375 0.084375 0.065625
0 0.490625 0.58125 0.0875 0.05625
0 0.42265625 0.60390625 0.08125 0.05625
0 0.35078125 0.6265625 0.084375 0.0578125
0 0.72109375 0.51484375 0.084375 0.0625
0 0.6390625 0.57265625 0.0875 0.0625
0 0.56796875 0.609375 0.0875 0.059375
0 0.4953125 0.6453125 0.0859375 0.0578125
0 0.43125 0.659375 0.075 0.05625
0 0.5015625 0.7140625 0.0875 0.0609375
0 0.57265625 0.66953125 0.084375 0.05625
0 0.64453125 0.6390625 0.0828125 0.0609375
0 0.64921875 0.69140625 0.08125 0.0578125
0 0.5796875 0.7390625 0.084375 0.05625
0 0.65625 0.74765625 0.075 0.053125