0 0.11328125 0.74140625 0.084375 0.059375
0 0.115625 0.68359375 0.08125 0.05625
0 0.0515625 0.64375 0.084375 0.0609375
0 0.0453125 0.5828125 0.0890625 0.0546875
0 0.0375 0.53046875 0.075 0.0625
0 0.03125 0.465625 0.0609375 0.0671875
0 0.05 0.39921875 0.096875 0.06875
0 0.134375 0.42421875 0.096875 0.06875
0 0.09921875 0.50390625 0.0953125 0.065625
0 0.1125 0.5625 0.090625 0.0609375
0 0.1296875 0.61484375 0.084375 0.0578125
0 0.19765625 0.66640625 0.08125 0.05625
0 0.20078125 0.7125 0.08125 0.05625
0 0.2640625 0.7484375 0.084375 0.053125
0 0.26875 0.69609375 0.08125 0.05625
0 0.2734375 0.640625 0.084375 0.05625
0 0.27109375 0.58125 0.0890625 0.0640625
0 0.20625 0.59140625 0.0796875 0.05625
0 0.19609375 0.5421875 0.09375 0.0625
0 0.18984375 0.48125 0.090625 0.0625
0 0.2234375 0.38828125 0.09375 0.0671875
0 0.17734375 0.3234375 0.09375 0.06875
0 0.0765625 0.33671875 0.0890625 0.071875
0 0.109375 0.26171875 0.0953125 0.071875
0 0.17734375 0.20625 0.09375 0.0734375
0 0.27109375 0.18828125 0.09375 0.078125
0 0.271875 0.1078125 0.0953125 0.078125
0 0.3640625 0.0734375 0.090625 0.078125
0 0.475 0.03984375 0.103125 0.0796875
0 0.5703125 0.059375 0.103125 0.08125
0 0.68359375 0.0828125 0.09375 0.078125
0 0.76953125 0.11015625 0.09375 0.0734375
0 0.84765625 0.14453125 0.09375 0.0734375
0 0.925 0.19140625 0.09375 0.075
0 0.91875 0.27890625 0.0890625 0.06875
0 0.85078125 0.24375 0.090625 0.071875
0 0.784375 0.1921875 0.090625 0.0765625
0 0.69765625 0.15859375 0.0953125 0.075
0 0.61328125 0.134375 0.0921875 0.0765625
0 0.44375 0.11796875 0.0953125 0.0796875
0 0.36015625 0.1515625 0.1 0.075
0 0.528125 0.1640625 0.096875 0.0765625
0 0.69453125 0.234375 0.09375 0.0734375
0 0.60546875 0.2078125 0.09375 0.0734375
0 0.52109375 0.23515625 0.096875 0.0734375
0 0.4390625 0.19453125 0.096875 0.0765625
0 0.4390625 0.26875 0.1015625 0.078125
0 0.35546875 0.228125 0.1 0.078125
0 0.25 0.26171875 0.1 0.0765625
0 0.35390625 0.303125 0.0984375 0.08125
0 0.60390625 0.28125 0.103125 0.071875
0 0.51953125 0.30859375 0.0953125 0.071875
0 0.43359375 0.34296875 0.0953125 0.071875
0 0.35078125 0.375 0.09375 0.0671875
0 0.271875 0.33671875 0.1 0.078125
0 0.75625 0.27421875 0.09375 0.071875
0 0.6875 0.30859375 0.0875 0.071875
0 0.8453125 0.3140625 0.0890625 0.06875
0 0.92265625 0.35703125 0.09375 0.0703125
0 0.8296875 0.378125 0.090625 0.0671875
0 0.7625 0.34453125 0.09375 0.06875
0 0.68046875 0.375 0.0875 0.06875
0 0.60625 0.35390625 0.090625 0.071875
0 0.521875 0.38125 0.090625 0.071875
0 0.44375 0.4140625 0.090625 0.075
0 0.36484375 0.4453125 0.0890625 0.06875
0 0.27109375 0.45234375 0.0890625 0.06875
0 0.9046875 0.42421875 0.090625 0.065625
0 0.81328125 0.44375 0.0828125 0.059375
0 0.85078125 0.49140625 0.0796875 0.0609375
0 0.75078125 0.40859375 0.084375 0.0671875
0 0.6734375 0.4421875 0.08125 0.0640625
0 0.59765625 0.421875 0.0875 0.0640625
0 0.51875 0.4515625 0.0890625 0.065625
0 0.59140625 0.48671875 0.084375 0.0625
0 0.6671875 0.50546875 0.084375 0.0625
0 0.72734375 0.5328125 0.0875 0.0625
0 0.74140625 0.475 0.09375 0.0625
0 0.809375 0.5453125 0.0859375 0.0625
0 0.72578125 0.59375 0.084375 0.05625
0 0.65859375 0.5671875 0.0859375 0.059375
0 0.58515625 0.54765625 0.0859375 0.0625
0 0.51484375 0.51875 0.0875 0.0640625
0 0.4390625 0.484375 0.0875 0.0625
0 0.3625 0.5125 0.0875 0.0625
0 0.4375 0.5484375 0.084375 0.065625
0 0.509375 0.58125 0.0875 0.05625
0 0.57734375 0.60390625 0.08125 0.05625
0 0.64921875 0.6265625 0.084375 0.0578125
0 0.27890625 0.51484375 0.084375 0.0625
0 0.3609375 0.57265625 0.0875 0.0625
0 0.43203125 0.609375 0.0875 0.059375
0 0.5046875 0.6453125 0.0859375 0.0578125
0 0.56875 0.659375 0.075 0.05625
0 0.4984375 0.7140625 0.0875 0.0609375
0 0.42734375 0.66953125 0.084375 0.05625
0 0.35546875 0.6390625 0.0828125 0.0609375
0 0.35078125 0.69140625 0.08125 0.0578125
0 0.4203125 0.7390625 0.084375 0.05625
0 0.34375 0.74765625 0.075 0.053125