0 0.20078125 0.27421875 0.08125 0.059375
0 0.18515625 0.3625 0.075 0.05625
0 0.19140625 0.42109375 0.08125 0.05625
0 0.2 0.5515625 0.075 0.05625
0 0.21953125 0.646875 0.078125 0.0625
0 0.23046875 0.70625 0.075 0.059375
0 0.28359375 0.7671875 0.084375 0.0578125
0 0.29765625 0.6359375 0.075 0.053125
0 0.259375 0.58828125 0.078125 0.05625
0 0.25625 0.509375 0.06875 0.0578125
0 0.25234375 0.45625 0.06875 0.05
0 0.27421875 0.403125 0.071875 0.05
0 0.25703125 0.34921875 0.075 0.05625
0 0.28359375 0.290625 0.071875 0.053125
0 0.25703125 0.2421875 0.075 0.05625
0 0.31953125 0.196875 0.071875 0.05625
0 0.3296875 0.2625 0.065625 0.05
0 0.33515625 0.3296875 0.071875 0.0546875
0 0.35234375 0.3796875 0.071875 0.05625
0 0.334375 0.4359375 0.071875 0.0546875
0 0.3234375 0.49140625 0.075 0.053125
0 0.31875 0.54765625 0.071875 0.05625
0 0.32734375 0.7125 0.06875 0.05625
0 0.33515625 0.809375 0.06875 0.05625
0 0.36015625 0.75390625 0.06875 0.05625
0 0.36171875 0.6578125 0.071875 0.0578125
0 0.38125 0.5984375 0.071875 0.05625
0 0.39375 0.5359375 0.065625 0.053125
0 0.39453125 0.48046875 0.065625 0.0515625
0 0.42578125 0.4015625 0.065625 0.05
0 0.40703125 0.346875 0.06875 0.0515625
0 0.3859375 0.3 0.06875 0.04375
0 0.40078125 0.2484375 0.06875 0.0546875
0 0.39296875 0.190625 0.065625 0.053125
0 0.45078125 0.2 0.059375 0.05
0 0.4765625 0.246875 0.065625 0.05
0 0.45703125 0.29765625 0.059375 0.0515625
0 0.47890625 0.3453125 0.065625 0.0546875
0 0.5 0.40625 0.071875 0.053125
0 0.45703125 0.45234375 0.0625 0.0546875
0 0.5046875 0.484375 0.0625 0.05
0 0.45390625 0.5125 0.065625 0.053125
0 0.5140625 0.54375 0.0625 0.053125
0 0.440625 0.57734375 0.065625 0.0515625
0 0.50703125 0.5953125 0.059375 0.046875
0 0.5046875 0.6453125 0.059375 0.05
0 0.43359375 0.6375 0.071875 0.053125
0 0.4078125 0.7 0.06875 0.05625
0 0.47734375 0.6921875 0.06875 0.053125
0 0.43515625 0.7453125 0.078125 0.0515625
0 0.503125 0.74140625 0.05625 0.059375
0 0.41875 0.80078125 0.071875 0.0546875
0 0.3796875 0.8515625 0.06875 0.065625
0 0.453125 0.846875 0.065625 0.0578125
0 0.484375 0.7953125 0.0625 0.053125
0 0.515625 0.8375 0.065625 0.0515625
0 0.55703125 0.78671875 0.06875 0.0546875
0 0.58359375 0.8375 0.0625 0.053125
0 0.571875 0.73125 0.0625 0.05
0 0.54765625 0.69296875 0.0625 0.0546875
0 0.6046875 0.66953125 0.059375 0.053125
0 0.57109375 0.6234375 0.0625 0.053125
0 0.565625 0.56796875 0.059375 0.05
0 0.55390625 0.51875 0.05625 0.0484375
0 0.61796875 0.5375 0.0625 0.0515625
0 0.64140625 0.61875 0.059375 0.046875
0 0.61953125 0.475 0.05625 0.053125
0 0.55859375 0.45 0.05625 0.05
0 0.61796875 0.425 0.05625 0.05
0 0.56484375 0.396875 0.059375 0.053125
0 0.55078125 0.34375 0.059375 0.05
0 0.521875 0.296875 0.053125 0.05
0 0.54296875 0.25 0.059375 0.053125
0 0.51796875 0.2046875 0.059375 0.05
0 0.5875 0.21328125 0.0625 0.046875
0 0.60390625 0.259375 0.059375 0.046875
0 0.58984375 0.3046875 0.059375 0.053125
0 0.6078125 0.3609375 0.059375 0.05
0 0.621875 0.7734375 0.065625 0.05
0 0.66328125 0.83203125 0.05625 0.05
0 0.68359375 0.7734375 0.065625 0.059375
0 0.709375 0.725 0.053125 0.0484375
0 0.65390625 0.71796875 0.065625 0.05
0 0.6671875 0.66875 0.05625 0.0515625
0 0.7140625 0.6765625 0.05 0.0484375
0 0.70859375 0.628125 0.05625 0.0515625
0 0.75234375 0.5765625 0.053125 0.0515625
0 0.6859375 0.5625 0.05625 0.0484375
0 0.71953125 0.53359375 0.05625 0.05
0 0.67421875 0.5046875 0.053125 0.046875
0 0.7171875 0.48203125 0.053125 0.04375
0 0.66484375 0.4515625 0.05625 0.046875
0 0.72265625 0.4265625 0.053125 0.04375
0 0.66796875 0.3984375 0.05 0.04375
0 0.71640625 0.3765625 0.05 0.0421875
0 0.71640625 0.33125 0.05625 0.046875
0 0.66328125 0.35 0.053125 0.04375
0 0.64453125 0.3015625 0.059375 0.046875
0 0.69296875 0.278125 0.040625 0.05625
0 0.64140625 0.234375 0.053125 0.040625