0 0.20078125 0.72578125 0.08125 0.059375
0 0.18515625 0.6375 0.075 0.05625
0 0.19140625 0.57890625 0.08125 0.05625
0 0.2 0.4484375 0.075 0.05625
0 0.21953125 0.353125 0.078125 0.0625
0 0.23046875 0.29375 0.075 0.059375
0 0.28359375 0.2328125 0.084375 0.0578125
0 0.29765625 0.3640625 0.075 0.053125
0 0.259375 0.41171875 0.078125 0.05625
0 0.25625 0.490625 0.06875 0.0578125
0 0.25234375 0.54375 0.06875 0.05
0 0.27421875 0.596875 0.071875 0.05
0 0.25703125 0.65078125 0.075 0.05625
0 0.28359375 0.709375 0.071875 0.053125
0 0.25703125 0.7578125 0.075 0.05625
0 0.31953125 0.803125 0.071875 0.05625
0 0.3296875 0.7375 0.065625 0.05
0 0.33515625 0.6703125 0.071875 0.0546875
0 0.35234375 0.6203125 0.071875 0.05625
0 0.334375 0.5640625 0.071875 0.0546875
0 0.3234375 0.50859375 0.075 0.053125
0 0.31875 0.45234375 0.071875 0.05625
0 0.32734375 0.2875 0.06875 0.05625
0 0.33515625 0.190625 0.06875 0.05625
0 0.36015625 0.24609375 0.06875 0.05625
0 0.36171875 0.3421875 0.071875 0.0578125
0 0.38125 0.4015625 0.071875 0.05625
0 0.39375 0.4640625 0.065625 0.053125
0 0.39453125 0.51953125 0.065625 0.0515625
0 0.42578125 0.5984375 0.065625 0.05
0 0.40703125 0.653125 0.06875 0.0515625
0 0.3859375 0.7 0.06875 0.04375
0 0.40078125 0.7515625 0.06875 0.0546875
0 0.39296875 0.809375 0.065625 0.053125
0 0.45078125 0.8 0.059375 0.05
0 0.4765625 0.753125 0.065625 0.05
0 0.45703125 0.70234375 0.059375 0.0515625
0 0.47890625 0.6546875 0.065625 0.0546875
0 0.5 0.59375 0.071875 0.053125
0 0.45703125 0.54765625 0.0625 0.0546875
0 0.5046875 0.515625 0.0625 0.05
0 0.45390625 0.4875 0.065625 0.053125
0 0.5140625 0.45625 0.0625 0.053125
0 0.440625 0.42265625 0.065625 0.0515625
0 0.50703125 0.4046875 0.059375 0.046875
0 0.5046875 0.3546875 0.059375 0.05
0 0.43359375 0.3625 0.071875 0.053125
0 0.4078125 0.3 0.06875 0.05625
0 0.47734375 0.3078125 0.06875 0.053125
0 0.43515625 0.2546875 0.078125 0.0515625
0 0.503125 0.25859375 0.05625 0.059375
0 0.41875 0.19921875 0.071875 0.0546875
0 0.3796875 0.1484375 0.06875 0.065625
0 0.453125 0.153125 0.065625 0.0578125
0 0.484375 0.2046875 0.0625 0.053125
0 0.515625 0.1625 0.065625 0.0515625
0 0.55703125 0.21328125 0.06875 0.0546875
0 0.58359375 0.1625 0.0625 0.053125
0 0.571875 0.26875 0.0625 0.05
0 0.54765625 0.30703125 0.0625 0.0546875
0 0.6046875 0.33046875 0.059375 0.053125
0 0.57109375 0.3765625 0.0625 0.053125
0 0.565625 0.43203125 0.059375 0.05
0 0.55390625 0.48125 0.05625 0.0484375
0 0.61796875 0.4625 0.0625 0.0515625
0 0.64140625 0.38125 0.059375 0.046875
0 0.61953125 0.525 0.05625 0.053125
0 0.55859375 0.55 0.05625 0.05
0 0.61796875 0.575 0.05625 0.05
0 0.56484375 0.603125 0.059375 0.053125
0 0.55078125 0.65625 0.059375 0.05
0 0.521875 0.703125 0.053125 0.05
0 0.54296875 0.75 0.059375 0.053125
0 0.51796875 0.7953125 0.059375 0.05
0 0.5875 0.78671875 0.0625 0.046875
0 0.60390625 0.740625 0.059375 0.046875
0 0.58984375 0.6953125 0.059375 0.053125
0 0.6078125 0.6390625 0.059375 0.05
0 0.621875 0.2265625 0.065625 0.05
0 0.66328125 0.16796875 0.05625 0.05
0 0.68359375 0.2265625 0.065625 0.059375
0 0.709375 0.275 0.053125 0.0484375
0 0.65390625 0.28203125 0.065625 0.05
0 0.6671875 0.33125 0.05625 0.0515625
0 0.7140625 0.3234375 0.05 0.0484375
0 0.70859375 0.371875 0.05625 0.0515625
0 0.75234375 0.4234375 0.053125 0.0515625
0 0.6859375 0.4375 0.05625 0.0484375
0 0.71953125 0.46640625 0.05625 0.05
0 0.67421875 0.4953125 0.053125 0.046875
0 0.7171875 0.51796875 0.053125 0.04375
0 0.66484375 0.5484375 0.05625 0.046875
0 0.72265625 0.5734375 0.053125 0.04375
0 0.66796875 0.6015625 0.05 0.04375
0 0.71640625 0.6234375 0.05 0.0421875
0 0.71640625 0.66875 0.05625 0.046875
0 0.66328125 0.65 0.053125 0.04375
0 0.64453125 0.6984375 0.059375 0.046875
0 0.69296875 0.721875 0.040625 0.05625
0 0.64140625 0.765625 0.053125 0.040625