0 0.23046875 0.6328125 0.0625 0.08125
0 0.2765625 0.69921875 0.05625 0.071875
0 0.33515625 0.6890625 0.053125 0.084375
0 0.39296875 0.69765625 0.053125 0.075
0 0.5421875 0.640625 0.046875 0.06875
0 0.5234375 0.5828125 0.0453125 0.071875
0 0.475 0.609375 0.05 0.075
0 0.49296875 0.64765625 0.046875 0.059375
0 0.440625 0.6640625 0.046875 0.06875
0 0.44765625 0.54296875 0.053125 0.0796875
0 0.359375 0.60625 0.053125 0.075
0 0.396875 0.509375 0.04375 0.075
0 0.37421875 0.434375 0.05 0.0734375
0 0.32890625 0.39375 0.053125 0.08125
0 0.275 0.3453125 0.05625 0.08125
0 0.284375 0.44140625 0.053125 0.0796875
0 0.2953125 0.53359375 0.053125 0.078125
0 0.22578125 0.45859375 0.05625 0.075
0 0.38828125 0.30078125 0.046875 0.0796875
0 0.41640625 0.24921875 0.046875 0.0765625
0 0.4390625 0.30390625 0.040625 0.06875
0 0.46328125 0.3875 0.04375 0.08125
0 0.48671875 0.28359375 0.04375 0.075
0 0.5265625 0.234375 0.0453125 0.08125
0 0.54765625 0.2875 0.0453125 0.075
0 0.5078125 0.35234375 0.0453125 0.06875
0 0.5265625 0.409375 0.040625 0.059375
0 0.540625 0.46953125 0.0421875 0.05625
0 0.57578125 0.415625 0.040625 0.0640625
0 0.5578125 0.34453125 0.046875 0.05625
0 0.59375 0.30390625 0.046875 0.075
0 0.5984375 0.34453125 0.0375 0.059375