0 0.3671875 0.23046875 0.08125 0.0625
0 0.30078125 0.2765625 0.071875 0.05625
0 0.3109375 0.33515625 0.084375 0.053125
0 0.30234375 0.39296875 0.075 0.053125
0 0.359375 0.5421875 0.06875 0.046875
0 0.4171875 0.5234375 0.071875 0.0453125
0 0.390625 0.475 0.075 0.05
0 0.35234375 0.49296875 0.059375 0.046875
0 0.3359375 0.440625 0.06875 0.046875
0 0.45703125 0.44765625 0.0796875 0.053125
0 0.39375 0.359375 0.075 0.053125
0 0.490625 0.396875 0.075 0.04375
0 0.565625 0.37421875 0.0734375 0.05
0 0.60625 0.32890625 0.08125 0.053125
0 0.6546875 0.275 0.08125 0.05625
0 0.55859375 0.284375 0.0796875 0.053125
0 0.46640625 0.2953125 0.078125 0.053125
0 0.54140625 0.22578125 0.075 0.05625
0 0.69921875 0.38828125 0.0796875 0.046875
0 0.75078125 0.41640625 0.0765625 0.046875
0 0.69609375 0.4390625 0.06875 0.040625
0 0.6125 0.46328125 0.08125 0.04375
0 0.71640625 0.48671875 0.075 0.04375
0 0.765625 0.5265625 0.08125 0.0453125
0 0.7125 0.54765625 0.075 0.0453125
0 0.64765625 0.5078125 0.06875 0.0453125
0 0.590625 0.5265625 0.059375 0.040625
0 0.53046875 0.540625 0.05625 0.0421875
0 0.584375 0.57578125 0.0640625 0.040625
0 0.65546875 0.5578125 0.05625 0.046875
0 0.69609375 0.59375 0.075 0.046875
0 0.65546875 0.5984375 0.059375 0.0375