0 0.76953125 0.6328125 0.0625 0.08125
0 0.7234375 0.69921875 0.05625 0.071875
0 0.66484375 0.6890625 0.053125 0.084375
0 0.60703125 0.69765625 0.053125 0.075
0 0.4578125 0.640625 0.046875 0.06875
0 0.4765625 0.5828125 0.0453125 0.071875
0 0.525 0.609375 0.05 0.075
0 0.50703125 0.64765625 0.046875 0.059375
0 0.559375 0.6640625 0.046875 0.06875
0 0.55234375 0.54296875 0.053125 0.0796875
0 0.640625 0.60625 0.053125 0.075
0 0.603125 0.509375 0.04375 0.075
0 0.62578125 0.434375 0.05 0.0734375
0 0.67109375 0.39375 0.053125 0.08125
0 0.725 0.3453125 0.05625 0.08125
0 0.715625 0.44140625 0.053125 0.0796875
0 0.7046875 0.53359375 0.053125 0.078125
0 0.77421875 0.45859375 0.05625 0.075
0 0.61171875 0.30078125 0.046875 0.0796875
0 0.58359375 0.24921875 0.046875 0.0765625
0 0.5609375 0.30390625 0.040625 0.06875
0 0.53671875 0.3875 0.04375 0.08125
0 0.51328125 0.28359375 0.04375 0.075
0 0.4734375 0.234375 0.0453125 0.08125
0 0.45234375 0.2875 0.0453125 0.075
0 0.4921875 0.35234375 0.0453125 0.06875
0 0.4734375 0.409375 0.040625 0.059375
0 0.459375 0.46953125 0.0421875 0.05625
0 0.42421875 0.415625 0.040625 0.0640625
0 0.4421875 0.34453125 0.046875 0.05625
0 0.40625 0.30390625 0.046875 0.075
0 0.4015625 0.34453125 0.0375 0.059375