0 0.24609375 0.528125 0.08125 0.065625
0 0.25703125 0.4609375 0.075 0.065625
0 0.2578125 0.39375 0.075 0.065625
0 0.2546875 0.3265625 0.078125 0.06875
0 0.23828125 0.253125 0.078125 0.0703125
0 0.29375 0.2 0.084375 0.0734375
0 0.31015625 0.284375 0.078125 0.071875
0 0.31171875 0.3578125 0.08125 0.0703125
0 0.315625 0.4265625 0.078125 0.0671875
0 0.31484375 0.496875 0.08125 0.0671875
0 0.31796875 0.5671875 0.078125 0.06875
0 0.38359375 0.6046875 0.08125 0.071875
0 0.38515625 0.5359375 0.08125 0.071875
0 0.38828125 0.46328125 0.0875 0.075
0 0.38671875 0.390625 0.084375 0.071875
0 0.3859375 0.31875 0.0875 0.071875
0 0.37109375 0.2296875 0.084375 0.0734375
0 0.365625 0.1515625 0.0875 0.075
0 0.44375 0.10703125 0.09375 0.0765625
0 0.44765625 0.1859375 0.09375 0.078125
0 0.45390625 0.2671875 0.090625 0.075
0 0.46328125 0.3484375 0.090625 0.075
0 0.46484375 0.425 0.0875 0.071875
0 0.46171875 0.4984375 0.0875 0.071875
0 0.46171875 0.5703125 0.0875 0.06875
0 0.45859375 0.6421875 0.0875 0.071875
0 0.53828125 0.684375 0.09375 0.071875
0 0.54609375 0.609375 0.09375 0.071875
0 0.5421875 0.5359375 0.09375 0.075
0 0.5421875 0.459375 0.09375 0.075
0 0.546875 0.3828125 0.096875 0.071875
0 0.54375 0.30625 0.103125 0.078125
0 0.54296875 0.228125 0.096875 0.078125
0 0.53671875 0.1453125 0.096875 0.078125
0 0.528125 0.06171875 0.1 0.078125
0 0.62109375 0.0921875 0.1 0.08125
0 0.62578125 0.178125 0.103125 0.08125
0 0.62578125 0.25859375 0.103125 0.08125
0 0.62578125 0.3421875 0.096875 0.078125
0 0.6203125 0.41953125 0.1 0.0796875
0 0.62578125 0.4984375 0.103125 0.075
0 0.63046875 0.575 0.103125 0.075
0 0.6234375 0.65546875 0.096875 0.0765625
0 0.71484375 0.61953125 0.10625 0.0796875
0 0.721875 0.5375 0.109375 0.0765625
0 0.709375 0.4578125 0.115625 0.084375
0 0.7078125 0.3734375 0.10625 0.084375
0 0.71796875 0.2078125 0.10625 0.08125
0 0.7171875 0.1203125 0.109375 0.08125
0 0.721875 0.98515625 0.078125 0.0296875
0 0.62890625 0.96640625 0.090625 0.0671875
0 0.546875 0.9765625 0.096875 0.046875
0 0.46484375 0.98671875 0.08125 0.0265625
0 0.328125 0.9703125 0.075 0.059375
0 0.271875 0.9796875 0.071875 0.040625
0 0.26953125 0.9296875 0.075 0.0640625
0 0.26640625 0.8671875 0.071875 0.059375
0 0.25703125 0.80625 0.075 0.0625
0 0.27109375 0.734375 0.078125 0.0625
0 0.33828125 0.709375 0.078125 0.06875
0 0.3359375 0.7734375 0.078125 0.06875
0 0.32421875 0.84765625 0.078125 0.0625
0 0.3296875 0.9109375 0.08125 0.065625
0 0.39609375 0.959375 0.08125 0.0640625
0 0.40078125 0.8875 0.078125 0.06875
0 0.40625 0.8171875 0.084375 0.06875
0 0.40234375 0.75 0.08125 0.065625
0 0.4046875 0.6828125 0.08125 0.065625
0 0.4796875 0.721875 0.0875 0.06875
0 0.47578125 0.79140625 0.0875 0.071875
0 0.47734375 0.8625 0.090625 0.071875
0 0.46953125 0.940625 0.0875 0.06875
0 0.55078125 0.9140625 0.09375 0.071875
0 0.5515625 0.8375 0.090625 0.06875
0 0.5515625 0.7671875 0.090625 0.0734375
0 0.63203125 0.81328125 0.09375 0.075
0 0.6328125 0.88828125 0.1 0.075
0 0.7171875 0.8671875 0.103125 0.0765625
0 0.71796875 0.93984375 0.10625 0.0734375
0 0.9125 0.371875 0.053125 0.0359375
0 0.89765625 0.409375 0.05 0.0359375
0 0.88359375 0.446875 0.05 0.0375
0 0.86953125 0.4828125 0.046875 0.0375
0 0.85390625 0.5171875 0.040625 0.0359375
0 0.84140625 0.55390625 0.0375 0.034375
0 0.828125 0.5890625 0.0375 0.034375
0 0.85703125 0.61796875 0.05 0.0390625
0 0.87578125 0.58125 0.05 0.0375
0 0.88515625 0.54453125 0.053125 0.0359375
0 0.90078125 0.509375 0.05625 0.034375
0 0.91796875 0.4734375 0.053125 0.040625
0 0.93515625 0.43671875 0.053125 0.0359375
0 0.95 0.4 0.053125 0.0375
0 0.96484375 0.359375 0.05625 0.040625
0 0.98828125 0.38828125 0.0234375 0.0359375
0 0.98359375 0.42578125 0.0328125 0.0421875
0 0.971875 0.4625 0.05625 0.0375
0 0.95625 0.5 0.05625 0.0375
0 0.93984375 0.5359375 0.05625 0.0375
0 0.92734375 0.5734375 0.05625 0.040625
0 0.91015625 0.6109375 0.05625 0.0390625
0 0.896875 0.6484375 0.05625 0.040625
0 0.9515625 0.640625 0.05625 0.040625
0 0.965625 0.603125 0.053125 0.0390625
0 0.97578125 0.56015625 0.0484375 0.0265625
0 0.98359375 0.52890625 0.0328125 0.0390625
0 0.98828125 0.63046875 0.021875 0.0359375