0 0.528125 0.75390625 0.065625 0.08125
0 0.4609375 0.74296875 0.065625 0.075
0 0.39375 0.7421875 0.065625 0.075
0 0.3265625 0.7453125 0.06875 0.078125
0 0.253125 0.76171875 0.0703125 0.078125
0 0.2 0.70625 0.0734375 0.084375
0 0.284375 0.68984375 0.071875 0.078125
0 0.3578125 0.68828125 0.0703125 0.08125
0 0.4265625 0.684375 0.0671875 0.078125
0 0.496875 0.68515625 0.0671875 0.08125
0 0.5671875 0.68203125 0.06875 0.078125
0 0.6046875 0.61640625 0.071875 0.08125
0 0.5359375 0.61484375 0.071875 0.08125
0 0.46328125 0.61171875 0.075 0.0875
0 0.390625 0.61328125 0.071875 0.084375
0 0.31875 0.6140625 0.071875 0.0875
0 0.2296875 0.62890625 0.0734375 0.084375
0 0.1515625 0.634375 0.075 0.0875
0 0.10703125 0.55625 0.0765625 0.09375
0 0.1859375 0.55234375 0.078125 0.09375
0 0.2671875 0.54609375 0.075 0.090625
0 0.3484375 0.53671875 0.075 0.090625
0 0.425 0.53515625 0.071875 0.0875
0 0.4984375 0.53828125 0.071875 0.0875
0 0.5703125 0.53828125 0.06875 0.0875
0 0.6421875 0.54140625 0.071875 0.0875
0 0.684375 0.46171875 0.071875 0.09375
0 0.609375 0.45390625 0.071875 0.09375
0 0.5359375 0.4578125 0.075 0.09375
0 0.459375 0.4578125 0.075 0.09375
0 0.3828125 0.453125 0.071875 0.096875
0 0.30625 0.45625 0.078125 0.103125
0 0.228125 0.45703125 0.078125 0.096875
0 0.1453125 0.46328125 0.078125 0.096875
0 0.06171875 0.471875 0.078125 0.1
0 0.0921875 0.37890625 0.08125 0.1
0 0.178125 0.37421875 0.08125 0.103125
0 0.25859375 0.37421875 0.08125 0.103125
0 0.3421875 0.37421875 0.078125 0.096875
0 0.41953125 0.3796875 0.0796875 0.1
0 0.4984375 0.37421875 0.075 0.103125
0 0.575 0.36953125 0.075 0.103125
0 0.65546875 0.3765625 0.0765625 0.096875
0 0.61953125 0.28515625 0.0796875 0.10625
0 0.5375 0.278125 0.0765625 0.109375
0 0.4578125 0.290625 0.084375 0.115625
0 0.3734375 0.2921875 0.084375 0.10625
0 0.2078125 0.28203125 0.08125 0.10625
0 0.1203125 0.2828125 0.08125 0.109375
0 0.98515625 0.278125 0.0296875 0.078125
0 0.96640625 0.37109375 0.0671875 0.090625
0 0.9765625 0.453125 0.046875 0.096875
0 0.98671875 0.53515625 0.0265625 0.08125
0 0.9703125 0.671875 0.059375 0.075
0 0.9796875 0.728125 0.040625 0.071875
0 0.9296875 0.73046875 0.0625 0.075
0 0.8671875 0.73359375 0.059375 0.071875
0 0.80625 0.74296875 0.0625 0.075
0 0.734375 0.72890625 0.0625 0.078125
0 0.709375 0.66171875 0.06875 0.078125
0 0.7734375 0.6640625 0.06875 0.078125
0 0.84765625 0.67578125 0.0625 0.078125
0 0.9109375 0.6703125 0.065625 0.08125
0 0.959375 0.60390625 0.0640625 0.08125
0 0.8875 0.59921875 0.06875 0.078125
0 0.8171875 0.59375 0.06875 0.084375
0 0.75 0.59765625 0.065625 0.08125
0 0.6828125 0.5953125 0.065625 0.08125
0 0.721875 0.5203125 0.06875 0.0875
0 0.79140625 0.52421875 0.071875 0.0875
0 0.8625 0.52265625 0.071875 0.090625
0 0.940625 0.53046875 0.06875 0.0875
0 0.9140625 0.44921875 0.071875 0.09375
0 0.8375 0.4484375 0.06875 0.090625
0 0.7671875 0.4484375 0.0734375 0.090625
0 0.81328125 0.36796875 0.075 0.09375
0 0.88828125 0.3671875 0.075 0.1
0 0.8671875 0.2828125 0.0765625 0.103125
0 0.93984375 0.28203125 0.0734375 0.10625
0 0.371875 0.0875 0.0359375 0.053125
0 0.409375 0.10234375 0.0359375 0.05
0 0.446875 0.11640625 0.0375 0.05
0 0.4828125 0.13046875 0.0375 0.046875
0 0.5171875 0.14609375 0.0359375 0.040625
0 0.55390625 0.15859375 0.034375 0.0375
0 0.5890625 0.171875 0.034375 0.0375
0 0.61796875 0.14296875 0.0390625 0.05
0 0.58125 0.12421875 0.0375 0.05
0 0.54453125 0.11484375 0.0359375 0.053125
0 0.509375 0.09921875 0.034375 0.05625
0 0.4734375 0.08203125 0.040625 0.053125
0 0.43671875 0.06484375 0.0359375 0.053125
0 0.4 0.05 0.0375 0.053125
0 0.359375 0.03515625 0.040625 0.05625
0 0.38828125 0.01171875 0.0359375 0.0234375
0 0.42578125 0.01640625 0.0421875 0.0328125
0 0.4625 0.028125 0.0375 0.05625
0 0.5 0.04375 0.0375 0.05625
0 0.5359375 0.06015625 0.0375 0.05625
0 0.5734375 0.07265625 0.040625 0.05625
0 0.6109375 0.08984375 0.0390625 0.05625
0 0.6484375 0.103125 0.040625 0.05625
0 0.640625 0.0484375 0.040625 0.05625
0 0.603125 0.034375 0.0375 0.053125
0 0.56015625 0.02421875 0.0265625 0.0484375
0 0.52890625 0.01640625 0.0390625 0.0328125
0 0.63046875 0.01171875 0.0359375 0.021875