0 0.28671875 0.91640625 0.1421875 0.071875
0 0.409375 0.82734375 0.11875 0.05625
0 0.31171875 0.78671875 0.140625 0.071875
0 0.54609375 0.790625 0.159375 0.075
0 0.68046875 0.74140625 0.134375 0.065625
0 0.77734375 0.70546875 0.128125 0.0640625
0 0.7765625 0.64140625 0.1390625 0.0625
0 0.7734375 0.5875 0.121875 0.05
0 0.8796875 0.56015625 0.11875 0.05
0 0.52421875 0.72109375 0.15625 0.071875
0 0.45 0.74296875 0.1078125 0.0609375
0 0.4515625 0.6828125 0.121875 0.0625
0 0.34609375 0.7140625 0.121875 0.0625
0 0.3359375 0.6515625 0.1171875 0.0625
0 0.44140625 0.6171875 0.121875 0.059375
0 0.540625 0.6484375 0.13125 0.0625
0 0.671875 0.6765625 0.125 0.05625
0 0.64921875 0.61328125 0.140625 0.065625
0 0.35625 0.58671875 0.11875 0.05625
0 0.47421875 0.55859375 0.134375 0.0625
0 0.4265625 0.54453125 0.09375 0.0453125
0 0.36328125 0.51953125 0.1125 0.053125
0 0.4734375 0.46875 0.159375 0.071875
0 0.3734375 0.459375 0.0875 0.0546875
0 0.6625 0.5515625 0.1265625 0.05625
0 0.76953125 0.5140625 0.134375 0.059375
0 0.25078125 0.42734375 0.1078125 0.053125
0 0.12109375 0.40859375 0.1078125 0.05625
0 0.8015625 0.47265625 0.1203125 0.0484375
0 0.68828125 0.4890625 0.1109375 0.053125
0 0.52421875 0.4359375 0.1234375 0.053125
0 0.95078125 0.25625 0.0953125 0.040625
0 0.90078125 0.30546875 0.125 0.05
0 0.79296875 0.32734375 0.1046875 0.053125
0 0.815625 0.41953125 0.1234375 0.053125
0 0.67109375 0.38359375 0.128125 0.05625
0 0.6625 0.3328125 0.1171875 0.0484375
0 0.5453125 0.24609375 0.1265625 0.05
0 0.43984375 0.20078125 0.121875 0.053125
0 0.5109375 0.30859375 0.115625 0.040625
0 0.4859375 0.33671875 0.134375 0.0609375
0 0.3875 0.37421875 0.1375 0.0640625
0 0.38046875 0.303125 0.1125 0.0515625
0 0.27890625 0.33671875 0.1234375 0.0625
0 0.184375 0.36171875 0.1109375 0.0546875
0 0.2625 0.31171875 0.121875 0.0453125
0 0.86796875 0.08671875 0.121875 0.0484375