0 0.28671875 0.08359375 0.1421875 0.071875
0 0.409375 0.17265625 0.11875 0.05625
0 0.31171875 0.21328125 0.140625 0.071875
0 0.54609375 0.209375 0.159375 0.075
0 0.68046875 0.25859375 0.134375 0.065625
0 0.77734375 0.29453125 0.128125 0.0640625
0 0.7765625 0.35859375 0.1390625 0.0625
0 0.7734375 0.4125 0.121875 0.05
0 0.8796875 0.43984375 0.11875 0.05
0 0.52421875 0.27890625 0.15625 0.071875
0 0.45 0.25703125 0.1078125 0.0609375
0 0.4515625 0.3171875 0.121875 0.0625
0 0.34609375 0.2859375 0.121875 0.0625
0 0.3359375 0.3484375 0.1171875 0.0625
0 0.44140625 0.3828125 0.121875 0.059375
0 0.540625 0.3515625 0.13125 0.0625
0 0.671875 0.3234375 0.125 0.05625
0 0.64921875 0.38671875 0.140625 0.065625
0 0.35625 0.41328125 0.11875 0.05625
0 0.47421875 0.44140625 0.134375 0.0625
0 0.4265625 0.45546875 0.09375 0.0453125
0 0.36328125 0.48046875 0.1125 0.053125
0 0.4734375 0.53125 0.159375 0.071875
0 0.3734375 0.540625 0.0875 0.0546875
0 0.6625 0.4484375 0.1265625 0.05625
0 0.76953125 0.4859375 0.134375 0.059375
0 0.25078125 0.57265625 0.1078125 0.053125
0 0.12109375 0.59140625 0.1078125 0.05625
0 0.8015625 0.52734375 0.1203125 0.0484375
0 0.68828125 0.5109375 0.1109375 0.053125
0 0.52421875 0.5640625 0.1234375 0.053125
0 0.95078125 0.74375 0.0953125 0.040625
0 0.90078125 0.69453125 0.125 0.05
0 0.79296875 0.67265625 0.1046875 0.053125
0 0.815625 0.58046875 0.1234375 0.053125
0 0.67109375 0.61640625 0.128125 0.05625
0 0.6625 0.6671875 0.1171875 0.0484375
0 0.5453125 0.75390625 0.1265625 0.05
0 0.43984375 0.79921875 0.121875 0.053125
0 0.5109375 0.69140625 0.115625 0.040625
0 0.4859375 0.66328125 0.134375 0.0609375
0 0.3875 0.62578125 0.1375 0.0640625
0 0.38046875 0.696875 0.1125 0.0515625
0 0.27890625 0.66328125 0.1234375 0.0625
0 0.184375 0.63828125 0.1109375 0.0546875
0 0.2625 0.68828125 0.121875 0.0453125
0 0.86796875 0.91328125 0.121875 0.0484375